0,0,0,0,0,0,0,0,0,0,-0.16459,-0.11987,-0.16999,-0.18433,-0.16297,-0.15035,-0.18773,-0.19838,-0.19506,-0.10828,-0.12261,-0.12293,-0.12093,-0.15056,-0.15732,-0.13133,-0.14997,-0.16533,-0.049223,-0.074397,-0.088045,-0.008848,-0.012361,-0.12925,-0.096117,-0.1178,-0.15304,-0.056455,-0.0084073,-0.077482,-0.027739,0.032374,0.042198,0.016393,0.078512,0.12579,0.022613,0.11483,-0.19129,0,0,0,0,0,0,0,0,0,0,0,0,0,0,0,0,0,0,0,0,0,0,0,0,0,0,0,0,0,0,0,0,0,0,0,0,0,0,0,0,0,0,0,0,0,0,0,0,0,0,0,0,0,0,0,0,0,0,0,1.0461,1.045,1.0221,0.99886,0.99427,0.99717,0.94151,0.95527,1.0114,1.0092,1.0039,0.99127,1.0058,1.002,0.99532,1.0076,1.016,1.017,1.0409,0.986,1.0147,1.0407,1.0353,1.0152,1.054,1.045,1.0257,1.0488,1.0505,1.0475,1.04,0.9831,0.9972,1.0123,1.0493,1.0635,1.0278,1.0265,1.03,2.2204e-16,2.2204e-16,0,0,4.4409e-16,-1.1102e-16,0,-2.2204e-16,0,4.4409e-16,0,0,0,4.4409e-16,0,0,-4.4409e-16,0,0,-8.6736e-19,-6.9389e-18,0,0,0,0,-8.8818e-16,0,-5.5511e-17,0,0,0,0,0,0,0,0,0,0,0,0,4.4409e-16,0,0,0,0,8.8818e-16,4.311,14.405,-10.625,-20.857,6.3139
0.0057908,0.041002,-0.0084446,-0.046524,0.039082,0.00034846,0.033187,-0.026336,0.010841,-0.00026596,-0.16464,-0.12003,-0.16987,-0.18453,-0.16353,-0.15099,-0.18831,-0.19892,-0.19528,-0.10822,-0.12278,-0.12301,-0.12091,-0.15059,-0.15718,-0.13112,-0.14911,-0.16475,-0.048898,-0.074519,-0.08836,-0.0096867,-0.013476,-0.12924,-0.096589,-0.1135,-0.15032,-0.053406,-0.0057174,-0.077306,-0.026033,0.031807,0.039778,0.01848,0.078502,0.12718,0.021513,0.11513,-0.1913,5.9333,0,11.154,0,-0.93069,0,0,0,0,0,0.045938,0,0.08601,0,-0.0071819,0,0,0,0,0,0,0,0,0,0,0,0,0,0,0,0,0,0,0,0,0,0,0,0,0,0,0,0,0,0.25093,-0.33793,0,0,0,0,0,0,0,0,0,0,0,0,0,1.0461,1.045,1.0221,0.99886,0.99427,0.99717,0.94151,0.95527,1.0114,1.0092,1.0039,0.99127,1.0058,1.002,0.99532,1.0076,1.016,1.017,1.0409,0.986,1.0147,1.0407,1.0353,1.0152,1.054,1.045,1.0257,1.0488,1.0505,1.0461,1.0022,0.99648,1.0339,0.98196,1.0382,1.0326,1.0421,1.0403,1.0294,0.002796,-0.0026535,-0.019961,0.039889,-0.016779,0.01539,-0.035522,0.028077,-0.013001,-0.0015274,-0.029128,-0.0061728,-0.056694,-0.0066243,-0.0085755,-0.0087115,0.054889,0.0082766,-0.063413,0.0021378,-0.0023943,0.005634,-0.0076302,-0.0078663,-0.075285,-0.0062897,0.039583,0.033893,0.036084,-0.11218,-0.03856,0.033325,0.032356,0.039385,0.030968,0.0082389,-0.033629,0.064119,-0.16262,-0.047321,0.11462,0.028824,0.028078,0.026177,0.051961,-0.091468,4.311,14.405,-10.625,-20.857,6.3139
0.024896,0.055938,0.053079,0.0046879,-0.00060248,0.015333,0.041822,-0.023088,0.040813,-0.00033248,-0.16461,-0.11987,-0.16896,-0.1831,-0.16174,-0.14909,-0.18659,-0.19729,-0.19468,-0.10656,-0.12105,-0.12142,-0.11932,-0.14916,-0.15604,-0.13009,-0.14758,-0.16347,-0.049347,-0.07374,-0.087308,-0.0085921,-0.011918,-0.12814,-0.097392,-0.1092,-0.14728,-0.04994,-0.0024902,-0.075887,-0.020673,0.033277,0.036868,0.020988,0.079104,0.13138,0.018462,0.11765,-0.19134,9.2113,0,17.725,0,-1.473,0,0,0,0,0,0.15529,0,0.29393,0,-0.024497,0,0,0,0,0,0,0,0,0,0,0,0,0,0,0,0,0,0,0,0,0,0,0,0,0,0,0,0,0,0.45769,-0.64356,0,0,0,0,0,0,0,0,0,0,0,0,0,1.0461,1.045,1.0221,0.99886,0.99427,0.99717,0.94151,0.95527,1.0114,1.0092,1.0039,0.99127,1.0058,1.002,0.99532,1.0076,1.016,1.017,1.0409,0.986,1.0147,1.0407,1.0353,1.0152,1.054,1.045,1.0257,1.0488,1.0505,1.0451,0.99246,0.9989,1.0366,0.98165,1.0366,1.0262,1.0454,1.0422,1.0289,-0.00034331,-4.6429e-05,-0.072999,0.16223,-0.090668,-0.0098286,-0.065171,0.0001812,-0.012812,0.011844,0.014825,0.013006,-0.035339,0.009989,0.018952,0.017865,0.0399,0.027181,-0.070714,-0.0010605,-0.0023049,0.021455,0.0056624,0.0032562,-0.13264,0.073228,0.038263,0.022221,0.067535,-0.20279,0.13035,-0.058057,-0.05858,0.036156,-0.021049,0.055147,-0.02001,-0.0034745,-0.33665,0.041047,0.20678,0.048123,0.046845,0.043566,0.086007,-0.0042024,4.311,14.405,-10.625,-20.857,6.3139
0.063498,0.042556,0.16456,0.058313,-0.021724,0.044537,0.024859,0.040326,0.073049,0.0021644,-0.16349,-0.11698,-0.16519,-0.17841,-0.1569,-0.14411,-0.182,-0.19289,-0.19295,-0.10011,-0.11512,-0.11554,-0.11328,-0.14399,-0.15188,-0.12633,-0.14333,-0.15942,-0.046672,-0.07299,-0.083834,-0.0053713,-0.0086707,-0.12447,-0.095195,-0.10237,-0.14165,-0.043745,0.0035483,-0.071677,-0.015893,0.044186,0.040692,0.019064,0.082078,0.13461,0.019032,0.12334,-0.19128,10.705,0,21.403,0,-1.767,0,0,0,0,0,0.29605,0,0.56998,0,-0.047363,0,0,0,0,0,0,0,0,0,0,0,0,0,0,0,0,0,0,0,0,0,0,0,0,0,0,0,0,0,0.62806,-0.91999,0,0,0,0,0,0,0,0,0,0,0,0,0,1.0461,1.045,1.0221,0.99886,0.99427,0.99717,0.94151,0.95527,1.0114,1.0092,1.0039,0.99127,1.0058,1.002,0.99532,1.0076,1.016,1.017,1.0409,0.986,1.0147,1.0407,1.0353,1.0152,1.054,1.045,1.0257,1.0488,1.0505,1.0444,0.98989,0.99903,1.0368,0.98183,1.0365,1.0248,1.0463,1.0425,1.0285,-0.04734,0.045354,-0.13511,0.25115,-0.16829,-0.054061,-0.086676,-0.011205,-0.049434,0.049235,0.066942,0.052807,-0.1514,0.046663,0.08999,0.087578,0.16195,0.12321,-0.29431,-0.0022621,-0.0060581,0.10858,0.051849,0.046027,-0.18823,0.13143,0.059932,0.037683,0.092411,-0.28648,0.04234,0.085066,0.083634,0.055175,-0.023995,0.074843,-0.032655,0.0046437,-0.49448,0.11302,0.29373,0.0627,0.060599,0.054936,0.10795,-0.025025,4.311,14.405,-10.625,-20.857,6.3139
0.12408,0.080666,0.22861,0.045333,0.04786,0.067067,0.0464,0.10268,0.10752,0.010916,-0.16033,-0.10959,-0.1574,-0.16968,-0.14834,-0.1354,-0.1739,-0.18508,-0.18957,-0.088343,-0.10441,-0.10475,-0.10222,-0.13449,-0.14434,-0.1196,-0.13575,-0.15178,-0.041767,-0.06979,-0.077692,0.00021996,-0.0034735,-0.11798,-0.087986,-0.091895,-0.13251,-0.034094,0.012985,-0.062404,-0.010301,0.064478,0.046013,0.019946,0.087741,0.13774,0.026435,0.13233,-0.19069,11.043,0,23.266,0,-1.9039,0,0,0,0,0,0.44716,0,0.88039,0,-0.072872,0,0,0,0,0,0,0,0,0,0,0,0,0,0,0,0,0,0,0,0,0,0,0,0,0,0,0,0,0,0.76844,-1.17,0,0,0,0,0,0,0,0,0,0,0,0,0,1.0461,1.045,1.0221,0.99886,0.99427,0.99717,0.94151,0.95527,1.0114,1.0092,1.0039,0.99127,1.0058,1.002,0.99532,1.0076,1.016,1.017,1.0409,0.986,1.0147,1.0407,1.0353,1.0152,1.054,1.045,1.0257,1.0488,1.0505,1.0439,0.98948,0.99817,1.0367,0.98208,1.0364,1.0247,1.0465,1.0426,1.0281,-0.15982,0.15549,-0.16374,0.27457,-0.28032,-0.098487,-0.075007,0.0012304,-0.11033,0.11313,0.12238,0.11438,-0.39654,0.10445,0.20799,0.20363,0.40971,0.28916,-0.71262,-0.00049075,-0.012273,0.26388,0.14221,0.13317,-0.28688,0.22899,0.10403,0.078961,0.084366,-0.38039,0.011433,0.21186,0.2066,0.096625,0.020231,0.069629,-0.071138,0.084913,-0.60602,0.10259,0.39117,0.081822,0.078802,0.070516,0.13824,-0.14914,4.311,14.405,-10.625,-20.857,6.3139
0.17692,0.15847,0.23301,0.08038,0.10639,0.092379,0.10192,0.13466,0.14601,0.029677,-0.1546,-0.097634,-0.14551,-0.15698,-0.13566,-0.1225,-0.16181,-0.1734,-0.18387,-0.072818,-0.089784,-0.090087,-0.087381,-0.12121,-0.13342,-0.10966,-0.12466,-0.1404,-0.03427,-0.062047,-0.068519,0.0086612,0.0049211,-0.10828,-0.076224,-0.077738,-0.11976,-0.02078,0.026084,-0.047124,0.0016515,0.087806,0.051575,0.028118,0.095563,0.14507,0.038475,0.14499,-0.18876,10.671,0,24.003,0,-1.9428,0,0,0,0,0,0.59543,0,1.2042,0,-0.099207,0,0,0,0,0,0,0,0,0,0,0,0,0,0,0,0,0,0,0,0,0,0,0,0,0,0,0,0,0,0.88411,-1.3961,0,0,0,0,0,0,0,0,0,0,0,0,0,1.0461,1.045,1.0221,0.99886,0.99427,0.99717,0.94151,0.95527,1.0114,1.0092,1.0039,0.99127,1.0058,1.002,0.99532,1.0076,1.016,1.017,1.0409,0.986,1.0147,1.0407,1.0353,1.0152,1.054,1.045,1.0257,1.0488,1.0505,1.0435,0.98957,0.99696,1.0368,0.98207,1.0365,1.0248,1.0466,1.0426,1.0278,-0.32518,0.31817,-0.15892,0.2993,-0.47928,-0.13737,-0.035171,0.003034,-0.15477,0.19715,0.20859,0.19732,-0.60653,0.18347,0.36721,0.36023,0.62224,0.45213,-1.0911,0.00031134,-0.016321,0.41969,0.25014,0.2375,-0.41869,0.36032,0.16252,0.1216,0.04829,-0.47982,0.15709,0.19358,0.18361,0.15161,0.025463,0.11601,-0.11007,0.12521,-0.68765,0.089401,0.49421,0.10125,0.097284,0.086279,0.16878,-0.18588,4.311,14.405,-10.625,-20.857,6.3139
0.19479,0.20164,0.24373,0.16491,0.12767,0.14433,0.15156,0.1613,0.18472,0.060581,-0.14603,-0.08224,-0.13,-0.14073,-0.11929,-0.10585,-0.14606,-0.15811,-0.17526,-0.054547,-0.072076,-0.07241,-0.06961,-0.10458,-0.11853,-0.095487,-0.10961,-0.12519,-0.021496,-0.049747,-0.055146,0.021295,0.017783,-0.094325,-0.061078,-0.060093,-0.10332,-0.0037657,0.042947,-0.028267,0.020128,0.11135,0.063894,0.03984,0.10717,0.15787,0.053221,0.16154,-0.18435,9.8945,0,24.047,0,-1.922,0,0,0,0,0,0.73315,0,1.5285,0,-0.12526,0,0,0,0,0,0,0,0,0,0,0,0,0,0,0,0,0,0,0,0,0,0,0,0,0,0,0,0,0,0.97942,-1.6006,0,0,0,0,0,0,0,0,0,0,0,0,0,1.0461,1.045,1.0221,0.99886,0.99427,0.99717,0.94151,0.95527,1.0114,1.0092,1.0039,0.99127,1.0058,1.002,0.99532,1.0076,1.016,1.017,1.0409,0.986,1.0147,1.0407,1.0353,1.0152,1.054,1.045,1.0257,1.0488,1.0505,1.0432,0.9895,0.99594,1.0369,0.98209,1.0365,1.0249,1.0466,1.0427,1.0275,-0.50635,0.49641,-0.16728,0.33111,-0.68667,-0.17301,-0.01115,-0.0063778,-0.18424,0.2891,0.31317,0.28952,-0.73549,0.27245,0.54493,0.53484,0.75479,0.57029,-1.3445,-0.00041045,-0.018467,0.53284,0.33057,0.31383,-0.51916,0.43521,0.2228,0.15876,0.027973,-0.56395,0.19098,0.22878,0.21454,0.20723,-0.00012766,0.19239,-0.14272,0.12745,-0.77286,0.10819,0.58196,0.11582,0.11094,0.097267,0.18977,-0.11477,4.311,14.405,-10.625,-20.857,6.3139
0.19847,0.20097,0.28942,0.20308,0.17523,0.20642,0.19338,0.19168,0.21859,0.10321,-0.13425,-0.064408,-0.11146,-0.1214,-0.10001,-0.086349,-0.1274,-0.13986,-0.16325,-0.033265,-0.05141,-0.051719,-0.048758,-0.084673,-0.099634,-0.076992,-0.090755,-0.10647,-0.0035585,-0.033134,-0.037026,0.039096,0.035533,-0.075959,-0.043185,-0.039281,-0.08342,0.016675,0.063314,-0.0086671,0.040408,0.13782,0.082795,0.054682,0.1248,0.17511,0.070886,0.18176,-0.17624,8.9237,0,23.678,0,-1.8661,0,0,0,0,0,0.85632,0,1.8456,0,-0.15038,0,0,0,0,0,0,0,0,0,0,0,0,0,0,0,0,0,0,0,0,0,0,0,0,0,0,0,0,0,1.058,-1.7856,0,0,0,0,0,0,0,0,0,0,0,0,0,1.0461,1.045,1.0221,0.99886,0.99427,0.99717,0.94151,0.95527,1.0114,1.0092,1.0039,0.99127,1.0058,1.002,0.99532,1.0076,1.016,1.017,1.0409,0.986,1.0147,1.0407,1.0353,1.0152,1.054,1.045,1.0257,1.0488,1.0505,1.0429,0.98935,0.99508,1.0368,0.98224,1.0366,1.0249,1.0466,1.0427,1.0273,-0.66708,0.65368,-0.2169,0.32323,-0.79215,-0.21096,-0.0256,-0.0023322,-0.22913,0.37591,0.39857,0.37411,-0.87805,0.35435,0.71089,0.69718,0.89981,0.67169,-1.5942,0.00016265,-0.022156,0.62732,0.37695,0.35653,-0.56103,0.4651,0.25121,0.18114,0.045628,-0.62693,0.11832,0.32726,0.30872,0.23117,0.0056182,0.20554,-0.1611,0.14693,-0.87241,0.11873,0.6481,0.12439,0.11873,0.1027,0.19978,-0.084916,4.311,14.405,-10.625,-20.857,6.3139
0.2256,0.21424,0.33504,0.2145,0.23215,0.2438,0.23775,0.21724,0.24529,0.15525,-0.11856,-0.043985,-0.09003,-0.099076,-0.077936,-0.06412,-0.10585,-0.11865,-0.14719,-0.0085388,-0.027537,-0.027738,-0.024522,-0.061506,-0.077295,-0.05498,-0.068647,-0.084639,0.01755,-0.012284,-0.014914,0.061355,0.057582,-0.053957,-0.022552,-0.015656,-0.060503,0.040048,0.086643,0.012274,0.06084,0.16922,0.10355,0.075242,0.14756,0.19667,0.091358,0.20501,-0.16338,7.8944,0,23.068,0,-1.7908,0,0,0,0,0,0.96344,0,2.1511,0,-0.17419,0,0,0,0,0,0,0,0,0,0,0,0,0,0,0,0,0,0,0,0,0,0,0,0,0,0,0,0,0,1.1227,-1.9529,0,0,0,0,0,0,0,0,0,0,0,0,0,1.0461,1.045,1.0221,0.99886,0.99427,0.99717,0.94151,0.95527,1.0114,1.0092,1.0039,0.99127,1.0058,1.002,0.99532,1.0076,1.016,1.017,1.0409,0.986,1.0147,1.0407,1.0353,1.0152,1.054,1.045,1.0257,1.0488,1.0505,1.0427,0.98939,0.99406,1.0368,0.98229,1.0366,1.025,1.0466,1.0427,1.027,-0.79261,0.7749,-0.28815,0.29639,-0.82262,-0.25381,-0.057076,0.016915,-0.29437,0.44976,0.45623,0.44372,-1.0785,0.42081,0.84795,0.82985,1.1011,0.78749,-1.9147,0.0026522,-0.028001,0.73388,0.41501,0.39139,-0.57211,0.51359,0.24364,0.183,0.080169,-0.67562,0.14495,0.34646,0.32399,0.22021,0.029159,0.16741,-0.1597,0.16534,-0.97443,0.12628,0.69967,0.13022,0.12389,0.10584,0.20542,-0.15505,4.311,14.405,-10.625,-20.857,6.3139
0.27716,0.26876,0.35743,0.25625,0.25351,0.26085,0.27139,0.25063,0.26858,0.214,-0.098027,-0.019843,-0.065084,-0.073218,-0.052224,-0.038271,-0.080567,-0.093643,-0.12627,0.019671,-0.00013842,-0.00026094,0.0031881,-0.034889,-0.051693,-0.029784,-0.043322,-0.059477,0.041702,0.012005,0.010295,0.086614,0.08289,-0.02876,0.0015073,0.010882,-0.034538,0.066096,0.11257,0.037318,0.084746,0.20397,0.12687,0.099777,0.17284,0.22227,0.11461,0.2307,-0.14496,6.8918,0,22.33,0,-1.7061,0,0,0,0,0,1.0546,0,2.4427,0,-0.19653,0,0,0,0,0,0,0,0,0,0,0,0,0,0,0,0,0,0,0,0,0,0,0,0,0,0,0,0,0,1.176,-2.1042,0,0,0,0,0,0,0,0,0,0,0,0,0,1.0461,1.045,1.0221,0.99886,0.99427,0.99717,0.94151,0.95527,1.0114,1.0092,1.0039,0.99127,1.0058,1.002,0.99532,1.0076,1.016,1.017,1.0409,0.986,1.0147,1.0407,1.0353,1.0152,1.054,1.045,1.0257,1.0488,1.0505,1.0426,0.9896,0.99289,1.0369,0.98226,1.0365,1.025,1.0467,1.0427,1.0268,-0.88825,0.86533,-0.34492,0.30701,-0.87636,-0.29752,-0.073993,0.028228,-0.35322,0.5093,0.50852,0.50144,-1.2676,0.47434,0.95677,0.93349,1.2921,0.90536,-2.227,0.0044388,-0.033345,0.84292,0.46163,0.4347,-0.58686,0.56958,0.24268,0.18282,0.10063,-0.71417,0.20761,0.3363,0.31093,0.2164,0.023684,0.16658,-0.15639,0.15378,-1.0589,0.16419,0.74143,0.14152,0.13451,0.11446,0.22209,-0.23011,4.311,14.405,-10.625,-20.857,6.3139
0.3275,0.33143,0.38,0.29849,0.26885,0.28578,0.28836,0.30356,0.29746,0.27728,-0.071942,0.0089471,-0.03596,-0.043247,-0.022098,-0.0079829,-0.050752,-0.064051,-0.099841,0.051479,0.031137,0.030976,0.034556,-0.0044943,-0.022612,-0.0012366,-0.01443,-0.030515,0.069429,0.038977,0.038437,0.11439,0.11082,-0.0003199,0.029993,0.040872,-0.0050726,0.095123,0.14134,0.067641,0.11487,0.24071,0.1548,0.12574,0.20004,0.25033,0.1422,0.25893,-0.12043,5.965,0,21.532,0,-1.6184,0,0,0,0,0,1.1307,0,2.7191,0,-0.21732,0,0,0,0,0,0,0,0,0,0,0,0,0,0,0,0,0,0,0,0,0,0,0,0,0,0,0,0,0,1.2199,-2.241,0,0,0,0,0,0,0,0,0,0,0,0,0,1.0461,1.045,1.0221,0.99886,0.99427,0.99717,0.94151,0.95527,1.0114,1.0092,1.0039,0.99127,1.0058,1.002,0.99532,1.0076,1.016,1.017,1.0409,0.986,1.0147,1.0407,1.0353,1.0152,1.054,1.045,1.0257,1.0488,1.0505,1.0424,0.98973,0.99185,1.0369,0.98233,1.0366,1.025,1.0468,1.0428,1.0267,-0.95997,0.93138,-0.36856,0.3459,-0.96808,-0.33812,-0.061309,0.016219,-0.38602,0.55451,0.57028,0.54964,-1.3881,0.51791,1.0409,1.012,1.4174,1.0092,-2.4599,0.0035562,-0.036342,0.94,0.52203,0.49157,-0.62656,0.6136,0.27336,0.20133,0.09183,-0.74873,0.19218,0.39245,0.36452,0.24406,0.0062574,0.20903,-0.17164,0.14906,-1.1102,0.20571,0.77965,0.16377,0.15591,0.13346,0.25937,-0.23604,4.311,14.405,-10.625,-20.857,6.3139
0.36564,0.37112,0.42477,0.31747,0.30909,0.32333,0.31082,0.35704,0.33772,0.34302,-0.040075,0.042411,-0.002546,-0.008993,0.01254,0.026821,-0.016296,-0.029754,-0.067633,0.087348,0.066623,0.066341,0.069984,0.029948,0.010098,0.030762,0.018194,0.0023922,0.10024,0.068898,0.069828,0.14521,0.14157,0.031479,0.063259,0.074761,0.028215,0.1278,0.17369,0.10237,0.15018,0.28079,0.18568,0.15449,0.23045,0.28014,0.17534,0.2906,-0.08942,5.1388,0,20.716,0,-1.5315,0,0,0,0,0,1.1933,0,2.9802,0,-0.23657,0,0,0,0,0,0,0,0,0,0,0,0,0,0,0,0,0,0,0,0,0,0,0,0,0,0,0,0,0,1.2561,-2.3648,0,0,0,0,0,0,0,0,0,0,0,0,0,1.0461,1.045,1.0221,0.99886,0.99427,0.99717,0.94151,0.95527,1.0114,1.0092,1.0039,0.99127,1.0058,1.002,0.99532,1.0076,1.016,1.017,1.0409,0.986,1.0147,1.0407,1.0353,1.0152,1.054,1.045,1.0257,1.0488,1.0505,1.0423,0.98973,0.99099,1.0369,0.98244,1.0366,1.0251,1.0469,1.0429,1.0265,-1.0023,0.96803,-0.36507,0.37128,-1.0437,-0.37836,-0.02172,-0.013601,-0.40064,0.5835,0.63342,0.58519,-1.4713,0.54899,1.0964,1.0618,1.5077,1.1132,-2.6584,0.00077952,-0.037807,1.0383,0.60162,0.5675,-0.69853,0.67747,0.31931,0.23592,0.056121,-0.7887,0.18734,0.45836,0.42714,0.2866,0.014242,0.24021,-0.20282,0.18508,-1.1315,0.21161,0.82347,0.19165,0.18275,0.15739,0.30619,-0.21618,4.311,14.405,-10.625,-20.857,6.3139
0.40109,0.40056,0.47778,0.35013,0.35306,0.36244,0.35516,0.39337,0.38534,0.40869,-0.0025143,0.080114,0.035007,0.029508,0.051502,0.065918,0.022608,0.0090729,-0.029638,0.12768,0.10651,0.1061,0.10981,0.068628,0.046689,0.066492,0.054701,0.03928,0.13422,0.10251,0.10495,0.17977,0.17597,0.066994,0.10082,0.1127,0.065476,0.16473,0.21036,0.14068,0.18872,0.32596,0.21882,0.18767,0.26474,0.31329,0.21297,0.32673,-0.051824,4.4222,0,19.909,0,-1.4475,0,0,0,0,0,1.244,0,3.226,0,-0.25434,0,0,0,0,0,0,0,0,0,0,0,0,0,0,0,0,0,0,0,0,0,0,0,0,0,0,0,0,0,1.286,-2.4767,0,0,0,0,0,0,0,0,0,0,0,0,0,1.0461,1.045,1.0221,0.99886,0.99427,0.99717,0.94151,0.95527,1.0114,1.0092,1.0039,0.99127,1.0058,1.002,0.99532,1.0076,1.016,1.017,1.0409,0.986,1.0147,1.0407,1.0353,1.0152,1.054,1.045,1.0257,1.0488,1.0505,1.0422,0.98973,0.99011,1.0369,0.98248,1.0366,1.0252,1.0469,1.0429,1.0264,-1.0061,0.96625,-0.35445,0.38899,-1.0798,-0.4238,0.030255,-0.049383,-0.41452,0.59492,0.68486,0.60476,-1.5681,0.56418,1.1186,1.0782,1.6118,1.2331,-2.887,-0.0021751,-0.03925,1.1524,0.69757,0.65941,-0.78792,0.77138,0.36544,0.27323,0.0081716,-0.83413,0.2504,0.48548,0.4503,0.32878,0.032416,0.26024,-0.23617,0.23256,-1.1443,0.20833,0.87292,0.21504,0.20501,0.17641,0.343,-0.23779,4.311,14.405,-10.625,-20.857,6.3139
0.4429,0.44522,0.51802,0.40745,0.39113,0.40583,0.40952,0.42766,0.43191,0.47165,0.040633,0.12201,0.076836,0.072398,0.094899,0.10942,0.066056,0.052515,0.01409,0.17249,0.15086,0.15032,0.15409,0.11172,0.087649,0.10657,0.09551,0.080458,0.17262,0.14037,0.1444,0.21865,0.21485,0.10688,0.14241,0.15483,0.10698,0.20614,0.25159,0.18282,0.23086,0.37586,0.25662,0.22485,0.30309,0.35153,0.25394,0.36762,-0.0077793,3.8139,0,19.125,0,-1.3678,0,0,0,0,0,1.2847,0,3.457,0,-0.27069,0,0,0,0,0,0,0,0,0,0,0,0,0,0,0,0,0,0,0,0,0,0,0,0,0,0,0,0,0,1.3105,-2.578,0,0,0,0,0,0,0,0,0,0,0,0,0,1.0461,1.045,1.0221,0.99886,0.99427,0.99717,0.94151,0.95527,1.0114,1.0092,1.0039,0.99127,1.0058,1.002,0.99532,1.0076,1.016,1.017,1.0409,0.986,1.0147,1.0407,1.0353,1.0152,1.054,1.045,1.0257,1.0488,1.0505,1.0422,0.98984,0.98913,1.037,0.98253,1.0367,1.0253,1.0469,1.043,1.0263,-0.97282,0.92751,-0.34996,0.42815,-1.0945,-0.47464,0.081175,-0.088685,-0.43052,0.59105,0.72484,0.61031,-1.671,0.56511,1.1109,1.065,1.7221,1.3577,-3.1261,-0.005053,-0.040769,1.271,0.79574,0.75302,-0.8715,0.86157,0.41331,0.30776,-0.03829,-0.87575,0.29547,0.52573,0.48612,0.37206,0.031596,0.2998,-0.26607,0.2569,-1.1629,0.23735,0.9189,0.23182,0.22068,0.18876,0.36654,-0.29066,4.311,14.405,-10.625,-20.857,6.3139
0.49227,0.50361,0.5508,0.45996,0.44198,0.45955,0.45935,0.47898,0.47485,0.52997,0.089328,0.1686,0.12338,0.11999,0.14309,0.15771,0.11437,0.10087,0.063441,0.22172,0.19974,0.19905,0.20286,0.15944,0.13339,0.15152,0.14108,0.12638,0.21616,0.18303,0.18873,0.26244,0.25871,0.15163,0.18858,0.20146,0.15309,0.25202,0.2973,0.22953,0.27827,0.42929,0.3001,0.26638,0.34629,0.39501,0.29914,0.41298,0.04234,3.3068,0,18.374,0,-1.293,0,0,0,0,0,1.3168,0,3.6739,0,-0.28572,0,0,0,0,0,0,0,0,0,0,0,0,0,0,0,0,0,0,0,0,0,0,0,0,0,0,0,0,0,1.3308,-2.6695,0,0,0,0,0,0,0,0,0,0,0,0,0,1.0461,1.045,1.0221,0.99886,0.99427,0.99717,0.94151,0.95527,1.0114,1.0092,1.0039,0.99127,1.0058,1.002,0.99532,1.0076,1.016,1.017,1.0409,0.986,1.0147,1.0407,1.0353,1.0152,1.054,1.045,1.0257,1.0488,1.0505,1.0421,0.98996,0.98819,1.037,0.98262,1.0367,1.0254,1.047,1.043,1.0262,-0.91701,0.86626,-0.34663,0.4826,-1.1015,-0.52509,0.13007,-0.13471,-0.43975,0.57719,0.76189,0.60755,-1.7439,0.55741,1.0844,1.033,1.8031,1.4674,-3.3213,-0.0086979,-0.041645,1.3754,0.88626,0.8387,-0.94359,0.93669,0.45925,0.33954,-0.082312,-0.90868,0.30015,0.59124,0.5467,0.41299,0.023874,0.34335,-0.29291,0.27094,-1.1788,0.28248,0.95656,0.24905,0.2368,0.20157,0.39111,-0.32437,4.311,14.405,-10.625,-20.857,6.3139
0.54722,0.55744,0.59419,0.50496,0.50329,0.51542,0.50763,0.53959,0.51894,0.58279,0.14347,0.22045,0.17504,0.17258,0.19631,0.21102,0.16775,0.1543,0.11817,0.2756,0.25341,0.25251,0.25634,0.21202,0.18414,0.20152,0.19168,0.17736,0.26474,0.23102,0.23823,0.3115,0.30772,0.20147,0.24006,0.25295,0.20414,0.30248,0.3475,0.28148,0.3314,0.48643,0.34833,0.31364,0.39507,0.44334,0.35007,0.46264,0.098015,2.8905,0,17.659,0,-1.2234,0,0,0,0,0,1.342,0,3.8773,0,-0.2995,0,0,0,0,0,0,0,0,0,0,0,0,0,0,0,0,0,0,0,0,0,0,0,0,0,0,0,0,0,1.3475,-2.7524,0,0,0,0,0,0,0,0,0,0,0,0,0,1.0461,1.045,1.0221,0.99886,0.99427,0.99717,0.94151,0.95527,1.0114,1.0092,1.0039,0.99127,1.0058,1.002,0.99532,1.0076,1.016,1.017,1.0409,0.986,1.0147,1.0407,1.0353,1.0152,1.054,1.045,1.0257,1.0488,1.0505,1.0421,0.99003,0.98743,1.037,0.98269,1.0368,1.0255,1.0471,1.0431,1.0261,-0.85631,0.80029,-0.33303,0.53011,-1.1072,-0.56946,0.18287,-0.18409,-0.43976,0.5591,0.79818,0.60135,-1.7862,0.54619,1.0501,0.99353,1.8547,1.562,-3.4723,-0.013197,-0.041992,1.4648,0.97072,0.91814,-1.0129,1.0128,0.49723,0.36919,-0.13002,-0.93538,0.32698,0.63541,0.58537,0.44584,0.030161,0.36466,-0.3175,0.29678,-1.1789,0.30799,0.98824,0.27271,0.25928,0.2206,0.42807,-0.3315,4.311,14.405,-10.625,-20.857,6.3139
0.6026,0.60238,0.64987,0.55977,0.55711,0.56526,0.56067,0.59332,0.56892,0.63023,0.20277,0.27769,0.23195,0.23028,0.25458,0.26938,0.22617,0.21278,0.17792,0.33454,0.31212,0.31103,0.31489,0.26971,0.24003,0.25669,0.24746,0.23354,0.31851,0.28446,0.29292,0.36578,0.3619,0.25646,0.29698,0.30948,0.26029,0.3578,0.4025,0.33899,0.38942,0.54859,0.40148,0.36673,0.44914,0.49673,0.40679,0.51699,0.1587,2.5533,0,16.982,0,-1.1589,0,0,0,0,0,1.3615,0,4.0679,0,-0.31214,0,0,0,0,0,0,0,0,0,0,0,0,0,0,0,0,0,0,0,0,0,0,0,0,0,0,0,0,0,1.3612,-2.8273,0,0,0,0,0,0,0,0,0,0,0,0,0,1.0461,1.045,1.0221,0.99886,0.99427,0.99717,0.94151,0.95527,1.0114,1.0092,1.0039,0.99127,1.0058,1.002,0.99532,1.0076,1.016,1.017,1.0409,0.986,1.0147,1.0407,1.0353,1.0152,1.054,1.045,1.0257,1.0488,1.0505,1.042,0.99007,0.98675,1.0371,0.98272,1.0368,1.0256,1.0471,1.0431,1.0261,-0.80178,0.74086,-0.30924,0.5716,-1.1232,-0.60749,0.23955,-0.22846,-0.43847,0.54161,0.83001,0.5948,-1.8296,0.53471,1.0162,0.95487,1.9076,1.6539,-3.6221,-0.017623,-0.042653,1.5509,1.053,0.99528,-1.0823,1.0882,0.53353,0.3988,-0.18156,-0.95829,0.37277,0.65942,0.60394,0.47703,0.040941,0.37996,-0.34198,0.32704,-1.1658,0.31754,1.0162,0.30082,0.28611,0.24374,0.47306,-0.34447,4.311,14.405,-10.625,-20.857,6.3139
0.65128,0.64862,0.70354,0.61808,0.60506,0.6138,0.61489,0.63943,0.62353,0.67293,0.26679,0.34001,0.29394,0.29303,0.31782,0.33269,0.28952,0.27618,0.24234,0.39863,0.37592,0.37467,0.37858,0.33251,0.3011,0.31705,0.30838,0.29485,0.37771,0.34317,0.35274,0.42512,0.42124,0.31665,0.35895,0.37108,0.32155,0.41828,0.4627,0.40173,0.45194,0.61631,0.46041,0.42484,0.50808,0.55552,0.46844,0.5766,0.22388,2.2836,0,16.344,0,-1.0993,0,0,0,0,0,1.3765,0,4.2465,0,-0.32373,0,0,0,0,0,0,0,0,0,0,0,0,0,0,0,0,0,0,0,0,0,0,0,0,0,0,0,0,0,1.3726,-2.895,0,0,0,0,0,0,0,0,0,0,0,0,0,1.0461,1.045,1.0221,0.99886,0.99427,0.99717,0.94151,0.95527,1.0114,1.0092,1.0039,0.99127,1.0058,1.002,0.99532,1.0076,1.016,1.017,1.0409,0.986,1.0147,1.0407,1.0353,1.0152,1.054,1.045,1.0257,1.0488,1.0505,1.042,0.99013,0.98602,1.0371,0.98276,1.0368,1.0257,1.0471,1.0432,1.026,-0.75646,0.69112,-0.28678,0.61529,-1.1488,-0.64375,0.2934,-0.26584,-0.44224,0.52802,0.85863,0.59072,-1.8894,0.52585,0.98896,0.92321,1.9762,1.7487,-3.7905,-0.021368,-0.043872,1.6395,1.1328,1.0701,-1.1463,1.1507,0.57446,0.4292,-0.23046,-0.97844,0.39331,0.69631,0.63588,0.51295,0.04151,0.4104,-0.3673,0.34776,-1.1531,0.33231,1.0413,0.32671,0.31069,0.26447,0.51315,-0.37521,4.311,14.405,-10.625,-20.857,6.3139
0.69186,0.69961,0.74589,0.66612,0.65669,0.66581,0.66494,0.6843,0.67699,0.7117,0.33509,0.40691,0.36068,0.36057,0.38582,0.40077,0.3576,0.34428,0.31108,0.46753,0.44452,0.44312,0.44708,0.40015,0.36711,0.3824,0.37421,0.36101,0.44206,0.40694,0.41759,0.48951,0.48566,0.38185,0.42556,0.43756,0.3877,0.48392,0.52814,0.46892,0.51934,0.68884,0.52468,0.4879,0.57204,0.61954,0.53463,0.64165,0.29313,2.0704,0,15.744,0,-1.0445,0,0,0,0,0,1.3878,0,4.4138,0,-0.33434,0,0,0,0,0,0,0,0,0,0,0,0,0,0,0,0,0,0,0,0,0,0,0,0,0,0,0,0,0,1.3819,-2.9563,0,0,0,0,0,0,0,0,0,0,0,0,0,1.0461,1.045,1.0221,0.99886,0.99427,0.99717,0.94151,0.95527,1.0114,1.0092,1.0039,0.99127,1.0058,1.002,0.99532,1.0076,1.016,1.017,1.0409,0.986,1.0147,1.0407,1.0353,1.0152,1.054,1.045,1.0257,1.0488,1.0505,1.042,0.99022,0.98523,1.0371,0.98282,1.0368,1.0258,1.0472,1.0433,1.026,-0.71955,0.65019,-0.27522,0.65332,-1.1658,-0.68215,0.33887,-0.30138,-0.44966,0.51958,0.89032,0.59117,-1.9523,0.52176,0.97192,0.90207,2.0469,1.8411,-3.9583,-0.024675,-0.04509,1.7262,1.2076,1.1401,-1.2015,1.2044,0.61319,0.45714,-0.27132,-0.99749,0.39956,0.73919,0.67387,0.5468,0.038599,0.44224,-0.39044,0.36296,-1.1486,0.35209,1.0651,0.346,0.32873,0.27877,0.54044,-0.40155,4.311,14.405,-10.625,-20.857,6.3139
0.72998,0.74651,0.78044,0.70832,0.70779,0.71612,0.71128,0.72788,0.724,0.74735,0.40729,0.47802,0.43179,0.43251,0.45822,0.47328,0.43005,0.41673,0.38379,0.5407,0.51744,0.51591,0.5199,0.47218,0.4377,0.45241,0.44461,0.43166,0.51108,0.47561,0.48722,0.55884,0.55494,0.45172,0.49649,0.50858,0.45841,0.55437,0.59848,0.54001,0.5917,0.76518,0.5934,0.55616,0.64118,0.68836,0.60526,0.71174,0.3661,1.9038,0,15.18,0,-0.99415,0,0,0,0,0,1.3962,0,4.5705,0,-0.34405,0,0,0,0,0,0,0,0,0,0,0,0,0,0,0,0,0,0,0,0,0,0,0,0,0,0,0,0,0,1.3896,-3.0117,0,0,0,0,0,0,0,0,0,0,0,0,0,1.0461,1.045,1.0221,0.99886,0.99427,0.99717,0.94151,0.95527,1.0114,1.0092,1.0039,0.99127,1.0058,1.002,0.99532,1.0076,1.016,1.017,1.0409,0.986,1.0147,1.0407,1.0353,1.0152,1.054,1.045,1.0257,1.0488,1.0505,1.042,0.99027,0.98449,1.0372,0.98286,1.0369,1.0258,1.0472,1.0433,1.026,-0.69056,0.61749,-0.27502,0.67635,-1.164,-0.72184,0.37462,-0.33769,-0.45715,0.51588,0.92706,0.59611,-2.0034,0.5226,0.96499,0.89141,2.1052,1.924,-4.1034,-0.027868,-0.045913,1.8042,1.274,1.2022,-1.2472,1.2576,0.64122,0.47932,-0.30281,-1.016,0.42209,0.76542,0.69539,0.57026,0.043048,0.45656,-0.40818,0.38051,-1.1517,0.36635,1.0879,0.3592,0.34082,0.28749,0.55672,-0.40686,4.311,14.405,-10.625,-20.857,6.3139
0.77019,0.7818,0.81464,0.75328,0.75001,0.75804,0.75539,0.7668,0.76319,0.78065,0.48315,0.55312,0.50695,0.50842,0.53454,0.54969,0.50639,0.49305,0.46012,0.61769,0.59421,0.59255,0.59659,0.54819,0.51248,0.5267,0.51922,0.50646,0.58449,0.54879,0.56125,0.63266,0.6287,0.52592,0.57147,0.58373,0.53328,0.62905,0.67306,0.61501,0.66818,0.84492,0.66647,0.6291,0.71493,0.76171,0.68002,0.78614,0.44251,1.775,0,14.651,0,-0.94793,0,0,0,0,0,1.4025,0,4.7172,0,-0.35294,0,0,0,0,0,0,0,0,0,0,0,0,0,0,0,0,0,0,0,0,0,0,0,0,0,0,0,0,0,1.3959,-3.0618,0,0,0,0,0,0,0,0,0,0,0,0,0,1.0461,1.045,1.0221,0.99886,0.99427,0.99717,0.94151,0.95527,1.0114,1.0092,1.0039,0.99127,1.0058,1.002,0.99532,1.0076,1.016,1.017,1.0409,0.986,1.0147,1.0407,1.0353,1.0152,1.054,1.045,1.0257,1.0488,1.0505,1.042,0.99028,0.98383,1.0372,0.98288,1.0369,1.0259,1.0473,1.0433,1.026,-0.67034,0.59377,-0.2792,0.69107,-1.1582,-0.75782,0.40258,-0.36972,-0.46483,0.51565,0.96245,0.60337,-2.0475,0.52628,0.96487,0.88789,2.1558,1.996,-4.2294,-0.030715,-0.046693,1.8718,1.3302,1.2544,-1.2833,1.305,0.66107,0.49634,-0.32685,-1.032,0.44767,0.78256,0.70814,0.58602,0.049765,0.46135,-0.42113,0.39613,-1.1573,0.37663,1.1078,0.37,0.35066,0.29442,0.56964,-0.40431,4.311,14.405,-10.625,-20.857,6.3139
0.80898,0.81044,0.84892,0.7947,0.78655,0.79345,0.79455,0.80221,0.79699,0.8122,0.56245,0.63197,0.58583,0.58791,0.61434,0.62956,0.58618,0.57282,0.53976,0.69819,0.67448,0.67273,0.67681,0.62781,0.59107,0.60488,0.59765,0.58504,0.66201,0.62599,0.63918,0.71039,0.70642,0.60401,0.65019,0.66257,0.61191,0.7074,0.7513,0.69397,0.74779,0.9281,0.74388,0.70593,0.79251,0.83922,0.75847,0.86415,0.52215,1.6763,0,14.155,0,-0.90554,0,0,0,0,0,1.4071,0,4.8546,0,-0.36108,0,0,0,0,0,0,0,0,0,0,0,0,0,0,0,0,0,0,0,0,0,0,0,0,0,0,0,0,0,1.4011,-3.1072,0,0,0,0,0,0,0,0,0,0,0,0,0,1.0461,1.045,1.0221,0.99886,0.99427,0.99717,0.94151,0.95527,1.0114,1.0092,1.0039,0.99127,1.0058,1.002,0.99532,1.0076,1.016,1.017,1.0409,0.986,1.0147,1.0407,1.0353,1.0152,1.054,1.045,1.0257,1.0488,1.0505,1.0419,0.99029,0.98321,1.0372,0.9829,1.0369,1.0259,1.0473,1.0434,1.026,-0.65861,0.57874,-0.28142,0.70812,-1.1649,-0.7871,0.4261,-0.39282,-0.47439,0.51768,0.99082,0.61107,-2.0964,0.53075,0.96812,0.88797,2.2101,2.0608,-4.352,-0.032896,-0.047866,1.9322,1.3775,1.2982,-1.3118,1.3402,0.67985,0.51105,-0.3468,-1.0442,0.45581,0.80606,0.72808,0.60117,0.05044,0.47225,-0.4322,0.40416,-1.1615,0.38904,1.1235,0.38144,0.36126,0.30246,0.58482,-0.4141,4.311,14.405,-10.625,-20.857,6.3139
0.8413,0.84035,0.87971,0.82656,0.82175,0.82635,0.82675,0.83564,0.82813,0.8424,0.64497,0.71426,0.66812,0.6707,0.69734,0.71262,0.66917,0.65578,0.62254,0.78194,0.75799,0.75616,0.76031,0.71074,0.67308,0.68653,0.67951,0.66705,0.74313,0.70679,0.72058,0.79158,0.78764,0.68558,0.73234,0.74476,0.69392,0.78905,0.83282,0.77652,0.83032,1.0146,0.82498,0.78635,0.87351,0.92031,0.84037,0.94542,0.60489,1.6018,0,13.691,0,-0.86671,0,0,0,0,0,1.4104,0,4.9832,0,-0.36852,0,0,0,0,0,0,0,0,0,0,0,0,0,0,0,0,0,0,0,0,0,0,0,0,0,0,0,0,0,1.4054,-3.1482,0,0,0,0,0,0,0,0,0,0,0,0,0,1.0461,1.045,1.0221,0.99886,0.99427,0.99717,0.94151,0.95527,1.0114,1.0092,1.0039,0.99127,1.0058,1.002,0.99532,1.0076,1.016,1.017,1.0409,0.986,1.0147,1.0407,1.0353,1.0152,1.054,1.045,1.0257,1.0488,1.0505,1.0419,0.99034,0.9826,1.0372,0.98293,1.0369,1.0259,1.0473,1.0434,1.026,-0.65248,0.56956,-0.28093,0.726,-1.1803,-0.81138,0.44772,-0.40917,-0.48542,0.52099,1.0136,0.61874,-2.1507,0.53534,0.97296,0.88981,2.2691,2.1217,-4.475,-0.034516,-0.049313,1.9885,1.4198,1.3373,-1.3365,1.3684,0.6985,0.52472,-0.36525,-1.0536,0.45717,0.82976,0.74839,0.61661,0.047927,0.48703,-0.44267,0.40882,-1.1628,0.40067,1.136,0.39386,0.3729,0.31177,0.60274,-0.43496,4.311,14.405,-10.625,-20.857,6.3139
0.86684,0.87306,0.90543,0.85326,0.85326,0.85692,0.85425,0.86531,0.85793,0.87146,0.73047,0.79955,0.75342,0.75651,0.78336,0.7987,0.75518,0.74176,0.70831,0.86867,0.84448,0.84259,0.84679,0.79668,0.75813,0.77122,0.7644,0.75208,0.82729,0.79077,0.80506,0.87588,0.87192,0.7702,0.81753,0.82995,0.77896,0.87373,0.91737,0.86194,0.91599,1.1038,0.90897,0.87012,0.95768,1.0044,0.92544,1.0297,0.69058,1.5461,0,13.255,0,-0.83114,0,0,0,0,0,1.4127,0,5.1036,0,-0.37533,0,0,0,0,0,0,0,0,0,0,0,0,0,0,0,0,0,0,0,0,0,0,0,0,0,0,0,0,0,1.409,-3.1853,0,0,0,0,0,0,0,0,0,0,0,0,0,1.0461,1.045,1.0221,0.99886,0.99427,0.99717,0.94151,0.95527,1.0114,1.0092,1.0039,0.99127,1.0058,1.002,0.99532,1.0076,1.016,1.017,1.0409,0.986,1.0147,1.0407,1.0353,1.0152,1.054,1.045,1.0257,1.0488,1.0505,1.0419,0.99039,0.98199,1.0372,0.98295,1.0369,1.026,1.0473,1.0434,1.0259,-0.64679,0.56104,-0.28203,0.73814,-1.1884,-0.83573,0.46816,-0.42603,-0.49577,0.52458,1.0369,0.62667,-2.2008,0.54039,0.97872,0.89268,2.3237,2.1798,-4.5904,-0.036098,-0.050569,2.0425,1.4606,1.3753,-1.3597,1.3974,0.715,0.53764,-0.38287,-1.062,0.4696,0.84352,0.75933,0.63023,0.049363,0.49627,-0.45275,0.41751,-1.1629,0.40656,1.1473,0.4057,0.38401,0.32073,0.61986,-0.45101,4.311,14.405,-10.625,-20.857,6.3139
0.89026,0.90296,0.92851,0.88067,0.87841,0.88327,0.88057,0.88976,0.88574,0.89939,0.81874,0.88747,0.84142,0.84508,0.8722,0.88761,0.84401,0.83057,0.79692,0.95811,0.93373,0.93175,0.93599,0.88536,0.84593,0.85867,0.85204,0.83985,0.91419,0.87752,0.89231,0.96297,0.95897,0.85758,0.90539,0.91786,0.86673,0.96121,1.0048,0.94979,1.0048,1.1955,0.99566,0.95672,1.0447,1.0911,1.0132,1.1169,0.77913,1.505,0,12.847,0,-0.79858,0,0,0,0,0,1.4143,0,5.2163,0,-0.38157,0,0,0,0,0,0,0,0,0,0,0,0,0,0,0,0,0,0,0,0,0,0,0,0,0,0,0,0,0,1.4119,-3.2188,0,0,0,0,0,0,0,0,0,0,0,0,0,1.0461,1.045,1.0221,0.99886,0.99427,0.99717,0.94151,0.95527,1.0114,1.0092,1.0039,0.99127,1.0058,1.002,0.99532,1.0076,1.016,1.017,1.0409,0.986,1.0147,1.0407,1.0353,1.0152,1.054,1.045,1.0257,1.0488,1.0505,1.0419,0.99042,0.98143,1.0372,0.98297,1.0369,1.026,1.0474,1.0434,1.0259,-0.63761,0.54921,-0.28777,0.74625,-1.1841,-0.86281,0.48696,-0.44704,-0.50445,0.52744,1.0634,0.63451,-2.2414,0.54554,0.98403,0.89526,2.3686,2.2348,-4.6929,-0.037877,-0.051376,2.0942,1.501,1.413,-1.3812,1.4267,0.72985,0.55005,-0.3991,-1.0698,0.48542,0.85442,0.7676,0.64248,0.05395,0.50132,-0.46255,0.42931,-1.1645,0.41094,1.1577,0.41549,0.39314,0.32787,0.63345,-0.45444,4.311,14.405,-10.625,-20.857,6.3139
0.91501,0.92608,0.95125,0.90681,0.90078,0.90638,0.90622,0.91198,0.91059,0.92603,0.90964,0.97786,0.93193,0.93618,0.96359,0.97907,0.93541,0.92195,0.88819,1.05,1.0255,1.0234,1.0277,0.97655,0.93627,0.94865,0.94219,0.93013,1.0037,0.96676,0.98209,1.0526,1.0486,0.94749,0.99569,1.0083,0.957,1.0513,1.0947,1.0401,1.0963,1.2895,1.085,1.0457,1.1342,1.1804,1.1033,1.2067,0.8704,1.4752,0,12.466,0,-0.76878,0,0,0,0,0,1.4153,0,5.3219,0,-0.38727,0,0,0,0,0,0,0,0,0,0,0,0,0,0,0,0,0,0,0,0,0,0,0,0,0,0,0,0,0,1.4143,-3.2491,0,0,0,0,0,0,0,0,0,0,0,0,0,1.0461,1.045,1.0221,0.99886,0.99427,0.99717,0.94151,0.95527,1.0114,1.0092,1.0039,0.99127,1.0058,1.002,0.99532,1.0076,1.016,1.017,1.0409,0.986,1.0147,1.0407,1.0353,1.0152,1.054,1.045,1.0257,1.0488,1.0505,1.0419,0.99043,0.98092,1.0372,0.98299,1.0369,1.026,1.0474,1.0435,1.0259,-0.62408,0.53314,-0.29587,0.75767,-1.1762,-0.89106,0.50472,-0.47,-0.51208,0.52851,1.0899,0.64082,-2.2763,0.54948,0.98669,0.89539,2.4076,2.2872,-4.7867,-0.039682,-0.051897,2.1437,1.5405,1.4502,-1.4011,1.454,0.74527,0.56213,-0.41448,-1.0768,0.49236,0.87185,0.78251,0.65552,0.055869,0.51007,-0.47225,0.43862,-1.1678,0.42096,1.167,0.42346,0.40051,0.33341,0.64399,-0.45401,4.311,14.405,-10.625,-20.857,6.3139
0.94029,0.9452,0.97303,0.92868,0.92438,0.92899,0.92949,0.93587,0.93268,0.95115,1.0031,1.0707,1.0248,1.0296,1.0573,1.0728,1.0291,1.0156,0.98196,1.1442,1.1195,1.1174,1.1217,1.0701,1.0289,1.041,1.0347,1.0228,1.0955,1.0583,1.0742,1.1445,1.1405,1.0398,1.0884,1.101,1.0496,1.1437,1.1871,1.1328,1.1898,1.3857,1.1768,1.1369,1.226,1.2722,1.1957,1.2989,0.96427,1.4538,0,12.108,0,-0.7415,0,0,0,0,0,1.416,0,5.4206,0,-0.39249,0,0,0,0,0,0,0,0,0,0,0,0,0,0,0,0,0,0,0,0,0,0,0,0,0,0,0,0,0,1.4163,-3.2766,0,0,0,0,0,0,0,0,0,0,0,0,0,1.0461,1.045,1.0221,0.99886,0.99427,0.99717,0.94151,0.95527,1.0114,1.0092,1.0039,0.99127,1.0058,1.002,0.99532,1.0076,1.016,1.017,1.0409,0.986,1.0147,1.0407,1.0353,1.0152,1.054,1.045,1.0257,1.0488,1.0505,1.0419,0.99044,0.98043,1.0372,0.98301,1.0369,1.0261,1.0474,1.0435,1.0259,-0.60773,0.51435,-0.30085,0.774,-1.1737,-0.91692,0.52329,-0.49112,-0.51907,0.52747,1.1121,0.64467,-2.3111,0.55111,0.98503,0.89134,2.4463,2.3376,-4.8779,-0.041352,-0.052448,2.1913,1.5788,1.4863,-1.4213,1.4801,0.76137,0.57393,-0.43075,-1.083,0.49735,0.89145,0.80014,0.66937,0.054737,0.52283,-0.48177,0.44459,-1.1696,0.43466,1.1755,0.4312,0.40771,0.33897,0.65445,-0.46104,4.311,14.405,-10.625,-20.857,6.3139
0.96372,0.9654,0.99243,0.94895,0.94805,0.95172,0.95037,0.9608,0.95343,0.97458,1.0989,1.1658,1.12,1.1252,1.1531,1.1687,1.125,1.1115,1.0781,1.2405,1.2157,1.2135,1.2178,1.1657,1.1238,1.1355,1.1295,1.1177,1.1895,1.1522,1.1686,1.2387,1.2347,1.1342,1.1834,1.196,1.1445,1.2382,1.2816,1.228,1.2854,1.484,1.2707,1.2306,1.32,1.3662,1.2905,1.3932,1.0606,1.4387,0,11.773,0,-0.71654,0,0,0,0,0,1.4165,0,5.5131,0,-0.39726,0,0,0,0,0,0,0,0,0,0,0,0,0,0,0,0,0,0,0,0,0,0,0,0,0,0,0,0,0,1.4179,-3.3014,0,0,0,0,0,0,0,0,0,0,0,0,0,1.0461,1.045,1.0221,0.99886,0.99427,0.99717,0.94151,0.95527,1.0114,1.0092,1.0039,0.99127,1.0058,1.002,0.99532,1.0076,1.016,1.017,1.0409,0.986,1.0147,1.0407,1.0353,1.0152,1.054,1.045,1.0257,1.0488,1.0505,1.0419,0.99047,0.97996,1.0373,0.98303,1.037,1.0261,1.0474,1.0435,1.0259,-0.59028,0.4946,-0.29988,0.79032,-1.1757,-0.93857,0.54374,-0.50904,-0.52488,0.52445,1.1291,0.64595,-2.3459,0.55035,0.9792,0.8833,2.4846,2.3848,-4.9655,-0.04279,-0.053023,2.236,1.6157,1.521,-1.4436,1.5084,0.77659,0.58526,-0.44905,-1.0891,0.50871,0.90552,0.81169,0.68243,0.054656,0.53376,-0.49099,0.45175,-1.1669,0.44444,1.1837,0.44,0.41597,0.34562,0.66738,-0.47503,4.311,14.405,-10.625,-20.857,6.3139
0.98447,0.9879,1.0101,0.97102,0.96928,0.9732,0.97085,0.98306,0.9742,0.99623,1.197,1.2632,1.2173,1.2229,1.2511,1.2667,1.223,1.2095,1.1764,1.3389,1.3139,1.3117,1.316,1.2635,1.2208,1.2323,1.2264,1.2147,1.2857,1.2482,1.2651,1.335,1.331,1.2309,1.2807,1.2931,1.2415,1.3349,1.3781,1.3254,1.383,1.5841,1.3667,1.3264,1.4162,1.4623,1.3877,1.4896,1.1591,1.4284,0,11.46,0,-0.69371,0,0,0,0,0,1.4167,0,5.5997,0,-0.40163,0,0,0,0,0,0,0,0,0,0,0,0,0,0,0,0,0,0,0,0,0,0,0,0,0,0,0,0,0,1.4193,-3.3238,0,0,0,0,0,0,0,0,0,0,0,0,0,1.0461,1.045,1.0221,0.99886,0.99427,0.99717,0.94151,0.95527,1.0114,1.0092,1.0039,0.99127,1.0058,1.002,0.99532,1.0076,1.016,1.017,1.0409,0.986,1.0147,1.0407,1.0353,1.0152,1.054,1.045,1.0257,1.0488,1.0505,1.0419,0.9905,0.97951,1.0373,0.98304,1.037,1.0261,1.0474,1.0435,1.0259,-0.57212,0.47432,-0.29563,0.80365,-1.1773,-0.95765,0.56497,-0.52628,-0.52882,0.5204,1.1443,0.64616,-2.3756,0.54845,0.97113,0.87309,2.5178,2.4284,-5.0442,-0.044307,-0.053547,2.277,1.6507,1.5539,-1.4664,1.5359,0.79109,0.59681,-0.46818,-1.0948,0.52364,0.91661,0.82092,0.69483,0.05754,0.54121,-0.50042,0.46183,-1.1609,0.44822,1.1916,0.44954,0.42501,0.35314,0.6818,-0.48759,4.311,14.405,-10.625,-20.857,6.3139
1.0034,1.0098,1.028,0.99326,0.98906,0.99309,0.99189,1.0015,0.99505,1.0161,1.2971,1.3626,1.3167,1.3227,1.3511,1.3667,1.323,1.3096,1.2767,1.4393,1.4141,1.4118,1.4162,1.3633,1.3199,1.331,1.3253,1.3138,1.3841,1.3464,1.3637,1.4335,1.4294,1.3296,1.38,1.3922,1.3405,1.4337,1.4768,1.4248,1.4829,1.686,1.4649,1.4243,1.5146,1.5604,1.4869,1.5881,1.2597,1.4215,0,11.167,0,-0.67281,0,0,0,0,0,1.4168,0,5.6807,0,-0.40562,0,0,0,0,0,0,0,0,0,0,0,0,0,0,0,0,0,0,0,0,0,0,0,0,0,0,0,0,0,1.4204,-3.3441,0,0,0,0,0,0,0,0,0,0,0,0,0,1.0461,1.045,1.0221,0.99886,0.99427,0.99717,0.94151,0.95527,1.0114,1.0092,1.0039,0.99127,1.0058,1.002,0.99532,1.0076,1.016,1.017,1.0409,0.986,1.0147,1.0407,1.0353,1.0152,1.054,1.045,1.0257,1.0488,1.0505,1.0419,0.99053,0.9791,1.0373,0.98306,1.037,1.0262,1.0475,1.0436,1.0259,-0.55316,0.45341,-0.29241,0.81648,-1.1762,-0.9766,0.5852,-0.54439,-0.53159,0.51596,1.16,0.64607,-2.3996,0.54641,0.96271,0.86273,2.5453,2.4686,-5.1139,-0.04588,-0.053886,2.315,1.684,1.5853,-1.4876,1.5606,0.8056,0.60819,-0.48645,-1.0997,0.53179,0.93044,0.83249,0.70735,0.060006,0.54924,-0.50982,0.47183,-1.155,0.45217,1.1984,0.4585,0.43346,0.36006,0.69524,-0.4936,4.311,14.405,-10.625,-20.857,6.3139
1.0216,1.0287,1.0467,1.0129,1.0092,1.0124,1.0125,1.0187,1.0151,1.0342,1.3991,1.4639,1.4179,1.4244,1.453,1.4687,1.425,1.4116,1.379,1.5415,1.5163,1.5139,1.5183,1.4651,1.421,1.4318,1.4262,1.4149,1.4844,1.4465,1.4642,1.5339,1.5298,1.4303,1.4812,1.4933,1.4415,1.5344,1.5775,1.5261,1.5848,1.7898,1.5652,1.5243,1.6148,1.6606,1.588,1.6886,1.3622,1.417,0,10.892,0,-0.65369,0,0,0,0,0,1.4169,0,5.7566,0,-0.40928,0,0,0,0,0,0,0,0,0,0,0,0,0,0,0,0,0,0,0,0,0,0,0,0,0,0,0,0,0,1.4213,-3.3625,0,0,0,0,0,0,0,0,0,0,0,0,0,1.0461,1.045,1.0221,0.99886,0.99427,0.99717,0.94151,0.95527,1.0114,1.0092,1.0039,0.99127,1.0058,1.002,0.99532,1.0076,1.016,1.017,1.0409,0.986,1.0147,1.0407,1.0353,1.0152,1.054,1.045,1.0257,1.0488,1.0505,1.0419,0.99055,0.97874,1.0373,0.98308,1.037,1.0262,1.0475,1.0436,1.026,-0.53385,0.43231,-0.29209,0.83102,-1.1737,-0.99647,0.60353,-0.56335,-0.53441,0.51183,1.1767,0.64639,-2.4209,0.54482,0.95506,0.85324,2.5701,2.5075,-5.1793,-0.047508,-0.054163,2.3516,1.7159,1.6152,-1.506,1.5818,0.81999,0.61901,-0.50289,-1.1036,0.53675,0.94557,0.84595,0.71981,0.060426,0.55939,-0.51869,0.47904,-1.1511,0.46012,1.2041,0.46606,0.44055,0.36575,0.70596,-0.49638,4.311,14.405,-10.625,-20.857,6.3139
1.0394,1.045,1.0645,1.0303,1.0292,1.0316,1.0313,1.0368,1.0336,1.0507,1.5029,1.567,1.5211,1.5279,1.5568,1.5725,1.5288,1.5154,1.4831,1.6456,1.6203,1.6178,1.6222,1.5686,1.5239,1.5344,1.529,1.5178,1.5867,1.5486,1.5667,1.6362,1.6322,1.5329,1.5842,1.5962,1.5443,1.6371,1.68,1.6291,1.6885,1.8953,1.6674,1.6262,1.717,1.7628,1.6907,1.791,1.4665,1.4143,0,10.635,0,-0.6362,0,0,0,0,0,1.4168,0,5.8276,0,-0.41262,0,0,0,0,0,0,0,0,0,0,0,0,0,0,0,0,0,0,0,0,0,0,0,0,0,0,0,0,0,1.422,-3.3791,0,0,0,0,0,0,0,0,0,0,0,0,0,1.0461,1.045,1.0221,0.99886,0.99427,0.99717,0.94151,0.95527,1.0114,1.0092,1.0039,0.99127,1.0058,1.002,0.99532,1.0076,1.016,1.017,1.0409,0.986,1.0147,1.0407,1.0353,1.0152,1.054,1.045,1.0257,1.0488,1.0505,1.0419,0.99056,0.97838,1.0373,0.98309,1.037,1.0262,1.0475,1.0436,1.026,-0.5157,0.41247,-0.29339,0.84589,-1.1707,-1.0162,0.6202,-0.58103,-0.53812,0.50813,1.1923,0.64678,-2.4439,0.54357,0.94849,0.84502,2.5962,2.5453,-5.2448,-0.048923,-0.054445,2.3875,1.7463,1.6439,-1.5223,1.6028,0.8328,0.62845,-0.5178,-1.1068,0.54397,0.95704,0.85541,0.7308,0.059971,0.56895,-0.52636,0.48458,-1.1485,0.46991,1.2091,0.47252,0.44655,0.37035,0.71486,-0.50089,4.311,14.405,-10.625,-20.857,6.3139
1.0567,1.0605,1.0799,1.0477,1.0472,1.0499,1.0486,1.0553,1.0505,1.0658,1.6083,1.6719,1.6259,1.6332,1.6622,1.678,1.6343,1.6208,1.5887,1.7514,1.726,1.7234,1.7278,1.6739,1.6285,1.6389,1.6336,1.6224,1.6907,1.6526,1.671,1.7404,1.7363,1.6373,1.6889,1.7008,1.6489,1.7414,1.7844,1.7339,1.7938,2.0025,1.7713,1.73,1.8211,1.8668,1.7953,1.8952,1.5723,1.4128,0,10.394,0,-0.6202,0,0,0,0,0,1.4168,0,5.8941,0,-0.41568,0,0,0,0,0,0,0,0,0,0,0,0,0,0,0,0,0,0,0,0,0,0,0,0,0,0,0,0,0,1.4227,-3.3941,0,0,0,0,0,0,0,0,0,0,0,0,0,1.0461,1.045,1.0221,0.99886,0.99427,0.99717,0.94151,0.95527,1.0114,1.0092,1.0039,0.99127,1.0058,1.002,0.99532,1.0076,1.016,1.017,1.0409,0.986,1.0147,1.0407,1.0353,1.0152,1.054,1.045,1.0257,1.0488,1.0505,1.0419,0.99058,0.97802,1.0373,0.9831,1.037,1.0262,1.0475,1.0436,1.026,-0.50021,0.39543,-0.29431,0.85833,-1.1686,-1.0342,0.63559,-0.59665,-0.54219,0.50535,1.2068,0.6477,-2.4675,0.54282,0.94328,0.83827,2.6228,2.5813,-5.309,-0.050195,-0.054807,2.4214,1.7745,1.6704,-1.537,1.6229,0.84369,0.63698,-0.53149,-1.1095,0.55481,0.96516,0.86197,0.73994,0.061144,0.57527,-0.53313,0.49039,-1.1455,0.47675,1.2136,0.47867,0.45229,0.37489,0.72341,-0.50844,4.311,14.405,-10.625,-20.857,6.3139
1.0731,1.076,1.093,1.0653,1.063,1.0662,1.0649,1.0719,1.0663,1.0796,1.7153,1.7784,1.7324,1.74,1.7692,1.785,1.7413,1.7278,1.6958,1.8587,1.8332,1.8306,1.835,1.7808,1.7348,1.7449,1.7398,1.7288,1.7965,1.7582,1.777,1.8462,1.8421,1.7433,1.7953,1.8071,1.7552,1.8475,1.8903,1.8404,1.9006,2.1112,1.8769,1.8355,1.9269,1.9725,1.9017,2.001,1.6796,1.4121,0,10.169,0,-0.60556,0,0,0,0,0,1.4167,0,5.9563,0,-0.41848,0,0,0,0,0,0,0,0,0,0,0,0,0,0,0,0,0,0,0,0,0,0,0,0,0,0,0,0,0,1.4232,-3.4077,0,0,0,0,0,0,0,0,0,0,0,0,0,1.0461,1.045,1.0221,0.99886,0.99427,0.99717,0.94151,0.95527,1.0114,1.0092,1.0039,0.99127,1.0058,1.002,0.99532,1.0076,1.016,1.017,1.0409,0.986,1.0147,1.0407,1.0353,1.0152,1.054,1.045,1.0257,1.0488,1.0505,1.0419,0.9906,0.97767,1.0373,0.98311,1.037,1.0263,1.0475,1.0436,1.026,-0.48822,0.38198,-0.29386,0.86782,-1.168,-1.0495,0.64985,-0.6096,-0.54604,0.50335,1.2192,0.64876,-2.4902,0.5425,0.9396,0.83321,2.6479,2.6135,-5.3681,-0.051247,-0.055175,2.4519,1.7997,1.6941,-1.5505,1.6413,0.85326,0.64462,-0.54419,-1.1119,0.56188,0.97392,0.86877,0.74793,0.062856,0.57977,-0.53922,0.49703,-1.1413,0.48035,1.2175,0.48496,0.45818,0.37956,0.73244,-0.51566,4.311,14.405,-10.625,-20.857,6.3139
1.0878,1.0908,1.1051,1.0811,1.0781,1.0809,1.0803,1.086,1.0813,1.0924,1.8236,1.8864,1.8404,1.8482,1.8776,1.8935,1.8497,1.8363,1.8044,1.9674,1.9418,1.9392,1.9436,1.8891,1.8427,1.8526,1.8475,1.8366,1.9038,1.8654,1.8845,1.9536,1.9495,1.8509,1.9033,1.9149,1.8629,1.955,1.9978,1.9484,2.0089,2.2211,1.9842,1.9426,2.0342,2.0797,2.0095,2.1084,1.7881,1.4119,0,9.9574,0,-0.59216,0,0,0,0,0,1.4167,0,6.0146,0,-0.42104,0,0,0,0,0,0,0,0,0,0,0,0,0,0,0,0,0,0,0,0,0,0,0,0,0,0,0,0,0,1.4236,-3.42,0,0,0,0,0,0,0,0,0,0,0,0,0,1.0461,1.045,1.0221,0.99886,0.99427,0.99717,0.94151,0.95527,1.0114,1.0092,1.0039,0.99127,1.0058,1.002,0.99532,1.0076,1.016,1.017,1.0409,0.986,1.0147,1.0407,1.0353,1.0152,1.054,1.045,1.0257,1.0488,1.0505,1.0419,0.99062,0.97735,1.0373,0.98312,1.037,1.0263,1.0475,1.0436,1.026,-0.47902,0.37146,-0.29318,0.87658,-1.1697,-1.0632,0.66273,-0.62131,-0.54937,0.50234,1.2313,0.65058,-2.5099,0.54292,0.93761,0.8299,2.67,2.6425,-5.4208,-0.052257,-0.055531,2.4791,1.8222,1.7151,-1.5625,1.6565,0.86236,0.65183,-0.55564,-1.1139,0.56556,0.98391,0.87723,0.75556,0.064173,0.58463,-0.54496,0.50255,-1.1373,0.48323,1.2209,0.49088,0.46374,0.38403,0.74098,-0.52056,4.311,14.405,-10.625,-20.857,6.3139
1.1005,1.1041,1.1171,1.0945,1.0927,1.0944,1.0945,1.0983,1.0953,1.1044,1.9332,1.9957,1.9498,1.9579,1.9874,2.0033,1.9595,1.946,1.9142,2.0775,2.0517,2.0491,2.0535,1.9988,1.9519,1.9616,1.9567,1.9458,2.0126,1.9741,1.9934,2.0625,2.0584,1.9599,2.0126,2.0241,1.9721,2.064,2.1067,2.0578,2.1187,2.3322,2.093,2.0511,2.143,2.1885,2.1187,2.2172,1.898,1.4121,0,9.7598,0,-0.57991,0,0,0,0,0,1.4166,0,6.0692,0,-0.42338,0,0,0,0,0,0,0,0,0,0,0,0,0,0,0,0,0,0,0,0,0,0,0,0,0,0,0,0,0,1.4239,-3.4311,0,0,0,0,0,0,0,0,0,0,0,0,0,1.0461,1.045,1.0221,0.99886,0.99427,0.99717,0.94151,0.95527,1.0114,1.0092,1.0039,0.99127,1.0058,1.002,0.99532,1.0076,1.016,1.017,1.0409,0.986,1.0147,1.0407,1.0353,1.0152,1.054,1.045,1.0257,1.0488,1.0505,1.0419,0.99063,0.97706,1.0373,0.98314,1.037,1.0263,1.0475,1.0436,1.026,-0.47167,0.36292,-0.29333,0.88515,-1.1721,-1.0759,0.67408,-0.6322,-0.55257,0.50209,1.2433,0.65293,-2.5278,0.54395,0.93706,0.82812,2.6902,2.669,-5.4686,-0.053211,-0.055866,2.504,1.8426,1.7342,-1.5728,1.6694,0.87093,0.65841,-0.56568,-1.1155,0.56856,0.9931,0.88526,0.76279,0.064544,0.59022,-0.55018,0.50655,-1.1343,0.48699,1.2238,0.49602,0.46855,0.38787,0.74823,-0.52329,4.311,14.405,-10.625,-20.857,6.3139
1.1114,1.1155,1.1288,1.1061,1.1062,1.1072,1.107,1.1099,1.1081,1.1157,2.0441,2.1063,2.0604,2.0687,2.0984,2.1143,2.0705,2.057,2.0251,2.1887,2.1629,2.1602,2.1647,2.1097,2.0624,2.072,2.0671,2.0563,2.1227,2.0841,2.1036,2.1726,2.1685,2.0702,2.1231,2.1346,2.0825,2.1743,2.217,2.1684,2.2296,2.4445,2.203,2.161,2.2531,2.2985,2.2292,2.3274,2.009,1.4124,0,9.5749,0,-0.5687,0,0,0,0,0,1.4165,0,6.1202,0,-0.42552,0,0,0,0,0,0,0,0,0,0,0,0,0,0,0,0,0,0,0,0,0,0,0,0,0,0,0,0,0,1.4242,-3.4411,0,0,0,0,0,0,0,0,0,0,0,0,0,1.0461,1.045,1.0221,0.99886,0.99427,0.99717,0.94151,0.95527,1.0114,1.0092,1.0039,0.99127,1.0058,1.002,0.99532,1.0076,1.016,1.017,1.0409,0.986,1.0147,1.0407,1.0353,1.0152,1.054,1.045,1.0257,1.0488,1.0505,1.0419,0.99064,0.9768,1.0373,0.98314,1.037,1.0263,1.0475,1.0437,1.026,-0.46519,0.35531,-0.29502,0.893,-1.1728,-1.0886,0.6839,-0.64229,-0.55623,0.50214,1.2545,0.65529,-2.5459,0.54528,0.93742,0.82739,2.7101,2.6942,-5.5145,-0.054023,-0.056177,2.5278,1.8616,1.7521,-1.5817,1.6818,0.87848,0.66398,-0.57433,-1.1168,0.57363,0.99911,0.89005,0.76913,0.064066,0.59571,-0.55459,0.50967,-1.1325,0.49199,1.2264,0.50021,0.47242,0.39076,0.75378,-0.52532,4.311,14.405,-10.625,-20.857,6.3139
1.1217,1.1258,1.1393,1.1176,1.1176,1.1188,1.1182,1.121,1.1193,1.1263,2.156,2.218,2.1721,2.1807,2.2105,2.2264,2.1826,2.1691,2.1372,2.3011,2.2752,2.2725,2.2769,2.2217,2.174,2.1834,2.1786,2.1679,2.234,2.1953,2.215,2.2839,2.2798,2.1817,2.2347,2.2462,2.1941,2.2857,2.3284,2.2801,2.3417,2.5578,2.3142,2.2721,2.3644,2.4098,2.3407,2.4387,2.1211,1.4129,0,9.4018,0,-0.55844,0,0,0,0,0,1.4165,0,6.168,0,-0.42748,0,0,0,0,0,0,0,0,0,0,0,0,0,0,0,0,0,0,0,0,0,0,0,0,0,0,0,0,0,1.4245,-3.4502,0,0,0,0,0,0,0,0,0,0,0,0,0,1.0461,1.045,1.0221,0.99886,0.99427,0.99717,0.94151,0.95527,1.0114,1.0092,1.0039,0.99127,1.0058,1.002,0.99532,1.0076,1.016,1.017,1.0409,0.986,1.0147,1.0407,1.0353,1.0152,1.054,1.045,1.0257,1.0488,1.0505,1.0419,0.99065,0.97655,1.0373,0.98315,1.037,1.0263,1.0476,1.0437,1.026,-0.45887,0.34793,-0.29796,0.89948,-1.1711,-1.1012,0.69249,-0.65205,-0.56016,0.50245,1.2656,0.65788,-2.5637,0.54676,0.9381,0.82701,2.7298,2.7186,-5.5596,-0.054786,-0.056488,2.5508,1.8796,1.7689,-1.5892,1.6935,0.88495,0.66907,-0.58184,-1.1179,0.57944,1.0037,0.89345,0.77449,0.064679,0.59938,-0.55856,0.51293,-1.1315,0.49598,1.2286,0.50376,0.47571,0.39324,0.75846,-0.52878,4.311,14.405,-10.625,-20.857,6.3139
1.1318,1.1354,1.1486,1.1287,1.1273,1.1293,1.1283,1.1316,1.1293,1.1363,2.2689,2.3307,2.2848,2.2937,2.3236,2.3396,2.2957,2.2823,2.2503,2.4145,2.3885,2.3857,2.3902,2.3348,2.2867,2.296,2.2912,2.2805,2.3463,2.3076,2.3275,2.3964,2.3922,2.2942,2.3474,2.3589,2.3067,2.3983,2.4409,2.3928,2.4547,2.6722,2.4265,2.3844,2.4767,2.5221,2.4533,2.5511,2.2342,1.4133,0,9.24,0,-0.54905,0,0,0,0,0,1.4164,0,6.2128,0,-0.42927,0,0,0,0,0,0,0,0,0,0,0,0,0,0,0,0,0,0,0,0,0,0,0,0,0,0,0,0,0,1.4246,-3.4584,0,0,0,0,0,0,0,0,0,0,0,0,0,1.0461,1.045,1.0221,0.99886,0.99427,0.99717,0.94151,0.95527,1.0114,1.0092,1.0039,0.99127,1.0058,1.002,0.99532,1.0076,1.016,1.017,1.0409,0.986,1.0147,1.0407,1.0353,1.0152,1.054,1.045,1.0257,1.0488,1.0505,1.0419,0.99066,0.97629,1.0373,0.98315,1.037,1.0263,1.0476,1.0437,1.026,-0.45274,0.34081,-0.3013,0.905,-1.1682,-1.1133,0.70027,-0.66122,-0.56415,0.50279,1.2762,0.66037,-2.581,0.54818,0.93878,0.82667,2.7488,2.7417,-5.603,-0.055481,-0.056788,2.5726,1.8964,1.7847,-1.5957,1.7042,0.89073,0.67381,-0.5886,-1.1187,0.58448,1.0084,0.897,0.77924,0.065936,0.60195,-0.56225,0.51647,-1.1307,0.49909,1.2303,0.50704,0.47875,0.39558,0.76287,-0.53312,4.311,14.405,-10.625,-20.857,6.3139
1.142,1.1449,1.1564,1.1386,1.1364,1.1386,1.138,1.1411,1.1384,1.1458,2.3829,2.4444,2.3986,2.4077,2.4377,2.4537,2.4098,2.3964,2.3644,2.5288,2.5027,2.5,2.5044,2.4488,2.4004,2.4096,2.4048,2.3942,2.4597,2.4209,2.441,2.5098,2.5057,2.4077,2.4611,2.4725,2.4203,2.5117,2.5543,2.5065,2.5688,2.7875,2.5399,2.4976,2.5901,2.6354,2.5669,2.6645,2.3483,1.4138,0,9.0884,0,-0.54047,0,0,0,0,0,1.4164,0,6.2547,0,-0.43091,0,0,0,0,0,0,0,0,0,0,0,0,0,0,0,0,0,0,0,0,0,0,0,0,0,0,0,0,0,1.4248,-3.4659,0,0,0,0,0,0,0,0,0,0,0,0,0,1.0461,1.045,1.0221,0.99886,0.99427,0.99717,0.94151,0.95527,1.0114,1.0092,1.0039,0.99127,1.0058,1.002,0.99532,1.0076,1.016,1.017,1.0409,0.986,1.0147,1.0407,1.0353,1.0152,1.054,1.045,1.0257,1.0488,1.0505,1.0419,0.99067,0.97605,1.0373,0.98316,1.037,1.0263,1.0476,1.0437,1.026,-0.44698,0.3341,-0.30367,0.9104,-1.1664,-1.1242,0.70786,-0.6693,-0.56782,0.50277,1.2851,0.66219,-2.5976,0.5492,0.939,0.82599,2.7668,2.7629,-5.6429,-0.056067,-0.057059,2.5928,1.912,1.7994,-1.6018,1.7139,0.89646,0.67831,-0.59525,-1.1191,0.58661,1.015,0.90277,0.78403,0.066724,0.60492,-0.56584,0.52031,-1.129,0.50203,1.2317,0.51059,0.48206,0.39816,0.76784,-0.53702,4.311,14.405,-10.625,-20.857,6.3139
1.1516,1.1538,1.1636,1.1473,1.1454,1.1471,1.147,1.1499,1.147,1.1547,2.4977,2.5591,2.5133,2.5226,2.5527,2.5687,2.5248,2.5113,2.4794,2.644,2.6178,2.6151,2.6195,2.5637,2.515,2.524,2.5194,2.5088,2.574,2.5351,2.5554,2.6241,2.62,2.5222,2.5757,2.587,2.5349,2.6261,2.6687,2.6211,2.6837,2.9035,2.6541,2.6117,2.7044,2.7496,2.6815,2.7788,2.4633,1.4142,0,8.9464,0,-0.53262,0,0,0,0,0,1.4164,0,6.2939,0,-0.43242,0,0,0,0,0,0,0,0,0,0,0,0,0,0,0,0,0,0,0,0,0,0,0,0,0,0,0,0,0,1.4249,-3.4726,0,0,0,0,0,0,0,0,0,0,0,0,0,1.0461,1.045,1.0221,0.99886,0.99427,0.99717,0.94151,0.95527,1.0114,1.0092,1.0039,0.99127,1.0058,1.002,0.99532,1.0076,1.016,1.017,1.0409,0.986,1.0147,1.0407,1.0353,1.0152,1.054,1.045,1.0257,1.0488,1.0505,1.0419,0.99068,0.97583,1.0373,0.98317,1.0371,1.0264,1.0476,1.0437,1.026,-0.44141,0.32763,-0.30493,0.91659,-1.1666,-1.1341,0.7156,-0.67707,-0.57075,0.50257,1.2934,0.66378,-2.6119,0.54999,0.93877,0.82492,2.7824,2.7824,-5.6789,-0.056656,-0.057281,2.6113,1.9268,1.8133,-1.6081,1.7232,0.90217,0.6827,-0.60213,-1.1194,0.58851,1.0215,0.90843,0.78889,0.067124,0.60848,-0.56938,0.52355,-1.1267,0.50504,1.2328,0.51421,0.48546,0.4009,0.77313,-0.54007,4.311,14.405,-10.625,-20.857,6.3139
1.1599,1.162,1.1708,1.1548,1.1545,1.1553,1.1553,1.1582,1.1554,1.1631,2.6135,2.6746,2.6288,2.6383,2.6685,2.6845,2.6406,2.6272,2.5952,2.76,2.7338,2.731,2.7355,2.6795,2.6305,2.6393,2.6347,2.6242,2.6892,2.6502,2.6706,2.7393,2.7351,2.6374,2.6911,2.7024,2.6502,2.7413,2.7839,2.7367,2.7995,3.0202,2.7692,2.7266,2.8195,2.8647,2.7969,2.8939,2.5792,1.4146,0,8.8136,0,-0.52544,0,0,0,0,0,1.4163,0,6.3306,0,-0.43379,0,0,0,0,0,0,0,0,0,0,0,0,0,0,0,0,0,0,0,0,0,0,0,0,0,0,0,0,0,1.425,-3.4787,0,0,0,0,0,0,0,0,0,0,0,0,0,1.0461,1.045,1.0221,0.99886,0.99427,0.99717,0.94151,0.95527,1.0114,1.0092,1.0039,0.99127,1.0058,1.002,0.99532,1.0076,1.016,1.017,1.0409,0.986,1.0147,1.0407,1.0353,1.0152,1.054,1.045,1.0257,1.0488,1.0505,1.0419,0.99069,0.97563,1.0373,0.98318,1.0371,1.0264,1.0476,1.0437,1.026,-0.43586,0.32128,-0.30514,0.92378,-1.1689,-1.1431,0.7236,-0.68491,-0.5728,0.50225,1.3019,0.66533,-2.6234,0.5506,0.93812,0.82341,2.7956,2.8005,-5.711,-0.057299,-0.057448,2.6283,1.9409,1.8266,-1.6148,1.7323,0.90786,0.687,-0.60933,-1.1197,0.59171,1.0266,0.91265,0.79378,0.067225,0.6126,-0.57286,0.52584,-1.1239,0.50817,1.2339,0.51776,0.48883,0.4037,0.77848,-0.5422,4.311,14.405,-10.625,-20.857,6.3139
1.1671,1.1694,1.1781,1.1624,1.1626,1.1632,1.163,1.166,1.1635,1.1709,2.73,2.7909,2.7451,2.7548,2.7851,2.8011,2.7572,2.7438,2.7119,2.8767,2.8505,2.8476,2.8521,2.796,2.7467,2.7554,2.7509,2.7404,2.8051,2.7661,2.7866,2.8552,2.8511,2.7535,2.8074,2.8186,2.7664,2.8574,2.8999,2.853,2.916,3.1376,2.8851,2.8425,2.9354,2.9806,2.9131,3.0098,2.6959,1.4149,0,8.6892,0,-0.51887,0,0,0,0,0,1.4163,0,6.365,0,-0.43504,0,0,0,0,0,0,0,0,0,0,0,0,0,0,0,0,0,0,0,0,0,0,0,0,0,0,0,0,0,1.4251,-3.4841,0,0,0,0,0,0,0,0,0,0,0,0,0,1.0461,1.045,1.0221,0.99886,0.99427,0.99717,0.94151,0.95527,1.0114,1.0092,1.0039,0.99127,1.0058,1.002,0.99532,1.0076,1.016,1.017,1.0409,0.986,1.0147,1.0407,1.0353,1.0152,1.054,1.045,1.0257,1.0488,1.0505,1.0419,0.99069,0.97544,1.0374,0.98318,1.0371,1.0264,1.0476,1.0437,1.026,-0.43005,0.3147,-0.30534,0.92999,-1.1698,-1.1517,0.73125,-0.69225,-0.57479,0.50157,1.3092,0.66633,-2.6349,0.55088,0.937,0.82153,2.8083,2.8177,-5.7415,-0.057882,-0.057604,2.6445,1.9544,1.8394,-1.6213,1.7415,0.91322,0.69102,-0.61622,-1.1201,0.59635,1.0304,0.91562,0.79836,0.067287,0.61632,-0.57611,0.52845,-1.1213,0.51091,1.2351,0.52099,0.49186,0.40614,0.78315,-0.54428,4.311,14.405,-10.625,-20.857,6.3139
1.1735,1.1762,1.1852,1.1703,1.1698,1.1709,1.1702,1.1734,1.1712,1.1781,2.8473,2.908,2.8622,2.872,2.9024,2.9185,2.8746,2.8611,2.8293,2.9942,2.9679,2.965,2.9696,2.9132,2.8637,2.8723,2.8678,2.8574,2.9218,2.8827,2.9034,2.972,2.9679,2.8704,2.9244,2.9355,2.8833,2.9742,3.0167,2.97,3.0333,3.2558,3.0017,2.9591,3.0521,3.0973,3.03,3.1266,2.8133,1.4152,0,8.5727,0,-0.51286,0,0,0,0,0,1.4163,0,6.3971,0,-0.43619,0,0,0,0,0,0,0,0,0,0,0,0,0,0,0,0,0,0,0,0,0,0,0,0,0,0,0,0,0,1.4252,-3.4891,0,0,0,0,0,0,0,0,0,0,0,0,0,1.0461,1.045,1.0221,0.99886,0.99427,0.99717,0.94151,0.95527,1.0114,1.0092,1.0039,0.99127,1.0058,1.002,0.99532,1.0076,1.016,1.017,1.0409,0.986,1.0147,1.0407,1.0353,1.0152,1.054,1.045,1.0257,1.0488,1.0505,1.0419,0.9907,0.97527,1.0374,0.98318,1.0371,1.0264,1.0476,1.0437,1.026,-0.42394,0.30788,-0.30588,0.93512,-1.169,-1.1601,0.73835,-0.69914,-0.57687,0.50061,1.3158,0.66691,-2.6463,0.5509,0.93552,0.81939,2.8208,2.834,-5.7709,-0.058404,-0.057756,2.6602,1.9673,1.8516,-1.6274,1.7503,0.9182,0.69479,-0.6226,-1.1205,0.6014,1.0334,0.91801,0.8026,0.06751,0.61945,-0.57917,0.53147,-1.1188,0.51324,1.2362,0.52385,0.49452,0.40819,0.78711,-0.54662,4.311,14.405,-10.625,-20.857,6.3139
1.1801,1.1828,1.1915,1.1778,1.1766,1.178,1.1773,1.1801,1.1783,1.1848,2.9652,3.0257,2.9799,2.9899,3.0204,3.0365,2.9926,2.9791,2.9473,3.1124,3.086,3.0831,3.0876,3.0312,2.9813,2.9899,2.9854,2.975,3.0392,3.0001,3.021,3.0894,3.0853,2.9879,3.0421,3.0532,3.0009,3.0917,3.1341,3.0877,3.1512,3.3746,3.1191,3.0764,3.1695,3.2147,3.1477,3.244,2.9314,1.4154,0,8.4636,0,-0.50736,0,0,0,0,0,1.4163,0,6.4273,0,-0.43724,0,0,0,0,0,0,0,0,0,0,0,0,0,0,0,0,0,0,0,0,0,0,0,0,0,0,0,0,0,1.4253,-3.4936,0,0,0,0,0,0,0,0,0,0,0,0,0,1.0461,1.045,1.0221,0.99886,0.99427,0.99717,0.94151,0.95527,1.0114,1.0092,1.0039,0.99127,1.0058,1.002,0.99532,1.0076,1.016,1.017,1.0409,0.986,1.0147,1.0407,1.0353,1.0152,1.054,1.045,1.0257,1.0488,1.0505,1.0419,0.99071,0.9751,1.0374,0.98319,1.0371,1.0264,1.0476,1.0437,1.026,-0.41771,0.30098,-0.30707,0.93992,-1.167,-1.1683,0.74474,-0.70595,-0.57898,0.49976,1.3224,0.66764,-2.657,0.55095,0.93402,0.81721,2.8327,2.8498,-5.7992,-0.058919,-0.057903,2.6751,1.9794,1.863,-1.6326,1.758,0.92286,0.69847,-0.62831,-1.1207,0.60424,1.0376,0.92146,0.80657,0.068265,0.622,-0.58216,0.53443,-1.1169,0.51532,1.2371,0.52635,0.49686,0.41002,0.79059,-0.54955,4.311,14.405,-10.625,-20.857,6.3139
1.1868,1.1893,1.1972,1.1848,1.1831,1.1846,1.1842,1.1862,1.1847,1.191,3.0839,3.1441,3.0983,3.1085,3.1391,3.1552,3.1112,3.0978,3.0661,3.2312,3.2048,3.2019,3.2064,3.1498,3.0997,3.1081,3.1037,3.0934,3.1573,3.1181,3.1392,3.2076,3.2034,3.1061,3.1605,3.1715,3.1192,3.2099,3.2523,3.2061,3.2698,3.494,3.2372,3.1944,3.2877,3.3327,3.266,3.3622,3.0502,1.4156,0,8.3616,0,-0.50233,0,0,0,0,0,1.4163,0,6.4555,0,-0.4382,0,0,0,0,0,0,0,0,0,0,0,0,0,0,0,0,0,0,0,0,0,0,0,0,0,0,0,0,0,1.4253,-3.4977,0,0,0,0,0,0,0,0,0,0,0,0,0,1.0461,1.045,1.0221,0.99886,0.99427,0.99717,0.94151,0.95527,1.0114,1.0092,1.0039,0.99127,1.0058,1.002,0.99532,1.0076,1.016,1.017,1.0409,0.986,1.0147,1.0407,1.0353,1.0152,1.054,1.045,1.0257,1.0488,1.0505,1.0419,0.99072,0.97494,1.0374,0.98319,1.0371,1.0264,1.0476,1.0437,1.026,-0.41149,0.29417,-0.30873,0.94453,-1.1644,-1.1763,0.7505,-0.71261,-0.58108,0.49901,1.3291,0.66848,-2.667,0.55101,0.93254,0.81508,2.844,2.8648,-5.8264,-0.059424,-0.058042,2.6893,1.9908,1.8737,-1.6372,1.7647,0.92722,0.70201,-0.63344,-1.1208,0.60523,1.0426,0.92574,0.81029,0.069355,0.62413,-0.58503,0.53724,-1.1154,0.51729,1.2378,0.52858,0.49894,0.41168,0.79371,-0.55281,4.311,14.405,-10.625,-20.857,6.3139
1.1934,1.1954,1.2024,1.1909,1.1896,1.1907,1.1906,1.1923,1.1908,1.1967,3.2031,3.2631,3.2174,3.2277,3.2583,3.2745,3.2305,3.217,3.1854,3.3506,3.3241,3.3212,3.3257,3.269,3.2187,3.227,3.2226,3.2123,3.2761,3.2368,3.258,3.3264,3.3222,3.225,3.2794,3.2904,3.2382,3.3288,3.3711,3.3251,3.389,3.614,3.356,3.313,3.4064,3.4515,3.3849,3.4809,3.1696,1.4158,0,8.2659,0,-0.49773,0,0,0,0,0,1.4163,0,6.4819,0,-0.43908,0,0,0,0,0,0,0,0,0,0,0,0,0,0,0,0,0,0,0,0,0,0,0,0,0,0,0,0,0,1.4254,-3.5014,0,0,0,0,0,0,0,0,0,0,0,0,0,1.0461,1.045,1.0221,0.99886,0.99427,0.99717,0.94151,0.95527,1.0114,1.0092,1.0039,0.99127,1.0058,1.002,0.99532,1.0076,1.016,1.017,1.0409,0.986,1.0147,1.0407,1.0353,1.0152,1.054,1.045,1.0257,1.0488,1.0505,1.0419,0.99072,0.97478,1.0374,0.9832,1.0371,1.0264,1.0476,1.0437,1.026,-0.40606,0.28816,-0.30979,0.94951,-1.1635,-1.1836,0.75611,-0.71863,-0.58293,0.49827,1.3349,0.66913,-2.6763,0.55107,0.93128,0.81325,2.8543,2.8786,-5.8511,-0.059876,-0.058165,2.7023,2.0014,1.8837,-1.6415,1.7711,0.9313,0.70517,-0.63845,-1.1207,0.60681,1.0468,0.92935,0.81377,0.069725,0.62663,-0.58758,0.53952,-1.1136,0.51979,1.2383,0.53085,0.50106,0.41336,0.79692,-0.55509,4.311,14.405,-10.625,-20.857,6.3139
1.1997,1.2012,1.2071,1.1961,1.1961,1.1965,1.1966,1.1983,1.1964,1.2019,3.3229,3.3827,3.337,3.3475,3.3782,3.3943,3.3504,3.3369,3.3053,3.4705,3.4441,3.4411,3.4456,3.3888,3.3383,3.3465,3.3422,3.3319,3.3955,3.3562,3.3774,3.4458,3.4416,3.3445,3.399,3.4099,3.3577,3.4482,3.4905,3.4447,3.5089,3.7344,3.4753,3.4323,3.5258,3.5708,3.5044,3.6003,3.2895,1.4159,0,8.1765,0,-0.49353,0,0,0,0,0,1.4163,0,6.5066,0,-0.43989,0,0,0,0,0,0,0,0,0,0,0,0,0,0,0,0,0,0,0,0,0,0,0,0,0,0,0,0,0,1.4254,-3.5047,0,0,0,0,0,0,0,0,0,0,0,0,0,1.0461,1.045,1.0221,0.99886,0.99427,0.99717,0.94151,0.95527,1.0114,1.0092,1.0039,0.99127,1.0058,1.002,0.99532,1.0076,1.016,1.017,1.0409,0.986,1.0147,1.0407,1.0353,1.0152,1.054,1.045,1.0257,1.0488,1.0505,1.0419,0.99073,0.97464,1.0374,0.9832,1.0371,1.0264,1.0476,1.0437,1.026,-0.4015,0.28303,-0.31016,0.95485,-1.1645,-1.1901,0.76163,-0.72398,-0.58452,0.49756,1.34,0.66959,-2.6849,0.55115,0.93027,0.81176,2.8637,2.891,-5.8733,-0.060274,-0.058271,2.7142,2.0113,1.893,-1.6456,1.7774,0.93512,0.70793,-0.64338,-1.1204,0.60925,1.0501,0.9321,0.817,0.069328,0.62953,-0.58979,0.54123,-1.1114,0.5228,1.2386,0.5332,0.50326,0.41508,0.80026,-0.55629,4.311,14.405,-10.625,-20.857,6.3139
1.2051,1.2063,1.2118,1.2014,1.2018,1.2021,1.2021,1.2039,1.2018,1.2068,3.4432,3.5029,3.4572,3.4678,3.4985,3.5147,3.4707,3.4573,3.4256,3.591,3.5645,3.5615,3.5661,3.5091,3.4584,3.4665,3.4622,3.452,3.5154,3.4761,3.4974,3.5657,3.5616,3.4645,3.5191,3.53,3.4777,3.5682,3.6105,3.5649,3.6292,3.8554,3.5952,3.5521,3.6457,3.6907,3.6245,3.7202,3.4099,1.416,0,8.0928,0,-0.48967,0,0,0,0,0,1.4162,0,6.5297,0,-0.44062,0,0,0,0,0,0,0,0,0,0,0,0,0,0,0,0,0,0,0,0,0,0,0,0,0,0,0,0,0,1.4254,-3.5077,0,0,0,0,0,0,0,0,0,0,0,0,0,1.0461,1.045,1.0221,0.99886,0.99427,0.99717,0.94151,0.95527,1.0114,1.0092,1.0039,0.99127,1.0058,1.002,0.99532,1.0076,1.016,1.017,1.0409,0.986,1.0147,1.0407,1.0353,1.0152,1.054,1.045,1.0257,1.0488,1.0505,1.0419,0.99073,0.97451,1.0374,0.98321,1.0371,1.0264,1.0476,1.0437,1.026,-0.39764,0.27866,-0.31033,0.95962,-1.1657,-1.196,0.76684,-0.72897,-0.58593,0.49712,1.345,0.67028,-2.6927,0.55138,0.92962,0.81062,2.8723,2.9026,-5.8939,-0.060663,-0.058373,2.7252,2.0204,1.9016,-1.6495,1.7833,0.9386,0.71053,-0.64807,-1.1201,0.61218,1.0525,0.93405,0.81994,0.069227,0.632,-0.59186,0.5428,-1.1092,0.52493,1.2389,0.53545,0.50537,0.41678,0.80354,-0.55745,4.311,14.405,-10.625,-20.857,6.3139
1.2095,1.2108,1.2164,1.2068,1.2068,1.2073,1.207,1.2091,1.207,1.2113,3.564,3.6236,3.5779,3.5886,3.6194,3.6356,3.5916,3.5781,3.5465,3.712,3.6854,3.6824,3.687,3.6299,3.579,3.5871,3.5828,3.5726,3.6359,3.5965,3.6179,3.6862,3.6821,3.5851,3.6398,3.6506,3.5983,3.6887,3.731,3.6856,3.7501,3.9768,3.7156,3.6726,3.7662,3.8112,3.7452,3.8406,3.5308,1.416,0,8.0144,0,-0.48616,0,0,0,0,0,1.4162,0,6.5513,0,-0.44129,0,0,0,0,0,0,0,0,0,0,0,0,0,0,0,0,0,0,0,0,0,0,0,0,0,0,0,0,0,1.4254,-3.5104,0,0,0,0,0,0,0,0,0,0,0,0,0,1.0461,1.045,1.0221,0.99886,0.99427,0.99717,0.94151,0.95527,1.0114,1.0092,1.0039,0.99127,1.0058,1.002,0.99532,1.0076,1.016,1.017,1.0409,0.986,1.0147,1.0407,1.0353,1.0152,1.054,1.045,1.0257,1.0488,1.0505,1.0419,0.99074,0.97439,1.0374,0.98321,1.0371,1.0264,1.0476,1.0437,1.026,-0.39442,0.27501,-0.31044,0.96354,-1.1668,-1.2014,0.7717,-0.7337,-0.58717,0.49702,1.3502,0.67133,-2.6996,0.55182,0.92933,0.80984,2.8802,2.9135,-5.9133,-0.061055,-0.058476,2.7355,2.0288,1.9096,-1.6532,1.7889,0.94173,0.71302,-0.65245,-1.12,0.61545,1.0543,0.93524,0.82258,0.069707,0.63379,-0.59384,0.54434,-1.1071,0.52583,1.2392,0.53755,0.50736,0.41843,0.80668,-0.55884,4.311,14.405,-10.625,-20.857,6.3139
1.2135,1.215,1.2208,1.212,1.2112,1.2121,1.2116,1.2136,1.2119,1.2155,3.6853,3.7447,3.699,3.7098,3.7407,3.7569,3.7129,3.6994,3.6678,3.8334,3.8068,3.8038,3.8084,3.7512,3.7001,3.7081,3.7039,3.6937,3.7568,3.7174,3.7389,3.8072,3.803,3.7061,3.7609,3.7717,3.7194,3.8097,3.8519,3.8068,3.8713,4.0986,3.8365,3.7934,3.8871,3.9321,3.8663,3.9615,3.6521,1.4161,0,7.9411,0,-0.48294,0,0,0,0,0,1.4162,0,6.5716,0,-0.44191,0,0,0,0,0,0,0,0,0,0,0,0,0,0,0,0,0,0,0,0,0,0,0,0,0,0,0,0,0,1.4255,-3.5129,0,0,0,0,0,0,0,0,0,0,0,0,0,1.0461,1.045,1.0221,0.99886,0.99427,0.99717,0.94151,0.95527,1.0114,1.0092,1.0039,0.99127,1.0058,1.002,0.99532,1.0076,1.016,1.017,1.0409,0.986,1.0147,1.0407,1.0353,1.0152,1.054,1.045,1.0257,1.0488,1.0505,1.0419,0.99074,0.97428,1.0374,0.98321,1.0371,1.0264,1.0476,1.0438,1.026,-0.39149,0.27167,-0.31096,0.96664,-1.167,-1.2066,0.77595,-0.73798,-0.58858,0.49698,1.355,0.67231,-2.7066,0.55228,0.92924,0.80931,2.8881,2.9238,-5.932,-0.061394,-0.058586,2.7451,2.0367,1.9169,-1.6564,1.7938,0.9446,0.71533,-0.65626,-1.1198,0.61773,1.0564,0.93684,0.825,0.07026,0.63527,-0.59568,0.54602,-1.1053,0.52648,1.2395,0.53937,0.50907,0.41981,0.8093,-0.56043,4.311,14.405,-10.625,-20.857,6.3139
1.2174,1.2191,1.2246,1.2165,1.2154,1.2164,1.216,1.2174,1.2164,1.2195,3.8069,3.8663,3.8206,3.8315,3.8624,3.8786,3.8347,3.8212,3.7896,3.9552,3.9286,3.9256,3.9302,3.8729,3.8217,3.8296,3.8254,3.8153,3.8782,3.8388,3.8604,3.9286,3.9244,3.8276,3.8825,3.8932,3.8409,3.9311,3.9734,3.9283,3.993,4.2209,3.9579,3.9148,4.0085,4.0535,3.9878,4.0829,3.7739,1.4161,0,7.8724,0,-0.47999,0,0,0,0,0,1.4162,0,6.5906,0,-0.44247,0,0,0,0,0,0,0,0,0,0,0,0,0,0,0,0,0,0,0,0,0,0,0,0,0,0,0,0,0,1.4255,-3.5151,0,0,0,0,0,0,0,0,0,0,0,0,0,1.0461,1.045,1.0221,0.99886,0.99427,0.99717,0.94151,0.95527,1.0114,1.0092,1.0039,0.99127,1.0058,1.002,0.99532,1.0076,1.016,1.017,1.0409,0.986,1.0147,1.0407,1.0353,1.0152,1.054,1.045,1.0257,1.0488,1.0505,1.0419,0.99075,0.97417,1.0374,0.98321,1.0371,1.0264,1.0476,1.0438,1.026,-0.38868,0.26845,-0.31216,0.96892,-1.1656,-1.2117,0.77945,-0.7417,-0.59031,0.49686,1.3589,0.67299,-2.7143,0.55269,0.92925,0.80895,2.8964,2.9335,-5.9502,-0.061654,-0.058707,2.7544,2.0438,1.9237,-1.6588,1.7978,0.94726,0.71741,-0.65934,-1.1196,0.61832,1.0594,0.93947,0.82722,0.070619,0.6366,-0.59735,0.54795,-1.1041,0.52742,1.2397,0.54084,0.51042,0.42081,0.81122,-0.5622,4.311,14.405,-10.625,-20.857,6.3139
1.2212,1.2229,1.2281,1.2205,1.2195,1.2203,1.2201,1.2207,1.2204,1.2232,3.929,3.9882,3.9426,3.9536,3.9846,4.0008,3.9568,3.9433,3.9117,4.0775,4.0508,4.0478,4.0524,3.995,3.9436,3.9515,3.9473,3.9372,4.0001,3.9606,3.9822,4.0504,4.0463,3.9494,4.0044,4.0151,3.9628,4.053,4.0952,4.0502,4.1151,4.3435,4.0798,4.0365,4.1303,4.1752,4.1097,4.2048,3.896,1.4162,0,7.8081,0,-0.4773,0,0,0,0,0,1.4162,0,6.6083,0,-0.44299,0,0,0,0,0,0,0,0,0,0,0,0,0,0,0,0,0,0,0,0,0,0,0,0,0,0,0,0,0,1.4255,-3.5171,0,0,0,0,0,0,0,0,0,0,0,0,0,1.0461,1.045,1.0221,0.99886,0.99427,0.99717,0.94151,0.95527,1.0114,1.0092,1.0039,0.99127,1.0058,1.002,0.99532,1.0076,1.016,1.017,1.0409,0.986,1.0147,1.0407,1.0353,1.0152,1.054,1.045,1.0257,1.0488,1.0505,1.0419,0.99075,0.97407,1.0374,0.98322,1.0371,1.0264,1.0476,1.0438,1.026,-0.386,0.26538,-0.31361,0.97108,-1.1639,-1.2167,0.78253,-0.74516,-0.59207,0.49675,1.3624,0.67361,-2.7218,0.55309,0.92933,0.8087,2.9043,2.9426,-5.9674,-0.061882,-0.058822,2.7631,2.0504,1.93,-1.6608,1.8013,0.94972,0.71931,-0.66203,-1.1193,0.61845,1.0625,0.9422,0.82928,0.070843,0.63789,-0.59887,0.54974,-1.1032,0.52866,1.2398,0.5421,0.51158,0.42163,0.81279,-0.56387,4.311,14.405,-10.625,-20.857,6.3139
1.2249,1.2266,1.2312,1.224,1.2233,1.2239,1.2239,1.2242,1.2241,1.2267,4.0514,4.1106,4.0649,4.076,4.107,4.1232,4.0793,4.0658,4.0342,4.2,4.1734,4.1703,4.1749,4.1175,4.0659,4.0738,4.0696,4.0595,4.1222,4.0827,4.1045,4.1726,4.1685,4.0717,4.1267,4.1373,4.0851,4.1752,4.2174,4.1725,4.2376,4.4664,4.2019,4.1586,4.2525,4.2974,4.232,4.3269,4.0185,1.4162,0,7.7477,0,-0.47482,0,0,0,0,0,1.4162,0,6.625,0,-0.44346,0,0,0,0,0,0,0,0,0,0,0,0,0,0,0,0,0,0,0,0,0,0,0,0,0,0,0,0,0,1.4255,-3.5189,0,0,0,0,0,0,0,0,0,0,0,0,0,1.0461,1.045,1.0221,0.99886,0.99427,0.99717,0.94151,0.95527,1.0114,1.0092,1.0039,0.99127,1.0058,1.002,0.99532,1.0076,1.016,1.017,1.0409,0.986,1.0147,1.0407,1.0353,1.0152,1.054,1.045,1.0257,1.0488,1.0505,1.0419,0.99076,0.97397,1.0374,0.98322,1.0371,1.0264,1.0476,1.0438,1.026,-0.38346,0.26249,-0.31491,0.97386,-1.1632,-1.2213,0.78553,-0.74867,-0.59356,0.49674,1.3663,0.67439,-2.7281,0.55353,0.92943,0.80846,2.9112,2.9511,-5.9832,-0.062128,-0.058913,2.7712,2.0567,1.9359,-1.6628,1.8048,0.95198,0.72106,-0.66467,-1.1189,0.61938,1.0647,0.94406,0.83119,0.070997,0.63928,-0.60027,0.55095,-1.1023,0.53025,1.2398,0.5433,0.51268,0.42246,0.81437,-0.56517,4.311,14.405,-10.625,-20.857,6.3139
1.2286,1.23,1.2339,1.2271,1.2271,1.2273,1.2274,1.2278,1.2272,1.23,4.1742,4.2332,4.1876,4.1988,4.2299,4.2461,4.2021,4.1886,4.157,4.3229,4.2962,4.2932,4.2978,4.2403,4.1886,4.1964,4.1922,4.1821,4.2448,4.2053,4.2271,4.2952,4.291,4.1943,4.2493,4.26,4.2077,4.2977,4.34,4.2952,4.3604,4.5897,4.3245,4.2811,4.3751,4.42,4.3546,4.4495,4.1413,1.4162,0,7.6914,0,-0.47257,0,0,0,0,0,1.4162,0,6.6406,0,-0.44389,0,0,0,0,0,0,0,0,0,0,0,0,0,0,0,0,0,0,0,0,0,0,0,0,0,0,0,0,0,1.4255,-3.5206,0,0,0,0,0,0,0,0,0,0,0,0,0,1.0461,1.045,1.0221,0.99886,0.99427,0.99717,0.94151,0.95527,1.0114,1.0092,1.0039,0.99127,1.0058,1.002,0.99532,1.0076,1.016,1.017,1.0409,0.986,1.0147,1.0407,1.0353,1.0152,1.054,1.045,1.0257,1.0488,1.0505,1.0419,0.99076,0.97387,1.0374,0.98322,1.0371,1.0265,1.0476,1.0438,1.0261,-0.38107,0.25979,-0.31605,0.97725,-1.1634,-1.2257,0.78845,-0.75224,-0.59476,0.49684,1.3704,0.67535,-2.7333,0.55403,0.92955,0.80822,2.9171,2.9591,-5.9976,-0.062394,-0.05898,2.7787,2.0627,1.9415,-1.6647,1.8083,0.95406,0.72266,-0.66728,-1.1186,0.62114,1.0661,0.94504,0.83295,0.071081,0.64076,-0.60153,0.55159,-1.1016,0.53218,1.2397,0.54442,0.51374,0.42332,0.81597,-0.56608,4.311,14.405,-10.625,-20.857,6.3139
1.2321,1.2331,1.2364,1.2298,1.2305,1.2304,1.2305,1.2313,1.2302,1.2331,4.2972,4.3562,4.3106,4.3219,4.353,4.3692,4.3252,4.3117,4.2801,4.4462,4.4194,4.4164,4.4209,4.3634,4.3116,4.3193,4.3152,4.3051,4.3677,4.3281,4.35,4.4181,4.4139,4.3172,4.3723,4.3829,4.3307,4.4206,4.4629,4.4182,4.4835,4.7132,4.4473,4.404,4.4979,4.5428,4.4775,4.5724,4.2644,1.4162,0,7.6387,0,-0.47051,0,0,0,0,0,1.4162,0,6.6551,0,-0.44428,0,0,0,0,0,0,0,0,0,0,0,0,0,0,0,0,0,0,0,0,0,0,0,0,0,0,0,0,0,1.4255,-3.5221,0,0,0,0,0,0,0,0,0,0,0,0,0,1.0461,1.045,1.0221,0.99886,0.99427,0.99717,0.94151,0.95527,1.0114,1.0092,1.0039,0.99127,1.0058,1.002,0.99532,1.0076,1.016,1.017,1.0409,0.986,1.0147,1.0407,1.0353,1.0152,1.054,1.045,1.0257,1.0488,1.0505,1.0419,0.99076,0.97379,1.0374,0.98322,1.0371,1.0265,1.0477,1.0438,1.0261,-0.37884,0.25727,-0.31692,0.98069,-1.1642,-1.2297,0.79132,-0.75565,-0.59577,0.49693,1.3743,0.67628,-2.7379,0.55449,0.92964,0.80797,2.9224,2.9664,-6.0107,-0.062654,-0.059035,2.7857,2.0682,1.9467,-1.6666,1.8117,0.956,0.72415,-0.66985,-1.1182,0.62326,1.0671,0.94562,0.8346,0.071129,0.64221,-0.60271,0.55205,-1.1007,0.53403,1.2396,0.54555,0.51481,0.42421,0.81764,-0.56678,4.311,14.405,-10.625,-20.857,6.3139
1.2351,1.2359,1.239,1.2328,1.2334,1.2334,1.2334,1.2345,1.233,1.236,4.4206,4.4795,4.4339,4.4453,4.4764,4.4927,4.4487,4.4352,4.4036,4.5696,4.5429,4.5398,4.5444,4.4868,4.4349,4.4426,4.4384,4.4284,4.4908,4.4513,4.4732,4.5413,4.5371,4.4405,4.4956,4.5062,4.4539,4.5438,4.5861,4.5415,4.6069,4.8369,4.5705,4.5271,4.6211,4.666,4.6008,4.6955,4.3879,1.4162,0,7.5893,0,-0.46862,0,0,0,0,0,1.4162,0,6.6688,0,-0.44465,0,0,0,0,0,0,0,0,0,0,0,0,0,0,0,0,0,0,0,0,0,0,0,0,0,0,0,0,0,1.4255,-3.5234,0,0,0,0,0,0,0,0,0,0,0,0,0,1.0461,1.045,1.0221,0.99886,0.99427,0.99717,0.94151,0.95527,1.0114,1.0092,1.0039,0.99127,1.0058,1.002,0.99532,1.0076,1.016,1.017,1.0409,0.986,1.0147,1.0407,1.0353,1.0152,1.054,1.045,1.0257,1.0488,1.0505,1.0419,0.99076,0.97371,1.0374,0.98322,1.0371,1.0265,1.0477,1.0438,1.0261,-0.37681,0.25495,-0.31739,0.9834,-1.1647,-1.2334,0.79417,-0.7586,-0.59672,0.49687,1.3775,0.67689,-2.7425,0.55481,0.92959,0.80763,2.9275,2.9733,-6.023,-0.062875,-0.059094,2.7922,2.0735,1.9517,-1.6685,1.815,0.95788,0.72558,-0.67241,-1.1178,0.62509,1.0682,0.94646,0.83619,0.071189,0.64347,-0.60386,0.55291,-1.0995,0.53515,1.2395,0.54677,0.51596,0.42515,0.81944,-0.5675,4.311,14.405,-10.625,-20.857,6.3139
1.2377,1.2383,1.2416,1.236,1.2359,1.2362,1.236,1.2374,1.2359,1.2387,4.5443,4.6031,4.5575,4.569,4.6001,4.6164,4.5724,4.5589,4.5273,4.6934,4.6666,4.6636,4.6681,4.6104,4.5584,4.5661,4.562,4.552,4.6143,4.5748,4.5967,4.6648,4.6606,4.564,4.6192,4.6297,4.5774,4.6673,4.7095,4.6651,4.7306,4.961,4.6939,4.6506,4.7446,4.7895,4.7243,4.8189,4.5116,1.4162,0,7.543,0,-0.46689,0,0,0,0,0,1.4162,0,6.6816,0,-0.44498,0,0,0,0,0,0,0,0,0,0,0,0,0,0,0,0,0,0,0,0,0,0,0,0,0,0,0,0,0,1.4255,-3.5246,0,0,0,0,0,0,0,0,0,0,0,0,0,1.0461,1.045,1.0221,0.99886,0.99427,0.99717,0.94151,0.95527,1.0114,1.0092,1.0039,0.99127,1.0058,1.002,0.99532,1.0076,1.016,1.017,1.0409,0.986,1.0147,1.0407,1.0353,1.0152,1.054,1.045,1.0257,1.0488,1.0505,1.0419,0.99077,0.97364,1.0374,0.98322,1.0371,1.0265,1.0477,1.0438,1.0261,-0.37498,0.25283,-0.31745,0.98537,-1.165,-1.2365,0.79701,-0.76109,-0.5976,0.49665,1.3799,0.67718,-2.7473,0.55497,0.92941,0.80722,2.9326,2.9796,-6.0344,-0.063056,-0.059155,2.7982,2.0784,1.9564,-1.6704,1.8181,0.95971,0.72697,-0.67497,-1.1175,0.62662,1.0695,0.94756,0.83773,0.071263,0.64454,-0.60497,0.55416,-1.0979,0.53555,1.2395,0.54808,0.51719,0.42613,0.82138,-0.56824,4.311,14.405,-10.625,-20.857,6.3139
1.2399,1.2406,1.2441,1.2391,1.2381,1.2389,1.2385,1.2401,1.2386,1.2412,4.6682,4.727,4.6814,4.6929,4.7241,4.7403,4.6963,4.6828,4.6512,4.8174,4.7906,4.7876,4.7921,4.7344,4.6823,4.6899,4.6858,4.6758,4.7381,4.6985,4.7205,4.7885,4.7844,4.6878,4.7431,4.7535,4.7013,4.7911,4.8333,4.789,4.8546,5.0852,4.8177,4.7743,4.8683,4.9132,4.8482,4.9427,4.6356,1.4162,0,7.4998,0,-0.46532,0,0,0,0,0,1.4162,0,6.6935,0,-0.44528,0,0,0,0,0,0,0,0,0,0,0,0,0,0,0,0,0,0,0,0,0,0,0,0,0,0,0,0,0,1.4255,-3.5257,0,0,0,0,0,0,0,0,0,0,0,0,0,1.0461,1.045,1.0221,0.99886,0.99427,0.99717,0.94151,0.95527,1.0114,1.0092,1.0039,0.99127,1.0058,1.002,0.99532,1.0076,1.016,1.017,1.0409,0.986,1.0147,1.0407,1.0353,1.0152,1.054,1.045,1.0257,1.0488,1.0505,1.0419,0.99077,0.97357,1.0374,0.98323,1.0371,1.0265,1.0477,1.0438,1.0261,-0.37322,0.25081,-0.31738,0.9869,-1.165,-1.2394,0.79972,-0.76332,-0.59845,0.49636,1.382,0.67733,-2.7519,0.55506,0.92915,0.80675,2.9374,2.9854,-6.0452,-0.063214,-0.059218,2.8038,2.083,1.9608,-1.6723,1.821,0.96147,0.72831,-0.67741,-1.1171,0.62778,1.071,0.94887,0.83921,0.071389,0.64547,-0.60605,0.55559,-1.0962,0.53558,1.2394,0.54937,0.51839,0.42709,0.82327,-0.56907,4.311,14.405,-10.625,-20.857,6.3139
1.2421,1.2429,1.2463,1.2417,1.2405,1.2413,1.2409,1.2423,1.2412,1.2436,4.7924,4.8511,4.8055,4.8171,4.8483,4.8645,4.8205,4.807,4.7755,4.9417,4.9149,4.9118,4.9164,4.8586,4.8064,4.8139,4.8098,4.7999,4.8621,4.8225,4.8445,4.9125,4.9084,4.8118,4.8671,4.8776,4.8253,4.9151,4.9573,4.9131,4.9788,5.2097,4.9416,4.8982,4.9923,5.0371,4.9723,5.0666,4.7598,1.4162,0,7.4593,0,-0.46387,0,0,0,0,0,1.4162,0,6.7047,0,-0.44555,0,0,0,0,0,0,0,0,0,0,0,0,0,0,0,0,0,0,0,0,0,0,0,0,0,0,0,0,0,1.4255,-3.5267,0,0,0,0,0,0,0,0,0,0,0,0,0,1.0461,1.045,1.0221,0.99886,0.99427,0.99717,0.94151,0.95527,1.0114,1.0092,1.0039,0.99127,1.0058,1.002,0.99532,1.0076,1.016,1.017,1.0409,0.986,1.0147,1.0407,1.0353,1.0152,1.054,1.045,1.0257,1.0488,1.0505,1.0419,0.99077,0.97351,1.0374,0.98323,1.0371,1.0265,1.0477,1.0438,1.0261,-0.37133,0.24869,-0.31772,0.98859,-1.1647,-1.2424,0.8021,-0.76565,-0.59929,0.49617,1.3843,0.67766,-2.756,0.55518,0.92888,0.80626,2.942,2.9912,-6.0556,-0.063382,-0.059274,2.8093,2.0874,1.9649,-1.6739,1.8235,0.96313,0.72961,-0.67955,-1.1168,0.62842,1.0727,0.95031,0.84063,0.071646,0.64636,-0.60712,0.55676,-1.095,0.53592,1.2394,0.5504,0.51936,0.42787,0.82476,-0.5701,4.311,14.405,-10.625,-20.857,6.3139
1.2442,1.2452,1.2483,1.2438,1.243,1.2436,1.2434,1.2442,1.2436,1.2457,4.9168,4.9754,4.9298,4.9415,4.9727,4.989,4.945,4.9315,4.8999,5.0662,5.0393,5.0363,5.0408,4.983,4.9307,4.9382,4.9341,4.9242,4.9863,4.9467,4.9688,5.0368,5.0326,4.9361,4.9914,5.0019,4.9496,5.0393,5.0815,5.0374,5.1032,5.3345,5.0659,5.0224,5.1165,5.1614,5.0966,5.1909,4.8843,1.4162,0,7.4214,0,-0.46256,0,0,0,0,0,1.4162,0,6.7152,0,-0.44581,0,0,0,0,0,0,0,0,0,0,0,0,0,0,0,0,0,0,0,0,0,0,0,0,0,0,0,0,0,1.4255,-3.5276,0,0,0,0,0,0,0,0,0,0,0,0,0,1.0461,1.045,1.0221,0.99886,0.99427,0.99717,0.94151,0.95527,1.0114,1.0092,1.0039,0.99127,1.0058,1.002,0.99532,1.0076,1.016,1.017,1.0409,0.986,1.0147,1.0407,1.0353,1.0152,1.054,1.045,1.0257,1.0488,1.0505,1.0419,0.99077,0.97345,1.0374,0.98323,1.0371,1.0265,1.0477,1.0438,1.0261,-0.36931,0.24647,-0.31849,0.99046,-1.164,-1.2454,0.80415,-0.76808,-0.60014,0.49607,1.387,0.67817,-2.7598,0.55536,0.92862,0.80576,2.9462,2.9967,-6.0657,-0.063561,-0.059325,2.8145,2.0915,1.9688,-1.6752,1.8257,0.9647,0.73088,-0.6814,-1.1166,0.62854,1.0745,0.95187,0.84199,0.072036,0.64722,-0.60816,0.55766,-1.0943,0.53658,1.2393,0.55118,0.52009,0.42846,0.82585,-0.57134,4.311,14.405,-10.625,-20.857,6.3139
1.2464,1.2474,1.2501,1.2456,1.2456,1.2457,1.2458,1.2458,1.2459,1.2478,5.0414,5.1,5.0544,5.0661,5.0974,5.1136,5.0696,5.0561,5.0245,5.1909,5.164,5.1609,5.1655,5.1076,5.0552,5.0627,5.0587,5.0487,5.1108,5.0711,5.0932,5.1612,5.1571,5.0606,5.116,5.1264,5.0741,5.1638,5.206,5.1619,5.2278,5.4594,5.1904,5.1468,5.241,5.2858,5.2211,5.3153,5.0089,1.4162,0,7.386,0,-0.46135,0,0,0,0,0,1.4162,0,6.7249,0,-0.44603,0,0,0,0,0,0,0,0,0,0,0,0,0,0,0,0,0,0,0,0,0,0,0,0,0,0,0,0,0,1.4255,-3.5284,0,0,0,0,0,0,0,0,0,0,0,0,0,1.0461,1.045,1.0221,0.99886,0.99427,0.99717,0.94151,0.95527,1.0114,1.0092,1.0039,0.99127,1.0058,1.002,0.99532,1.0076,1.016,1.017,1.0409,0.986,1.0147,1.0407,1.0353,1.0152,1.054,1.045,1.0257,1.0488,1.0505,1.0419,0.99078,0.97339,1.0374,0.98323,1.0371,1.0265,1.0477,1.0438,1.0261,-0.36725,0.24423,-0.31949,0.99242,-1.1632,-1.2484,0.80595,-0.77053,-0.60097,0.49604,1.3898,0.67877,-2.7632,0.55556,0.92838,0.80526,2.9501,3.002,-6.0753,-0.063742,-0.059371,2.8195,2.0954,1.9724,-1.6764,1.8277,0.96617,0.73208,-0.68301,-1.1163,0.62844,1.0763,0.95337,0.84327,0.072453,0.64805,-0.60916,0.55835,-1.0939,0.5375,1.2392,0.55177,0.52065,0.42891,0.82666,-0.57261,4.311,14.405,-10.625,-20.857,6.3139
1.2484,1.2495,1.2518,1.2474,1.2479,1.2477,1.248,1.2476,1.248,1.2496,5.1662,5.2247,5.1791,5.1909,5.2222,5.2385,5.1944,5.1809,5.1494,5.3158,5.2889,5.2858,5.2904,5.2324,5.18,5.1874,5.1834,5.1734,5.2354,5.1958,5.2179,5.2859,5.2817,5.1853,5.2407,5.2511,5.1988,5.2885,5.3307,5.2867,5.3526,5.5845,5.315,5.2715,5.3657,5.4105,5.3458,5.44,5.1338,1.4162,0,7.3527,0,-0.46024,0,0,0,0,0,1.4162,0,6.7341,0,-0.44625,0,0,0,0,0,0,0,0,0,0,0,0,0,0,0,0,0,0,0,0,0,0,0,0,0,0,0,0,0,1.4255,-3.5291,0,0,0,0,0,0,0,0,0,0,0,0,0,1.0461,1.045,1.0221,0.99886,0.99427,0.99717,0.94151,0.95527,1.0114,1.0092,1.0039,0.99127,1.0058,1.002,0.99532,1.0076,1.016,1.017,1.0409,0.986,1.0147,1.0407,1.0353,1.0152,1.054,1.045,1.0257,1.0488,1.0505,1.0419,0.99078,0.97333,1.0374,0.98323,1.0371,1.0265,1.0477,1.0438,1.0261,-0.36542,0.24223,-0.32029,0.99434,-1.1627,-1.2511,0.80771,-0.77275,-0.60173,0.49595,1.3922,0.67921,-2.7664,0.55572,0.92817,0.80485,2.9537,3.0069,-6.0841,-0.063901,-0.05941,2.8241,2.0991,1.9759,-1.6775,1.8296,0.9675,0.73313,-0.68459,-1.116,0.62893,1.0776,0.95439,0.84442,0.072637,0.6489,-0.61001,0.55895,-1.0934,0.53851,1.2391,0.55239,0.52122,0.42935,0.82748,-0.57348,4.311,14.405,-10.625,-20.857,6.3139
1.2504,1.2514,1.2534,1.2492,1.2499,1.2496,1.2499,1.2495,1.2498,1.2514,5.2912,5.3496,5.3041,5.3159,5.3472,5.3635,5.3194,5.306,5.2744,5.4408,5.4139,5.4108,5.4154,5.3574,5.3049,5.3123,5.3083,5.2984,5.3603,5.3206,5.3428,5.4108,5.4066,5.3102,5.3656,5.376,5.3237,5.4134,5.4555,5.4116,5.4776,5.7097,5.4398,5.3963,5.4905,5.5353,5.4707,5.5648,5.2588,1.4162,0,7.3214,0,-0.45923,0,0,0,0,0,1.4162,0,6.7428,0,-0.44644,0,0,0,0,0,0,0,0,0,0,0,0,0,0,0,0,0,0,0,0,0,0,0,0,0,0,0,0,0,1.4255,-3.5298,0,0,0,0,0,0,0,0,0,0,0,0,0,1.0461,1.045,1.0221,0.99886,0.99427,0.99717,0.94151,0.95527,1.0114,1.0092,1.0039,0.99127,1.0058,1.002,0.99532,1.0076,1.016,1.017,1.0409,0.986,1.0147,1.0407,1.0353,1.0152,1.054,1.045,1.0257,1.0488,1.0505,1.0419,0.99078,0.97328,1.0374,0.98324,1.0371,1.0265,1.0477,1.0438,1.0261,-0.36384,0.24046,-0.32085,0.99619,-1.1626,-1.2536,0.80944,-0.77472,-0.60241,0.4958,1.3941,0.67949,-2.7695,0.55586,0.92801,0.80452,2.9571,3.0113,-6.0921,-0.064038,-0.059444,2.8283,2.1025,1.9791,-1.6785,1.8316,0.9687,0.73402,-0.68613,-1.1157,0.63003,1.0783,0.95491,0.84542,0.072574,0.64975,-0.61071,0.55947,-1.0927,0.53959,1.239,0.55302,0.52181,0.4298,0.82833,-0.57392,4.311,14.405,-10.625,-20.857,6.3139
1.2523,1.253,1.2548,1.2511,1.2516,1.2515,1.2516,1.2517,1.2514,1.253,5.4164,5.4748,5.4292,5.441,5.4724,5.4887,5.4446,5.4311,5.3996,5.566,5.5392,5.536,5.5406,5.4826,5.43,5.4374,5.4334,5.4235,5.4853,5.4457,5.4679,5.5358,5.5317,5.4352,5.4907,5.5011,5.4488,5.5384,5.5806,5.5367,5.6028,5.8351,5.5649,5.5213,5.6156,5.6604,5.5957,5.6899,5.384,1.4162,0,7.2923,0,-0.4583,0,0,0,0,0,1.4162,0,6.7508,0,-0.44662,0,0,0,0,0,0,0,0,0,0,0,0,0,0,0,0,0,0,0,0,0,0,0,0,0,0,0,0,0,1.4255,-3.5304,0,0,0,0,0,0,0,0,0,0,0,0,0,1.0461,1.045,1.0221,0.99886,0.99427,0.99717,0.94151,0.95527,1.0114,1.0092,1.0039,0.99127,1.0058,1.002,0.99532,1.0076,1.016,1.017,1.0409,0.986,1.0147,1.0407,1.0353,1.0152,1.054,1.045,1.0257,1.0488,1.0505,1.0419,0.99078,0.97323,1.0374,0.98324,1.0371,1.0265,1.0477,1.0438,1.0261,-0.36249,0.23893,-0.32118,0.99797,-1.1628,-1.2558,0.81114,-0.77644,-0.60301,0.49559,1.3957,0.67961,-2.7724,0.55595,0.92789,0.80428,2.9602,3.0153,-6.0992,-0.064152,-0.059473,2.8322,2.1056,1.9821,-1.6795,1.8336,0.96976,0.73475,-0.68764,-1.1154,0.63176,1.0784,0.95493,0.84629,0.072264,0.65061,-0.61126,0.55992,-1.092,0.54076,1.2389,0.55369,0.52242,0.43024,0.82921,-0.57394,4.311,14.405,-10.625,-20.857,6.3139
1.254,1.2545,1.2562,1.2529,1.2531,1.2532,1.2531,1.2539,1.2529,1.2545,5.5417,5.6001,5.5545,5.5664,5.5978,5.6141,5.57,5.5565,5.525,5.6914,5.6645,5.6614,5.666,5.6079,5.5553,5.5627,5.5586,5.5487,5.6106,5.5709,5.5931,5.661,5.6569,5.5605,5.616,5.6263,5.5741,5.6637,5.7058,5.662,5.7282,5.9606,5.6901,5.6466,5.7408,5.7856,5.721,5.8151,5.5094,1.4162,0,7.2652,0,-0.45747,0,0,0,0,0,1.4162,0,6.7583,0,-0.44678,0,0,0,0,0,0,0,0,0,0,0,0,0,0,0,0,0,0,0,0,0,0,0,0,0,0,0,0,0,1.4255,-3.531,0,0,0,0,0,0,0,0,0,0,0,0,0,1.0461,1.045,1.0221,0.99886,0.99427,0.99717,0.94151,0.95527,1.0114,1.0092,1.0039,0.99127,1.0058,1.002,0.99532,1.0076,1.016,1.017,1.0409,0.986,1.0147,1.0407,1.0353,1.0152,1.054,1.045,1.0257,1.0488,1.0505,1.0419,0.99078,0.97319,1.0374,0.98323,1.0371,1.0265,1.0477,1.0438,1.0261,-0.36136,0.23761,-0.32135,0.99963,-1.1633,-1.2579,0.81279,-0.77797,-0.60355,0.49538,1.397,0.67965,-2.7752,0.55604,0.92782,0.8041,2.9631,3.019,-6.1057,-0.064251,-0.059498,2.8358,2.1085,1.9849,-1.6805,1.8356,0.97072,0.73538,-0.6891,-1.1151,0.63372,1.0783,0.95471,0.84706,0.071864,0.65143,-0.61173,0.56033,-1.0911,0.54184,1.2387,0.55436,0.52304,0.43069,0.83012,-0.57376,4.311,14.405,-10.625,-20.857,6.3139
1.2556,1.2559,1.2575,1.2547,1.2545,1.2548,1.2545,1.2557,1.2543,1.2559,5.6672,5.7255,5.6799,5.6919,5.7233,5.7396,5.6955,5.682,5.6505,5.817,5.7901,5.7869,5.7915,5.7334,5.6807,5.6881,5.684,5.6742,5.7359,5.6963,5.7185,5.7864,5.7823,5.6859,5.7414,5.7517,5.6995,5.789,5.8312,5.7875,5.8537,6.0863,5.8154,5.7719,5.8662,5.911,5.8464,5.9405,5.6349,1.4162,0,7.2397,0,-0.45669,0,0,0,0,0,1.4162,0,6.7654,0,-0.44693,0,0,0,0,0,0,0,0,0,0,0,0,0,0,0,0,0,0,0,0,0,0,0,0,0,0,0,0,0,1.4255,-3.5314,0,0,0,0,0,0,0,0,0,0,0,0,0,1.0461,1.045,1.0221,0.99886,0.99427,0.99717,0.94151,0.95527,1.0114,1.0092,1.0039,0.99127,1.0058,1.002,0.99532,1.0076,1.016,1.017,1.0409,0.986,1.0147,1.0407,1.0353,1.0152,1.054,1.045,1.0257,1.0488,1.0505,1.0419,0.99079,0.97315,1.0374,0.98323,1.0371,1.0265,1.0477,1.0438,1.0261,-0.36035,0.23645,-0.32152,1.001,-1.1636,-1.2597,0.8143,-0.77941,-0.60406,0.49528,1.3984,0.67983,-2.7777,0.55617,0.92779,0.80396,2.9658,3.0224,-6.1119,-0.064351,-0.059527,2.8391,2.1112,1.9874,-1.6814,1.8373,0.97165,0.73606,-0.69045,-1.1147,0.63493,1.0786,0.95494,0.84783,0.071759,0.65207,-0.61226,0.56083,-1.0903,0.54243,1.2386,0.55502,0.52366,0.43117,0.83106,-0.57391,4.311,14.405,-10.625,-20.857,6.3139
1.2569,1.2571,1.2588,1.2562,1.2558,1.2562,1.2559,1.2572,1.2558,1.2572,5.7928,5.8511,5.8055,5.8175,5.8489,5.8652,5.8212,5.8077,5.7761,5.9427,5.9157,5.9126,5.9172,5.8591,5.8063,5.8136,5.8096,5.7997,5.8615,5.8218,5.844,5.912,5.9078,5.8114,5.867,5.8773,5.825,5.9146,5.9567,5.9131,5.9793,6.2121,5.9409,5.8974,5.9917,6.0365,5.972,6.066,5.7605,1.4162,0,7.2157,0,-0.45598,0,0,0,0,0,1.4162,0,6.772,0,-0.44706,0,0,0,0,0,0,0,0,0,0,0,0,0,0,0,0,0,0,0,0,0,0,0,0,0,0,0,0,0,1.4255,-3.5319,0,0,0,0,0,0,0,0,0,0,0,0,0,1.0461,1.045,1.0221,0.99886,0.99427,0.99717,0.94151,0.95527,1.0114,1.0092,1.0039,0.99127,1.0058,1.002,0.99532,1.0076,1.016,1.017,1.0409,0.986,1.0147,1.0407,1.0353,1.0152,1.054,1.045,1.0257,1.0488,1.0505,1.0419,0.99079,0.97311,1.0374,0.98324,1.0371,1.0265,1.0477,1.0438,1.0261,-0.35947,0.23544,-0.3217,1.0021,-1.1638,-1.2614,0.81569,-0.78078,-0.60454,0.49529,1.3999,0.68017,-2.78,0.55635,0.92783,0.80385,2.9684,3.0257,-6.118,-0.064455,-0.05956,2.8422,2.1137,1.9898,-1.6822,1.8387,0.97256,0.7368,-0.6917,-1.1145,0.63534,1.0794,0.95564,0.8486,0.071966,0.65252,-0.61286,0.56141,-1.0895,0.54249,1.2385,0.55566,0.52426,0.43168,0.83204,-0.57442,4.311,14.405,-10.625,-20.857,6.3139
1.2581,1.2583,1.2601,1.2577,1.2571,1.2575,1.2573,1.2583,1.2572,1.2585,5.9186,5.9768,5.9312,5.9432,5.9747,5.991,5.9469,5.9334,5.9019,6.0685,6.0415,6.0384,6.043,5.9848,5.932,5.9393,5.9353,5.9254,5.9871,5.9474,5.9697,6.0376,6.0335,5.9371,5.9927,6.003,5.9507,6.0402,6.0823,6.0388,6.1051,6.3381,6.0666,6.0231,6.1174,6.1621,6.0977,6.1916,5.8863,1.4162,0,7.1934,0,-0.45534,0,0,0,0,0,1.4162,0,6.7781,0,-0.44718,0,0,0,0,0,0,0,0,0,0,0,0,0,0,0,0,0,0,0,0,0,0,0,0,0,0,0,0,0,1.4255,-3.5323,0,0,0,0,0,0,0,0,0,0,0,0,0,1.0461,1.045,1.0221,0.99886,0.99427,0.99717,0.94151,0.95527,1.0114,1.0092,1.0039,0.99127,1.0058,1.002,0.99532,1.0076,1.016,1.017,1.0409,0.986,1.0147,1.0407,1.0353,1.0152,1.054,1.045,1.0257,1.0488,1.0505,1.0419,0.99079,0.97308,1.0374,0.98324,1.0371,1.0265,1.0477,1.0438,1.0261,-0.35872,0.23458,-0.32188,1.0028,-1.1638,-1.2629,0.81695,-0.78207,-0.60499,0.49543,1.4016,0.68067,-2.7821,0.55657,0.92791,0.80378,2.9708,3.0289,-6.1238,-0.064562,-0.059597,2.8451,2.116,1.9919,-1.683,1.8398,0.97345,0.73759,-0.69285,-1.1142,0.63496,1.0808,0.9568,0.84938,0.072485,0.65278,-0.61351,0.56209,-1.0887,0.54205,1.2383,0.55629,0.52487,0.43222,0.83305,-0.57529,4.311,14.405,-10.625,-20.857,6.3139
1.2591,1.2594,1.2613,1.259,1.2583,1.2587,1.2586,1.2591,1.2586,1.2596,6.0445,6.1027,6.0571,6.0691,6.1006,6.1169,6.0728,6.0593,6.0278,6.1944,6.1675,6.1643,6.1689,6.1107,6.0579,6.0651,6.0611,6.0513,6.113,6.0732,6.0956,6.1635,6.1593,6.063,6.1186,6.1288,6.0766,6.166,6.2081,6.1646,6.2309,6.4641,6.1925,6.1488,6.2432,6.2879,6.2236,6.3174,6.0122,1.4162,0,7.1726,0,-0.45475,0,0,0,0,0,1.4162,0,6.7839,0,-0.4473,0,0,0,0,0,0,0,0,0,0,0,0,0,0,0,0,0,0,0,0,0,0,0,0,0,0,0,0,0,1.4255,-3.5326,0,0,0,0,0,0,0,0,0,0,0,0,0,1.0461,1.045,1.0221,0.99886,0.99427,0.99717,0.94151,0.95527,1.0114,1.0092,1.0039,0.99127,1.0058,1.002,0.99532,1.0076,1.016,1.017,1.0409,0.986,1.0147,1.0407,1.0353,1.0152,1.054,1.045,1.0257,1.0488,1.0505,1.0419,0.99079,0.97304,1.0374,0.98324,1.0371,1.0265,1.0477,1.0438,1.0261,-0.35804,0.23382,-0.3221,1.0034,-1.1636,-1.2644,0.81809,-0.78328,-0.60543,0.49563,1.4033,0.68123,-2.784,0.55682,0.92802,0.80373,2.9731,3.0319,-6.1294,-0.064666,-0.059636,2.8479,2.1181,1.9939,-1.6837,1.8408,0.97429,0.73838,-0.6939,-1.114,0.63415,1.0824,0.9582,0.85013,0.073151,0.65295,-0.61419,0.56279,-1.088,0.54137,1.2382,0.55687,0.52544,0.43275,0.83402,-0.57635,4.311,14.405,-10.625,-20.857,6.3139
1.26,1.2605,1.2624,1.2601,1.2595,1.2598,1.2598,1.2599,1.2599,1.2607,6.1704,6.2286,6.1831,6.1951,6.2266,6.2429,6.1988,6.1853,6.1538,6.3204,6.2935,6.2903,6.2949,6.2367,6.1838,6.1911,6.1871,6.1772,6.2389,6.1991,6.2215,6.2894,6.2852,6.1889,6.2445,6.2547,6.2025,6.2919,6.3341,6.2906,6.3569,6.5903,6.3184,6.2747,6.3691,6.4138,6.3496,6.4433,6.1382,1.4162,0,7.1529,0,-0.45421,0,0,0,0,0,1.4162,0,6.7893,0,-0.4474,0,0,0,0,0,0,0,0,0,0,0,0,0,0,0,0,0,0,0,0,0,0,0,0,0,0,0,0,0,1.4255,-3.533,0,0,0,0,0,0,0,0,0,0,0,0,0,1.0461,1.045,1.0221,0.99886,0.99427,0.99717,0.94151,0.95527,1.0114,1.0092,1.0039,0.99127,1.0058,1.002,0.99532,1.0076,1.016,1.017,1.0409,0.986,1.0147,1.0407,1.0353,1.0152,1.054,1.045,1.0257,1.0488,1.0505,1.0419,0.99079,0.97301,1.0374,0.98324,1.0371,1.0265,1.0477,1.0438,1.0261,-0.35733,0.23302,-0.3224,1.0041,-1.1635,-1.2658,0.81913,-0.78443,-0.60587,0.49574,1.4048,0.68166,-2.786,0.55702,0.92811,0.80368,2.9753,3.0347,-6.1346,-0.064756,-0.05967,2.8505,2.1202,1.9958,-1.6843,1.8417,0.97507,0.73906,-0.69484,-1.1138,0.63378,1.0836,0.95923,0.85081,0.073561,0.65322,-0.61476,0.56335,-1.0874,0.54114,1.238,0.55736,0.52591,0.43316,0.83478,-0.57715,4.311,14.405,-10.625,-20.857,6.3139
1.261,1.2615,1.2634,1.2612,1.2606,1.2609,1.2609,1.2608,1.2611,1.2618,6.2965,6.3547,6.3091,6.3212,6.3527,6.369,6.3249,6.3114,6.2799,6.4466,6.4196,6.4165,6.4211,6.3628,6.3099,6.3171,6.3131,6.3033,6.3649,6.3251,6.3475,6.4154,6.4112,6.3149,6.3706,6.3808,6.3285,6.418,6.4601,6.4167,6.483,6.7165,6.4444,6.4007,6.4951,6.5398,6.4756,6.5693,6.2643,1.4162,0,7.1345,0,-0.45371,0,0,0,0,0,1.4162,0,6.7944,0,-0.4475,0,0,0,0,0,0,0,0,0,0,0,0,0,0,0,0,0,0,0,0,0,0,0,0,0,0,0,0,0,1.4255,-3.5333,0,0,0,0,0,0,0,0,0,0,0,0,0,1.0461,1.045,1.0221,0.99886,0.99427,0.99717,0.94151,0.95527,1.0114,1.0092,1.0039,0.99127,1.0058,1.002,0.99532,1.0076,1.016,1.017,1.0409,0.986,1.0147,1.0407,1.0353,1.0152,1.054,1.045,1.0257,1.0488,1.0505,1.0419,0.99079,0.97298,1.0374,0.98324,1.0371,1.0265,1.0477,1.0438,1.0261,-0.35658,0.23217,-0.32278,1.005,-1.1633,-1.2672,0.82007,-0.7855,-0.60633,0.49577,1.406,0.68194,-2.7879,0.55718,0.92817,0.80363,2.9775,3.0373,-6.1395,-0.064832,-0.059698,2.853,2.1221,1.9976,-1.6849,1.8427,0.97577,0.73962,-0.69569,-1.1136,0.63389,1.0844,0.95988,0.85141,0.073699,0.6536,-0.61521,0.56377,-1.087,0.5414,1.2379,0.55775,0.52627,0.43344,0.83532,-0.57768,4.311,14.405,-10.625,-20.857,6.3139
1.262,1.2626,1.2642,1.262,1.2618,1.2619,1.262,1.2617,1.2621,1.2627,6.4227,6.4808,6.4353,6.4474,6.4789,6.4952,6.4512,6.4377,6.4061,6.5728,6.5458,6.5427,6.5473,6.489,6.436,6.4433,6.4393,6.4294,6.491,6.4512,6.4736,6.5415,6.5373,6.4411,6.4967,6.5069,6.4547,6.5441,6.5862,6.5428,6.6092,6.8429,6.5705,6.5268,6.6212,6.6659,6.6017,6.6954,6.3905,1.4162,0,7.1173,0,-0.45326,0,0,0,0,0,1.4162,0,6.7992,0,-0.44758,0,0,0,0,0,0,0,0,0,0,0,0,0,0,0,0,0,0,0,0,0,0,0,0,0,0,0,0,0,1.4255,-3.5335,0,0,0,0,0,0,0,0,0,0,0,0,0,1.0461,1.045,1.0221,0.99886,0.99427,0.99717,0.94151,0.95527,1.0114,1.0092,1.0039,0.99127,1.0058,1.002,0.99532,1.0076,1.016,1.017,1.0409,0.986,1.0147,1.0407,1.0353,1.0152,1.054,1.045,1.0257,1.0488,1.0505,1.0419,0.99079,0.97295,1.0374,0.98324,1.0371,1.0265,1.0477,1.0438,1.0261,-0.35579,0.23128,-0.32325,1.0059,-1.163,-1.2687,0.82092,-0.78652,-0.60681,0.49571,1.407,0.68208,-2.7899,0.55729,0.92819,0.80357,2.9795,3.0398,-6.1441,-0.064892,-0.05972,2.8554,2.1239,1.9994,-1.6853,1.8437,0.9764,0.74006,-0.69644,-1.1133,0.63449,1.0847,0.96013,0.85193,0.073563,0.6541,-0.61556,0.56404,-1.0868,0.54214,1.2378,0.55803,0.52653,0.43361,0.83565,-0.57794,4.311,14.405,-10.625,-20.857,6.3139
1.263,1.2636,1.2648,1.2627,1.2629,1.2628,1.2629,1.2626,1.263,1.2636,6.549,6.6071,6.5615,6.5737,6.6052,6.6215,6.5775,6.564,6.5324,6.6991,6.6722,6.669,6.6736,6.6153,6.5623,6.5695,6.5655,6.5557,6.6172,6.5775,6.5999,6.6677,6.6636,6.5673,6.623,6.6332,6.5809,6.6703,6.7124,6.6691,6.7355,6.9693,6.6967,6.6531,6.7474,6.7922,6.7279,6.8216,6.5168,1.4162,0,7.1013,0,-0.45284,0,0,0,0,0,1.4162,0,6.8036,0,-0.44766,0,0,0,0,0,0,0,0,0,0,0,0,0,0,0,0,0,0,0,0,0,0,0,0,0,0,0,0,0,1.4255,-3.5338,0,0,0,0,0,0,0,0,0,0,0,0,0,1.0461,1.045,1.0221,0.99886,0.99427,0.99717,0.94151,0.95527,1.0114,1.0092,1.0039,0.99127,1.0058,1.002,0.99532,1.0076,1.016,1.017,1.0409,0.986,1.0147,1.0407,1.0353,1.0152,1.054,1.045,1.0257,1.0488,1.0505,1.0419,0.99079,0.97293,1.0374,0.98324,1.0371,1.0265,1.0477,1.0438,1.0261,-0.35496,0.23034,-0.32381,1.007,-1.1628,-1.2701,0.82168,-0.78746,-0.6073,0.49556,1.4077,0.68207,-2.7919,0.55735,0.92818,0.80352,2.9815,3.0421,-6.1482,-0.064938,-0.059737,2.8576,2.1257,2.0011,-1.6856,1.8447,0.97695,0.74038,-0.69709,-1.1131,0.63556,1.0846,0.96,0.85237,0.073154,0.65471,-0.61579,0.56417,-1.0866,0.54337,1.2377,0.55822,0.52668,0.43366,0.83575,-0.57793,4.311,14.405,-10.625,-20.857,6.3139
1.2639,1.2646,1.2654,1.2633,1.2639,1.2636,1.2638,1.2635,1.2637,1.2645,6.6754,6.7334,6.6879,6.7001,6.7316,6.7479,6.7039,6.6904,6.6588,6.8256,6.7986,6.7954,6.8,6.7417,6.6886,6.6958,6.6919,6.682,6.7436,6.7038,6.7262,6.7941,6.7899,6.6936,6.7493,6.7595,6.7073,6.7967,6.8388,6.7954,6.8619,7.0958,6.823,6.7794,6.8737,6.9185,6.8543,6.948,6.6432,1.4162,0,7.0863,0,-0.45247,0,0,0,0,0,1.4162,0,6.8077,0,-0.44773,0,0,0,0,0,0,0,0,0,0,0,0,0,0,0,0,0,0,0,0,0,0,0,0,0,0,0,0,0,1.4255,-3.534,0,0,0,0,0,0,0,0,0,0,0,0,0,1.0461,1.045,1.0221,0.99886,0.99427,0.99717,0.94151,0.95527,1.0114,1.0092,1.0039,0.99127,1.0058,1.002,0.99532,1.0076,1.016,1.017,1.0409,0.986,1.0147,1.0407,1.0353,1.0152,1.054,1.045,1.0257,1.0488,1.0505,1.0419,0.9908,0.9729,1.0374,0.98324,1.0371,1.0265,1.0477,1.0438,1.0261,-0.35413,0.22939,-0.32439,1.0082,-1.1626,-1.2715,0.82236,-0.78834,-0.60777,0.49537,1.4083,0.68197,-2.7938,0.55738,0.92815,0.80345,2.9834,3.0442,-6.1521,-0.064975,-0.059749,2.8598,2.1273,2.0026,-1.6859,1.8458,0.97744,0.74062,-0.69767,-1.1129,0.63692,1.0842,0.95962,0.85276,0.072591,0.65537,-0.61594,0.56421,-1.0866,0.54486,1.2376,0.55834,0.52676,0.43363,0.83573,-0.57774,4.311,14.405,-10.625,-20.857,6.3139
1.2648,1.2654,1.2659,1.264,1.2649,1.2645,1.2646,1.2644,1.2644,1.2652,6.8018,6.8599,6.8143,6.8265,6.8581,6.8744,6.8303,6.8168,6.7853,6.952,6.9251,6.9219,6.9265,6.8682,6.8151,6.8223,6.8183,6.8085,6.87,6.8302,6.8526,6.9205,6.9163,6.8201,6.8757,6.8859,6.8337,6.9231,6.9652,6.9218,6.9884,7.2224,6.9494,6.9058,7.0001,7.0449,6.9806,7.0744,6.7697,1.4162,0,7.0723,0,-0.45213,0,0,0,0,0,1.4162,0,6.8116,0,-0.4478,0,0,0,0,0,0,0,0,0,0,0,0,0,0,0,0,0,0,0,0,0,0,0,0,0,0,0,0,0,1.4255,-3.5342,0,0,0,0,0,0,0,0,0,0,0,0,0,1.0461,1.045,1.0221,0.99886,0.99427,0.99717,0.94151,0.95527,1.0114,1.0092,1.0039,0.99127,1.0058,1.002,0.99532,1.0076,1.016,1.017,1.0409,0.986,1.0147,1.0407,1.0353,1.0152,1.054,1.045,1.0257,1.0488,1.0505,1.0419,0.9908,0.97288,1.0374,0.98324,1.0371,1.0265,1.0477,1.0438,1.0261,-0.35338,0.22855,-0.32484,1.0092,-1.1624,-1.2727,0.82306,-0.78921,-0.60816,0.49523,1.409,0.68197,-2.7954,0.55742,0.92812,0.80337,2.985,3.0462,-6.1557,-0.06502,-0.05976,2.8617,2.1289,2.0041,-1.6862,1.8467,0.97792,0.7409,-0.69827,-1.1127,0.63796,1.084,0.95942,0.85314,0.07225,0.6559,-0.61615,0.56432,-1.0864,0.54591,1.2375,0.55852,0.52692,0.4337,0.83587,-0.57767,4.311,14.405,-10.625,-20.857,6.3139
1.2657,1.2662,1.2666,1.2647,1.2656,1.2652,1.2653,1.2653,1.2651,1.266,6.9284,6.9864,6.9408,6.9531,6.9846,7.0009,6.9569,6.9434,6.9118,7.0786,7.0516,7.0484,7.053,6.9947,6.9416,6.9487,6.9448,6.935,6.9964,6.9567,6.9791,7.047,7.0428,6.9465,7.0022,7.0124,6.9602,7.0495,7.0916,7.0483,7.1149,7.349,7.0759,7.0323,7.1266,7.1714,7.1071,7.2009,6.8962,1.4162,0,7.0591,0,-0.45181,0,0,0,0,0,1.4162,0,6.8153,0,-0.44786,0,0,0,0,0,0,0,0,0,0,0,0,0,0,0,0,0,0,0,0,0,0,0,0,0,0,0,0,0,1.4255,-3.5344,0,0,0,0,0,0,0,0,0,0,0,0,0,1.0461,1.045,1.0221,0.99886,0.99427,0.99717,0.94151,0.95527,1.0114,1.0092,1.0039,0.99127,1.0058,1.002,0.99532,1.0076,1.016,1.017,1.0409,0.986,1.0147,1.0407,1.0353,1.0152,1.054,1.045,1.0257,1.0488,1.0505,1.0419,0.9908,0.97285,1.0374,0.98324,1.0371,1.0265,1.0477,1.0438,1.0261,-0.35273,0.22782,-0.32512,1.01,-1.1624,-1.2738,0.82377,-0.79004,-0.60846,0.49517,1.4098,0.68207,-2.7967,0.55749,0.92809,0.80328,2.9864,3.048,-6.159,-0.065074,-0.059771,2.8635,2.1303,2.0055,-1.6866,1.8476,0.97839,0.74123,-0.69891,-1.1125,0.63864,1.0841,0.95945,0.85353,0.072159,0.65628,-0.61641,0.5645,-1.0862,0.54646,1.2374,0.55878,0.52715,0.43387,0.83619,-0.57773,4.311,14.405,-10.625,-20.857,6.3139
1.2664,1.2668,1.2672,1.2656,1.2662,1.266,1.266,1.2662,1.2658,1.2667,7.055,7.1129,7.0674,7.0797,7.1112,7.1275,7.0835,7.07,7.0384,7.2052,7.1782,7.1751,7.1797,7.1213,7.0681,7.0753,7.0713,7.0615,7.123,7.0832,7.1057,7.1735,7.1693,7.0731,7.1288,7.139,7.0867,7.1761,7.2182,7.1749,7.2416,7.4757,7.2024,7.1588,7.2532,7.2979,7.2337,7.3274,7.0229,1.4162,0,7.0467,0,-0.45152,0,0,0,0,0,1.4162,0,6.8187,0,-0.44791,0,0,0,0,0,0,0,0,0,0,0,0,0,0,0,0,0,0,0,0,0,0,0,0,0,0,0,0,0,1.4255,-3.5345,0,0,0,0,0,0,0,0,0,0,0,0,0,1.0461,1.045,1.0221,0.99886,0.99427,0.99717,0.94151,0.95527,1.0114,1.0092,1.0039,0.99127,1.0058,1.002,0.99532,1.0076,1.016,1.017,1.0409,0.986,1.0147,1.0407,1.0353,1.0152,1.054,1.045,1.0257,1.0488,1.0505,1.0419,0.9908,0.97283,1.0374,0.98324,1.0371,1.0265,1.0477,1.0438,1.0261,-0.35217,0.2272,-0.32525,1.0107,-1.1625,-1.2747,0.82451,-0.79086,-0.60866,0.49518,1.4108,0.68229,-2.7977,0.55758,0.92806,0.80316,2.9876,3.0497,-6.162,-0.065138,-0.059782,2.8651,2.1316,2.0067,-1.687,1.8483,0.97886,0.74162,-0.69957,-1.1123,0.63896,1.0845,0.9597,0.85393,0.072317,0.6565,-0.61672,0.56475,-1.0858,0.54652,1.2373,0.5591,0.52746,0.43414,0.83671,-0.57793,4.311,14.405,-10.625,-20.857,6.3139
1.2671,1.2672,1.2679,1.2666,1.2666,1.2667,1.2666,1.2671,1.2664,1.2673,7.1816,7.2396,7.1941,7.2063,7.2379,7.2542,7.2102,7.1967,7.1651,7.3319,7.3049,7.3018,7.3064,7.248,7.1948,7.2019,7.198,7.1882,7.2496,7.2098,7.2323,7.3001,7.296,7.1997,7.2555,7.2656,7.2134,7.3027,7.3448,7.3016,7.3682,7.6025,7.329,7.2854,7.3798,7.4245,7.3604,7.454,7.1496,1.4162,0,7.0352,0,-0.45126,0,0,0,0,0,1.4162,0,6.8219,0,-0.44796,0,0,0,0,0,0,0,0,0,0,0,0,0,0,0,0,0,0,0,0,0,0,0,0,0,0,0,0,0,1.4255,-3.5347,0,0,0,0,0,0,0,0,0,0,0,0,0,1.0461,1.045,1.0221,0.99886,0.99427,0.99717,0.94151,0.95527,1.0114,1.0092,1.0039,0.99127,1.0058,1.002,0.99532,1.0076,1.016,1.017,1.0409,0.986,1.0147,1.0407,1.0353,1.0152,1.054,1.045,1.0257,1.0488,1.0505,1.0419,0.9908,0.97282,1.0374,0.98324,1.0371,1.0265,1.0477,1.0438,1.0261,-0.35171,0.22669,-0.32522,1.0112,-1.1627,-1.2755,0.82526,-0.79165,-0.60878,0.49525,1.4118,0.68261,-2.7984,0.55769,0.92802,0.80303,2.9885,3.0513,-6.1648,-0.06521,-0.059792,2.8666,2.1328,2.0078,-1.6875,1.849,0.97931,0.74206,-0.70027,-1.1122,0.63892,1.0851,0.96018,0.85434,0.072724,0.65657,-0.61709,0.56508,-1.0852,0.54608,1.2371,0.55949,0.52784,0.43451,0.83741,-0.57826,4.311,14.405,-10.625,-20.857,6.3139
1.2677,1.2676,1.2686,1.2676,1.2669,1.2673,1.2671,1.2679,1.267,1.2679,7.3084,7.3663,7.3208,7.3331,7.3647,7.381,7.3369,7.3234,7.2919,7.4587,7.4317,7.4285,7.4331,7.3747,7.3215,7.3287,7.3247,7.3149,7.3763,7.3365,7.359,7.4268,7.4227,7.3265,7.3822,7.3923,7.3401,7.4294,7.4715,7.4283,7.495,7.7293,7.4557,7.4121,7.5065,7.5512,7.4871,7.5807,7.2763,1.4162,0,7.0245,0,-0.45102,0,0,0,0,0,1.4162,0,6.8248,0,-0.44801,0,0,0,0,0,0,0,0,0,0,0,0,0,0,0,0,0,0,0,0,0,0,0,0,0,0,0,0,0,1.4255,-3.5348,0,0,0,0,0,0,0,0,0,0,0,0,0,1.0461,1.045,1.0221,0.99886,0.99427,0.99717,0.94151,0.95527,1.0114,1.0092,1.0039,0.99127,1.0058,1.002,0.99532,1.0076,1.016,1.017,1.0409,0.986,1.0147,1.0407,1.0353,1.0152,1.054,1.045,1.0257,1.0488,1.0505,1.0419,0.9908,0.9728,1.0374,0.98324,1.0371,1.0265,1.0477,1.0438,1.0261,-0.35132,0.22628,-0.32507,1.0116,-1.1629,-1.2761,0.82601,-0.7924,-0.60883,0.49538,1.413,0.683,-2.7988,0.55781,0.92799,0.80289,2.9893,3.0528,-6.1673,-0.065287,-0.059802,2.8678,2.1339,2.0088,-1.688,1.8495,0.97975,0.74252,-0.70098,-1.112,0.63861,1.0859,0.96081,0.85474,0.073298,0.65654,-0.6175,0.56547,-1.0846,0.5453,1.237,0.55992,0.52828,0.43495,0.83823,-0.57869,4.311,14.405,-10.625,-20.857,6.3139
1.2682,1.2681,1.2692,1.2684,1.2673,1.2679,1.2676,1.2686,1.2676,1.2684,7.4352,7.4931,7.4476,7.4599,7.4915,7.5078,7.4637,7.4502,7.4187,7.5855,7.5585,7.5553,7.5599,7.5015,7.4483,7.4554,7.4515,7.4417,7.5031,7.4633,7.4858,7.5536,7.5494,7.4532,7.509,7.5191,7.4668,7.5562,7.5982,7.5551,7.6218,7.8562,7.5825,7.5388,7.6332,7.678,7.6139,7.7074,7.4031,1.4162,0,7.0144,0,-0.4508,0,0,0,0,0,1.4162,0,6.8276,0,-0.44805,0,0,0,0,0,0,0,0,0,0,0,0,0,0,0,0,0,0,0,0,0,0,0,0,0,0,0,0,0,1.4255,-3.5349,0,0,0,0,0,0,0,0,0,0,0,0,0,1.0461,1.045,1.0221,0.99886,0.99427,0.99717,0.94151,0.95527,1.0114,1.0092,1.0039,0.99127,1.0058,1.002,0.99532,1.0076,1.016,1.017,1.0409,0.986,1.0147,1.0407,1.0353,1.0152,1.054,1.045,1.0257,1.0488,1.0505,1.0419,0.9908,0.97279,1.0374,0.98324,1.0371,1.0265,1.0477,1.0438,1.0261,-0.35095,0.22586,-0.32499,1.0119,-1.1631,-1.2767,0.82668,-0.79306,-0.60893,0.49545,1.4139,0.68329,-2.7995,0.5579,0.92796,0.80278,2.9901,3.0541,-6.1697,-0.065349,-0.059814,2.8691,2.135,2.0098,-1.6884,1.8501,0.98016,0.74293,-0.70161,-1.1119,0.63838,1.0866,0.96138,0.85511,0.073697,0.65658,-0.61785,0.56582,-1.0841,0.54478,1.2369,0.56029,0.52864,0.4353,0.83889,-0.57909,4.311,14.405,-10.625,-20.857,6.3139
1.2687,1.2685,1.2697,1.269,1.2678,1.2685,1.2682,1.2691,1.2683,1.2689,7.562,7.6199,7.5744,7.5867,7.6183,7.6347,7.5906,7.5771,7.5455,7.7124,7.6854,7.6822,7.6868,7.6284,7.5751,7.5822,7.5783,7.5685,7.6299,7.5901,7.6126,7.6804,7.6762,7.58,7.6358,7.6459,7.5937,7.683,7.725,7.6819,7.7486,7.9831,7.7093,7.6656,7.7601,7.8048,7.7407,7.8342,7.53,1.4162,0,7.0049,0,-0.4506,0,0,0,0,0,1.4162,0,6.8302,0,-0.44809,0,0,0,0,0,0,0,0,0,0,0,0,0,0,0,0,0,0,0,0,0,0,0,0,0,0,0,0,0,1.4255,-3.535,0,0,0,0,0,0,0,0,0,0,0,0,0,1.0461,1.045,1.0221,0.99886,0.99427,0.99717,0.94151,0.95527,1.0114,1.0092,1.0039,0.99127,1.0058,1.002,0.99532,1.0076,1.016,1.017,1.0409,0.986,1.0147,1.0407,1.0353,1.0152,1.054,1.045,1.0257,1.0488,1.0505,1.0419,0.9908,0.97277,1.0374,0.98324,1.0371,1.0265,1.0477,1.0438,1.0261,-0.35058,0.22545,-0.325,1.0123,-1.1631,-1.2774,0.82727,-0.7936,-0.60911,0.49546,1.4145,0.68344,-2.8003,0.55796,0.92794,0.80269,2.9912,3.0555,-6.1722,-0.065393,-0.059828,2.8703,2.136,2.0108,-1.6887,1.8506,0.98055,0.74327,-0.70215,-1.1117,0.63828,1.0871,0.96186,0.85545,0.073884,0.65672,-0.61813,0.56613,-1.0836,0.54459,1.2368,0.56059,0.52893,0.43556,0.83937,-0.57943,4.311,14.405,-10.625,-20.857,6.3139
1.2692,1.2691,1.2702,1.2694,1.2685,1.269,1.2688,1.2694,1.2689,1.2694,7.6889,7.7468,7.7013,7.7136,7.7452,7.7616,7.7175,7.704,7.6724,7.8393,7.8123,7.8091,7.8137,7.7553,7.702,7.7091,7.7052,7.6954,7.7567,7.7169,7.7394,7.8073,7.8031,7.7069,7.7627,7.7728,7.7205,7.8098,7.8519,7.8088,7.8755,8.1101,7.8362,7.7925,7.8869,7.9316,7.8676,7.9611,7.6569,1.4162,0,6.996,0,-0.45042,0,0,0,0,0,1.4162,0,6.8327,0,-0.44812,0,0,0,0,0,0,0,0,0,0,0,0,0,0,0,0,0,0,0,0,0,0,0,0,0,0,0,0,0,1.4255,-3.5351,0,0,0,0,0,0,0,0,0,0,0,0,0,1.0461,1.045,1.0221,0.99886,0.99427,0.99717,0.94151,0.95527,1.0114,1.0092,1.0039,0.99127,1.0058,1.002,0.99532,1.0076,1.016,1.017,1.0409,0.986,1.0147,1.0407,1.0353,1.0152,1.054,1.045,1.0257,1.0488,1.0505,1.0419,0.9908,0.97276,1.0374,0.98324,1.0371,1.0265,1.0477,1.0438,1.0261,-0.35021,0.22503,-0.3251,1.0127,-1.1631,-1.278,0.82778,-0.79404,-0.60935,0.4954,1.4149,0.68346,-2.8015,0.55799,0.92791,0.80263,2.9923,3.0567,-6.1746,-0.065419,-0.059844,2.8715,2.1369,2.0117,-1.689,1.851,0.98092,0.74353,-0.7026,-1.1116,0.6383,1.0875,0.96225,0.85576,0.073858,0.65695,-0.61834,0.5664,-1.0833,0.54474,1.2367,0.56081,0.52913,0.4357,0.83966,-0.57972,4.311,14.405,-10.625,-20.857,6.3139
1.2696,1.2697,1.2706,1.2696,1.2692,1.2695,1.2694,1.2696,1.2695,1.2699,7.8159,7.8738,7.8282,7.8406,7.8722,7.8885,7.8444,7.8309,7.7994,7.9663,7.9392,7.9361,7.9407,7.8822,7.8289,7.836,7.8321,7.8223,7.8836,7.8438,7.8664,7.9342,7.93,7.8338,7.8896,7.8997,7.8475,7.9367,7.9788,7.9357,8.0025,8.2371,7.9631,7.9194,8.0138,8.0585,7.9945,8.088,7.7838,1.4162,0,6.9878,0,-0.45025,0,0,0,0,0,1.4162,0,6.8349,0,-0.44816,0,0,0,0,0,0,0,0,0,0,0,0,0,0,0,0,0,0,0,0,0,0,0,0,0,0,0,0,0,1.4255,-3.5352,0,0,0,0,0,0,0,0,0,0,0,0,0,1.0461,1.045,1.0221,0.99886,0.99427,0.99717,0.94151,0.95527,1.0114,1.0092,1.0039,0.99127,1.0058,1.002,0.99532,1.0076,1.016,1.017,1.0409,0.986,1.0147,1.0407,1.0353,1.0152,1.054,1.045,1.0257,1.0488,1.0505,1.0419,0.9908,0.97274,1.0374,0.98325,1.0371,1.0265,1.0477,1.0438,1.0261,-0.34985,0.2246,-0.32528,1.0131,-1.1629,-1.2787,0.8282,-0.79437,-0.60966,0.49528,1.415,0.68335,-2.8028,0.55798,0.92789,0.8026,2.9936,3.0579,-6.1769,-0.065428,-0.059863,2.8728,2.1378,2.0125,-1.6892,1.8515,0.98126,0.74373,-0.70296,-1.1115,0.63844,1.0878,0.96254,0.85604,0.073621,0.65728,-0.61849,0.56662,-1.0831,0.54522,1.2367,0.56095,0.52925,0.43575,0.83977,-0.57995,4.311,14.405,-10.625,-20.857,6.3139
1.27,1.2703,1.2709,1.2697,1.2701,1.2699,1.27,1.2696,1.27,1.2703,7.9429,8.0007,7.9552,7.9676,7.9992,8.0155,7.9714,7.9579,7.9264,8.0933,8.0662,8.0631,8.0677,8.0092,7.9559,7.963,7.9591,7.9493,8.0106,7.9708,7.9933,8.0611,8.057,7.9608,8.0166,8.0267,7.9744,8.0637,8.1058,8.0627,8.1295,8.3642,8.0901,8.0463,8.1408,8.1855,8.1215,8.2149,7.9108,1.4162,0,6.9801,0,-0.4501,0,0,0,0,0,1.4162,0,6.8371,0,-0.44819,0,0,0,0,0,0,0,0,0,0,0,0,0,0,0,0,0,0,0,0,0,0,0,0,0,0,0,0,0,1.4255,-3.5353,0,0,0,0,0,0,0,0,0,0,0,0,0,1.0461,1.045,1.0221,0.99886,0.99427,0.99717,0.94151,0.95527,1.0114,1.0092,1.0039,0.99127,1.0058,1.002,0.99532,1.0076,1.016,1.017,1.0409,0.986,1.0147,1.0407,1.0353,1.0152,1.054,1.045,1.0257,1.0488,1.0505,1.0419,0.9908,0.97273,1.0374,0.98325,1.0371,1.0265,1.0477,1.0438,1.0261,-0.34948,0.22417,-0.32554,1.0135,-1.1627,-1.2794,0.82854,-0.79461,-0.61002,0.49512,1.4149,0.68314,-2.8044,0.55795,0.92787,0.80259,2.995,3.0591,-6.1792,-0.065423,-0.059882,2.8739,2.1386,2.0134,-1.6893,1.8519,0.98157,0.74386,-0.70325,-1.1113,0.6387,1.088,0.96274,0.85628,0.073218,0.65768,-0.61858,0.5668,-1.083,0.54596,1.2366,0.56103,0.5293,0.43571,0.83973,-0.58013,4.311,14.405,-10.625,-20.857,6.3139
1.2703,1.2709,1.2712,1.2698,1.2708,1.2702,1.2706,1.2697,1.2706,1.2707,8.0699,8.1278,8.0822,8.0946,8.1262,8.1426,8.0985,8.085,8.0534,8.2203,8.1933,8.1901,8.1947,8.1363,8.0829,8.09,8.0861,8.0763,8.1376,8.0978,8.1203,8.1882,8.184,8.0878,8.1436,8.1537,8.1015,8.1907,8.2328,8.1897,8.2565,8.4913,8.2171,8.1734,8.2678,8.3125,8.2485,8.342,8.0379,1.4162,0,6.9728,0,-0.44996,0,0,0,0,0,1.4162,0,6.8391,0,-0.44821,0,0,0,0,0,0,0,0,0,0,0,0,0,0,0,0,0,0,0,0,0,0,0,0,0,0,0,0,0,1.4255,-3.5354,0,0,0,0,0,0,0,0,0,0,0,0,0,1.0461,1.045,1.0221,0.99886,0.99427,0.99717,0.94151,0.95527,1.0114,1.0092,1.0039,0.99127,1.0058,1.002,0.99532,1.0076,1.016,1.017,1.0409,0.986,1.0147,1.0407,1.0353,1.0152,1.054,1.045,1.0257,1.0488,1.0505,1.0419,0.9908,0.97272,1.0374,0.98325,1.0371,1.0265,1.0477,1.0438,1.0261,-0.34914,0.22377,-0.32579,1.0139,-1.1625,-1.28,0.82887,-0.7949,-0.61033,0.49499,1.415,0.68301,-2.8056,0.55794,0.92787,0.80259,2.9962,3.0602,-6.1813,-0.065426,-0.059897,2.875,2.1394,2.0141,-1.6894,1.8523,0.98186,0.744,-0.70352,-1.1112,0.63899,1.0881,0.96287,0.8565,0.072901,0.65802,-0.61867,0.56694,-1.0829,0.54661,1.2366,0.5611,0.52935,0.43569,0.83971,-0.58026,4.311,14.405,-10.625,-20.857,6.3139
1.2707,1.2713,1.2715,1.27,1.2714,1.2706,1.271,1.27,1.271,1.271,8.197,8.2548,8.2093,8.2217,8.2533,8.2696,8.2255,8.212,8.1805,8.3474,8.3204,8.3172,8.3218,8.2633,8.21,8.2171,8.2131,8.2034,8.2647,8.2249,8.2474,8.3152,8.311,8.2149,8.2706,8.2807,8.2285,8.3178,8.3598,8.3168,8.3836,8.6184,8.3441,8.3004,8.3948,8.4395,8.3755,8.469,8.165,1.4162,0,6.966,0,-0.44983,0,0,0,0,0,1.4162,0,6.8409,0,-0.44824,0,0,0,0,0,0,0,0,0,0,0,0,0,0,0,0,0,0,0,0,0,0,0,0,0,0,0,0,0,1.4255,-3.5354,0,0,0,0,0,0,0,0,0,0,0,0,0,1.0461,1.045,1.0221,0.99886,0.99427,0.99717,0.94151,0.95527,1.0114,1.0092,1.0039,0.99127,1.0058,1.002,0.99532,1.0076,1.016,1.017,1.0409,0.986,1.0147,1.0407,1.0353,1.0152,1.054,1.045,1.0257,1.0488,1.0505,1.0419,0.9908,0.9727,1.0374,0.98325,1.0371,1.0265,1.0477,1.0438,1.0261,-0.34882,0.2234,-0.32604,1.0143,-1.1623,-1.2806,0.82918,-0.79525,-0.61057,0.49493,1.4152,0.68298,-2.8066,0.55796,0.92788,0.80258,2.9972,3.0612,-6.1832,-0.065439,-0.059908,2.876,2.1402,2.0148,-1.6895,1.8527,0.9821,0.74414,-0.70378,-1.1111,0.6393,1.0881,0.96292,0.8567,0.07271,0.65829,-0.61877,0.56703,-1.0829,0.54711,1.2365,0.56118,0.52941,0.4357,0.83973,-0.58035,4.311,14.405,-10.625,-20.857,6.3139
1.271,1.2717,1.2718,1.2703,1.2718,1.271,1.2714,1.2703,1.2714,1.2714,8.3241,8.3819,8.3364,8.3488,8.3804,8.3967,8.3527,8.3392,8.3076,8.4745,8.4475,8.4443,8.4489,8.3904,8.3371,8.3442,8.3402,8.3304,8.3917,8.3519,8.3745,8.4423,8.4381,8.3419,8.3977,8.4078,8.3556,8.4448,8.4869,8.4439,8.5107,8.7456,8.4712,8.4275,8.5219,8.5666,8.5026,8.5961,8.2921,1.4162,0,6.9596,0,-0.44971,0,0,0,0,0,1.4162,0,6.8427,0,-0.44826,0,0,0,0,0,0,0,0,0,0,0,0,0,0,0,0,0,0,0,0,0,0,0,0,0,0,0,0,0,1.4255,-3.5355,0,0,0,0,0,0,0,0,0,0,0,0,0,1.0461,1.045,1.0221,0.99886,0.99427,0.99717,0.94151,0.95527,1.0114,1.0092,1.0039,0.99127,1.0058,1.002,0.99532,1.0076,1.016,1.017,1.0409,0.986,1.0147,1.0407,1.0353,1.0152,1.054,1.045,1.0257,1.0488,1.0505,1.0419,0.9908,0.97269,1.0374,0.98325,1.0371,1.0265,1.0477,1.0438,1.0261,-0.34851,0.22306,-0.32627,1.0147,-1.1623,-1.2812,0.82947,-0.79566,-0.61075,0.49492,1.4156,0.68305,-2.8073,0.55802,0.92791,0.80258,2.9979,3.0621,-6.1849,-0.065464,-0.059915,2.8769,2.1409,2.0155,-1.6896,1.8531,0.98232,0.74428,-0.70404,-1.111,0.63964,1.0881,0.9629,0.85688,0.072643,0.65848,-0.61889,0.56708,-1.0828,0.54747,1.2364,0.56126,0.52948,0.43574,0.8398,-0.58039,4.311,14.405,-10.625,-20.857,6.3139
1.2714,1.272,1.272,1.2708,1.272,1.2714,1.2717,1.2708,1.2717,1.2717,8.4512,8.509,8.4635,8.4759,8.5075,8.5239,8.4798,8.4663,8.4348,8.6017,8.5746,8.5715,8.5761,8.5176,8.4642,8.4713,8.4673,8.4576,8.5189,8.479,8.5016,8.5694,8.5652,8.4691,8.5248,8.5349,8.4827,8.572,8.614,8.571,8.6378,8.8727,8.5983,8.5546,8.649,8.6937,8.6297,8.7232,8.4192,1.4162,0,6.9536,0,-0.44961,0,0,0,0,0,1.4162,0,6.8444,0,-0.44828,0,0,0,0,0,0,0,0,0,0,0,0,0,0,0,0,0,0,0,0,0,0,0,0,0,0,0,0,0,1.4255,-3.5355,0,0,0,0,0,0,0,0,0,0,0,0,0,1.0461,1.045,1.0221,0.99886,0.99427,0.99717,0.94151,0.95527,1.0114,1.0092,1.0039,0.99127,1.0058,1.002,0.99532,1.0076,1.016,1.017,1.0409,0.986,1.0147,1.0407,1.0353,1.0152,1.054,1.045,1.0257,1.0488,1.0505,1.0419,0.9908,0.97268,1.0374,0.98325,1.0371,1.0265,1.0477,1.0438,1.0261,-0.34822,0.22274,-0.32649,1.0152,-1.1622,-1.2817,0.82976,-0.79613,-0.61087,0.49496,1.4162,0.68323,-2.8077,0.5581,0.92795,0.80258,2.9984,3.0629,-6.1863,-0.065499,-0.059917,2.8777,2.1415,2.0161,-1.6897,1.8535,0.9825,0.74444,-0.7043,-1.1109,0.64,1.0881,0.9628,0.85703,0.072701,0.6586,-0.61901,0.56709,-1.0827,0.54767,1.2364,0.56134,0.52956,0.4358,0.83992,-0.58039,4.311,14.405,-10.625,-20.857,6.3139
1.2718,1.2722,1.2723,1.2713,1.2721,1.2717,1.2719,1.2714,1.2719,1.272,8.5784,8.6362,8.5907,8.6031,8.6347,8.6511,8.607,8.5935,8.5619,8.7289,8.7018,8.6986,8.7032,8.6448,8.5914,8.5984,8.5945,8.5847,8.646,8.6062,8.6287,8.6965,8.6924,8.5962,8.652,8.6621,8.6099,8.6991,8.7412,8.6981,8.765,8.9999,8.7254,8.6817,8.7762,8.8209,8.7569,8.8503,8.5464,1.4162,0,6.9481,0,-0.44951,0,0,0,0,0,1.4162,0,6.8459,0,-0.4483,0,0,0,0,0,0,0,0,0,0,0,0,0,0,0,0,0,0,0,0,0,0,0,0,0,0,0,0,0,1.4255,-3.5356,0,0,0,0,0,0,0,0,0,0,0,0,0,1.0461,1.045,1.0221,0.99886,0.99427,0.99717,0.94151,0.95527,1.0114,1.0092,1.0039,0.99127,1.0058,1.002,0.99532,1.0076,1.016,1.017,1.0409,0.986,1.0147,1.0407,1.0353,1.0152,1.054,1.045,1.0257,1.0488,1.0505,1.0419,0.9908,0.97267,1.0374,0.98325,1.0371,1.0265,1.0477,1.0438,1.0261,-0.34795,0.22246,-0.3267,1.0156,-1.1623,-1.2822,0.83002,-0.79667,-0.61092,0.49507,1.417,0.6835,-2.8078,0.55822,0.92801,0.80258,2.9987,3.0637,-6.1876,-0.065545,-0.059914,2.8784,2.1421,2.0166,-1.6899,1.8538,0.98265,0.7446,-0.70455,-1.1108,0.64037,1.088,0.96262,0.85716,0.072885,0.65864,-0.61914,0.56706,-1.0827,0.54773,1.2363,0.56142,0.52964,0.4359,0.84008,-0.58034,4.311,14.405,-10.625,-20.857,6.3139
1.2721,1.2724,1.2725,1.272,1.2721,1.2721,1.272,1.2721,1.272,1.2723,8.7056,8.7634,8.7179,8.7303,8.7619,8.7783,8.7342,8.7207,8.6891,8.8561,8.829,8.8259,8.8305,8.772,8.7186,8.7256,8.7217,8.7119,8.7732,8.7334,8.7559,8.8237,8.8196,8.7234,8.7792,8.7893,8.737,8.8263,8.8684,8.8253,8.8922,9.1272,8.8526,8.8089,8.9034,8.9481,8.8841,8.9775,8.6736,1.4162,0,6.9429,0,-0.44942,0,0,0,0,0,1.4162,0,6.8473,0,-0.44832,0,0,0,0,0,0,0,0,0,0,0,0,0,0,0,0,0,0,0,0,0,0,0,0,0,0,0,0,0,1.4255,-3.5356,0,0,0,0,0,0,0,0,0,0,0,0,0,1.0461,1.045,1.0221,0.99886,0.99427,0.99717,0.94151,0.95527,1.0114,1.0092,1.0039,0.99127,1.0058,1.002,0.99532,1.0076,1.016,1.017,1.0409,0.986,1.0147,1.0407,1.0353,1.0152,1.054,1.045,1.0257,1.0488,1.0505,1.0419,0.9908,0.97267,1.0374,0.98325,1.0371,1.0265,1.0477,1.0438,1.0261,-0.34771,0.22221,-0.32689,1.016,-1.1623,-1.2827,0.83028,-0.79726,-0.6109,0.49523,1.418,0.68388,-2.8076,0.55837,0.92808,0.80258,2.9987,3.0644,-6.1886,-0.065602,-0.059906,2.879,2.1426,2.0171,-1.69,1.8541,0.98276,0.74477,-0.70479,-1.1107,0.64077,1.0879,0.96237,0.85727,0.073192,0.6586,-0.61928,0.56698,-1.0827,0.54765,1.2362,0.56151,0.52974,0.43603,0.84029,-0.58025,4.311,14.405,-10.625,-20.857,6.3139
1.2725,1.2725,1.2728,1.2726,1.272,1.2724,1.2721,1.2728,1.2721,1.2725,8.8328,8.8906,8.8451,8.8575,8.8892,8.9055,8.8614,8.8479,8.8164,8.9833,8.9563,8.9531,8.9577,8.8992,8.8458,8.8528,8.8489,8.8391,8.9004,8.8606,8.8831,8.9509,8.9468,8.8506,8.9064,8.9165,8.8643,8.9535,8.9956,8.9526,9.0195,9.2544,8.9798,8.9361,9.0306,9.0753,9.0113,9.1047,8.8008,1.4162,0,6.9381,0,-0.44934,0,0,0,0,0,1.4162,0,6.8487,0,-0.44833,0,0,0,0,0,0,0,0,0,0,0,0,0,0,0,0,0,0,0,0,0,0,0,0,0,0,0,0,0,1.4255,-3.5357,0,0,0,0,0,0,0,0,0,0,0,0,0,1.0461,1.045,1.0221,0.99886,0.99427,0.99717,0.94151,0.95527,1.0114,1.0092,1.0039,0.99127,1.0058,1.002,0.99532,1.0076,1.016,1.017,1.0409,0.986,1.0147,1.0407,1.0353,1.0152,1.054,1.045,1.0257,1.0488,1.0505,1.0419,0.9908,0.97266,1.0374,0.98324,1.0371,1.0265,1.0477,1.0438,1.0261,-0.34748,0.22198,-0.32705,1.0164,-1.1624,-1.2831,0.83053,-0.79782,-0.61088,0.49539,1.4189,0.68425,-2.8074,0.55851,0.92815,0.80257,2.9987,3.0651,-6.1896,-0.065657,-0.0599,2.8795,2.1431,2.0175,-1.6902,1.8544,0.98287,0.74493,-0.70503,-1.1107,0.64111,1.0878,0.96217,0.85738,0.073511,0.65855,-0.61942,0.56692,-1.0826,0.5475,1.2362,0.56161,0.52985,0.43617,0.84052,-0.58017,4.311,14.405,-10.625,-20.857,6.3139
1.2728,1.2726,1.273,1.2731,1.272,1.2727,1.2723,1.2733,1.2722,1.2728,8.9601,9.0179,8.9724,8.9848,9.0164,9.0328,8.9887,8.9752,8.9436,9.1106,9.0835,9.0804,9.085,9.0264,8.973,8.9801,8.9761,8.9664,9.0276,8.9878,9.0104,9.0782,9.074,8.9779,9.0337,9.0437,8.9915,9.0807,9.1228,9.0798,9.1467,9.3817,9.107,9.0634,9.1578,9.2025,9.1386,9.232,8.9281,1.4162,0,6.9336,0,-0.44927,0,0,0,0,0,1.4162,0,6.8499,0,-0.44834,0,0,0,0,0,0,0,0,0,0,0,0,0,0,0,0,0,0,0,0,0,0,0,0,0,0,0,0,0,1.4255,-3.5357,0,0,0,0,0,0,0,0,0,0,0,0,0,1.0461,1.045,1.0221,0.99886,0.99427,0.99717,0.94151,0.95527,1.0114,1.0092,1.0039,0.99127,1.0058,1.002,0.99532,1.0076,1.016,1.017,1.0409,0.986,1.0147,1.0407,1.0353,1.0152,1.054,1.045,1.0257,1.0488,1.0505,1.0419,0.9908,0.97265,1.0374,0.98324,1.0371,1.0265,1.0477,1.0438,1.0261,-0.3473,0.22178,-0.32714,1.0167,-1.1625,-1.2834,0.83078,-0.79825,-0.61089,0.49549,1.4196,0.6845,-2.8074,0.55861,0.92819,0.80256,2.9989,3.0657,-6.1906,-0.065697,-0.059897,2.8801,2.1435,2.0179,-1.6903,1.8547,0.98299,0.74509,-0.70526,-1.1106,0.64129,1.0878,0.96213,0.8575,0.073737,0.65853,-0.61955,0.56694,-1.0825,0.54736,1.2361,0.56172,0.52996,0.4363,0.84075,-0.58017,4.311,14.405,-10.625,-20.857,6.3139
1.2731,1.2728,1.2732,1.2735,1.2721,1.2729,1.2725,1.2737,1.2724,1.273,9.0873,9.1451,9.0996,9.1121,9.1437,9.1601,9.116,9.1025,9.0709,9.2379,9.2108,9.2076,9.2122,9.1537,9.1003,9.1074,9.1034,9.0937,9.1549,9.1151,9.1377,9.2054,9.2013,9.1051,9.1609,9.171,9.1188,9.208,9.2501,9.2071,9.274,9.509,9.2343,9.1906,9.2851,9.3298,9.2658,9.3592,9.0554,1.4162,0,6.9293,0,-0.4492,0,0,0,0,0,1.4162,0,6.8511,0,-0.44836,0,0,0,0,0,0,0,0,0,0,0,0,0,0,0,0,0,0,0,0,0,0,0,0,0,0,0,0,0,1.4255,-3.5357,0,0,0,0,0,0,0,0,0,0,0,0,0,1.0461,1.045,1.0221,0.99886,0.99427,0.99717,0.94151,0.95527,1.0114,1.0092,1.0039,0.99127,1.0058,1.002,0.99532,1.0076,1.016,1.017,1.0409,0.986,1.0147,1.0407,1.0353,1.0152,1.054,1.045,1.0257,1.0488,1.0505,1.0419,0.9908,0.97265,1.0374,0.98324,1.0371,1.0265,1.0477,1.0438,1.0261,-0.34714,0.22161,-0.32717,1.0169,-1.1626,-1.2837,0.83103,-0.79855,-0.61094,0.49553,1.42,0.68463,-2.8076,0.55866,0.92821,0.80255,2.9992,3.0662,-6.1916,-0.065723,-0.0599,2.8806,2.144,2.0183,-1.6905,1.8549,0.98314,0.74523,-0.70549,-1.1105,0.64132,1.088,0.96224,0.85763,0.07387,0.65856,-0.61967,0.56704,-1.0823,0.54725,1.236,0.56185,0.53009,0.43642,0.84098,-0.58024,4.311,14.405,-10.625,-20.857,6.3139
1.2733,1.2729,1.2734,1.2737,1.2724,1.2731,1.2727,1.2739,1.2727,1.2732,9.2146,9.2724,9.2269,9.2394,9.271,9.2874,9.2433,9.2298,9.1982,9.3652,9.3381,9.3349,9.3396,9.281,9.2276,9.2346,9.2307,9.2209,9.2822,9.2424,9.2649,9.3327,9.3286,9.2324,9.2882,9.2983,9.2461,9.3353,9.3773,9.3344,9.4013,9.6364,9.3616,9.3179,9.4124,9.4571,9.3931,9.4865,9.1827,1.4162,0,6.9253,0,-0.44913,0,0,0,0,0,1.4162,0,6.8522,0,-0.44837,0,0,0,0,0,0,0,0,0,0,0,0,0,0,0,0,0,0,0,0,0,0,0,0,0,0,0,0,0,1.4255,-3.5358,0,0,0,0,0,0,0,0,0,0,0,0,0,1.0461,1.045,1.0221,0.99886,0.99427,0.99717,0.94151,0.95527,1.0114,1.0092,1.0039,0.99127,1.0058,1.002,0.99532,1.0076,1.016,1.017,1.0409,0.986,1.0147,1.0407,1.0353,1.0152,1.054,1.045,1.0257,1.0488,1.0505,1.0419,0.9908,0.97264,1.0374,0.98325,1.0371,1.0265,1.0477,1.0438,1.0261,-0.34703,0.22147,-0.32714,1.017,-1.1626,-1.284,0.83128,-0.79871,-0.61103,0.49551,1.4202,0.68464,-2.8081,0.55868,0.92821,0.80253,2.9997,3.0668,-6.1926,-0.065735,-0.059908,2.8811,2.1444,2.0187,-1.6906,1.8551,0.98331,0.74536,-0.70572,-1.1105,0.64121,1.0882,0.96251,0.85777,0.073911,0.65862,-0.61978,0.56722,-1.0821,0.54714,1.236,0.56199,0.53023,0.43654,0.84121,-0.58038,4.311,14.405,-10.625,-20.857,6.3139
1.2735,1.2732,1.2737,1.2738,1.2727,1.2733,1.273,1.274,1.2729,1.2734,9.342,9.3997,9.3542,9.3667,9.3984,9.4147,9.3706,9.3571,9.3255,9.4925,9.4655,9.4623,9.4669,9.4084,9.3549,9.362,9.358,9.3483,9.4095,9.3697,9.3922,9.46,9.4559,9.3597,9.4155,9.4256,9.3734,9.4626,9.5046,9.4617,9.5286,9.7637,9.4889,9.4452,9.5397,9.5844,9.5204,9.6138,9.31,1.4162,0,6.9216,0,-0.44908,0,0,0,0,0,1.4162,0,6.8532,0,-0.44838,0,0,0,0,0,0,0,0,0,0,0,0,0,0,0,0,0,0,0,0,0,0,0,0,0,0,0,0,0,1.4255,-3.5358,0,0,0,0,0,0,0,0,0,0,0,0,0,1.0461,1.045,1.0221,0.99886,0.99427,0.99717,0.94151,0.95527,1.0114,1.0092,1.0039,0.99127,1.0058,1.002,0.99532,1.0076,1.016,1.017,1.0409,0.986,1.0147,1.0407,1.0353,1.0152,1.054,1.045,1.0257,1.0488,1.0505,1.0419,0.9908,0.97263,1.0374,0.98325,1.0371,1.0265,1.0477,1.0438,1.0261,-0.34695,0.22136,-0.32705,1.017,-1.1626,-1.2842,0.83153,-0.79875,-0.61116,0.49544,1.4201,0.68454,-2.8088,0.55865,0.92818,0.8025,3.0004,3.0673,-6.1936,-0.065732,-0.059921,2.8816,2.1447,2.0191,-1.6907,1.8552,0.98349,0.74548,-0.70595,-1.1104,0.64095,1.0887,0.96294,0.85792,0.073858,0.65871,-0.61988,0.56747,-1.0818,0.54706,1.2359,0.56215,0.53037,0.43664,0.84144,-0.5806,4.311,14.405,-10.625,-20.857,6.3139
1.2736,1.2734,1.2739,1.2737,1.2731,1.2735,1.2733,1.2738,1.2733,1.2736,9.4693,9.5271,9.4816,9.494,9.5257,9.542,9.4979,9.4844,9.4529,9.6199,9.5928,9.5896,9.5942,9.5357,9.4822,9.4893,9.4854,9.4756,9.5368,9.497,9.5196,9.5874,9.5832,9.4871,9.5429,9.5529,9.5007,9.5899,9.632,9.589,9.656,9.8911,9.6162,9.5725,9.667,9.7117,9.6478,9.7411,9.4373,1.4162,0,6.9181,0,-0.44903,0,0,0,0,0,1.4162,0,6.8542,0,-0.44839,0,0,0,0,0,0,0,0,0,0,0,0,0,0,0,0,0,0,0,0,0,0,0,0,0,0,0,0,0,1.4255,-3.5358,0,0,0,0,0,0,0,0,0,0,0,0,0,1.0461,1.045,1.0221,0.99886,0.99427,0.99717,0.94151,0.95527,1.0114,1.0092,1.0039,0.99127,1.0058,1.002,0.99532,1.0076,1.016,1.017,1.0409,0.986,1.0147,1.0407,1.0353,1.0152,1.054,1.045,1.0257,1.0488,1.0505,1.0419,0.9908,0.97263,1.0374,0.98325,1.0371,1.0265,1.0477,1.0438,1.0261,-0.3469,0.22127,-0.32689,1.0169,-1.1626,-1.2843,0.83179,-0.79866,-0.61133,0.4953,1.4197,0.68431,-2.8098,0.55857,0.92813,0.80247,3.0012,3.0677,-6.1947,-0.065715,-0.059939,2.8821,2.1451,2.0194,-1.6908,1.8554,0.9837,0.7456,-0.70617,-1.1103,0.64053,1.0892,0.96353,0.85809,0.073712,0.65885,-0.61997,0.5678,-1.0815,0.54699,1.2359,0.56233,0.53053,0.43675,0.84167,-0.58089,4.311,14.405,-10.625,-20.857,6.3139
1.2737,1.2737,1.2741,1.2736,1.2736,1.2736,1.2736,1.2736,1.2736,1.2738,9.5967,9.6544,9.6089,9.6214,9.6531,9.6694,9.6253,9.6118,9.5803,9.7473,9.7202,9.717,9.7216,9.6631,9.6096,9.6167,9.6127,9.603,9.6642,9.6244,9.6469,9.7147,9.7106,9.6144,9.6703,9.6803,9.6281,9.7173,9.7593,9.7164,9.7833,10.019,9.7436,9.6999,9.7944,9.839,9.7752,9.8685,9.5647,1.4162,0,6.9149,0,-0.44898,0,0,0,0,0,1.4162,0,6.8551,0,-0.4484,0,0,0,0,0,0,0,0,0,0,0,0,0,0,0,0,0,0,0,0,0,0,0,0,0,0,0,0,0,1.4255,-3.5358,0,0,0,0,0,0,0,0,0,0,0,0,0,1.0461,1.045,1.0221,0.99886,0.99427,0.99717,0.94151,0.95527,1.0114,1.0092,1.0039,0.99127,1.0058,1.002,0.99532,1.0076,1.016,1.017,1.0409,0.986,1.0147,1.0407,1.0353,1.0152,1.054,1.045,1.0257,1.0488,1.0505,1.0419,0.9908,0.97262,1.0374,0.98325,1.0371,1.0265,1.0477,1.0438,1.0261,-0.34688,0.22121,-0.32669,1.0168,-1.1626,-1.2844,0.83204,-0.79847,-0.61153,0.49512,1.4191,0.684,-2.8109,0.55847,0.92806,0.80243,3.0021,3.0681,-6.1957,-0.065686,-0.05996,2.8826,2.1454,2.0198,-1.6909,1.8554,0.98392,0.74569,-0.70638,-1.1102,0.64001,1.0898,0.96423,0.85826,0.073492,0.65902,-0.62005,0.56818,-1.0811,0.54694,1.2359,0.56252,0.5307,0.43684,0.84189,-0.58123,4.311,14.405,-10.625,-20.857,6.3139
1.2738,1.2739,1.2743,1.2734,1.2741,1.2737,1.2739,1.2734,1.274,1.274,9.724,9.7818,9.7363,9.7488,9.7804,9.7968,9.7527,9.7392,9.7076,9.8746,9.8476,9.8444,9.849,9.7904,9.737,9.744,9.7401,9.7303,9.7916,9.7517,9.7743,9.8421,9.8379,9.7418,9.7976,9.8076,9.7554,9.8446,9.8867,9.8438,9.9107,10.146,9.871,9.8272,9.9217,9.9664,9.9025,9.9958,9.6921,1.4162,0,6.9118,0,-0.44894,0,0,0,0,0,1.4162,0,6.8559,0,-0.44841,0,0,0,0,0,0,0,0,0,0,0,0,0,0,0,0,0,0,0,0,0,0,0,0,0,0,0,0,0,1.4255,-3.5358,0,0,0,0,0,0,0,0,0,0,0,0,0,1.0461,1.045,1.0221,0.99886,0.99427,0.99717,0.94151,0.95527,1.0114,1.0092,1.0039,0.99127,1.0058,1.002,0.99532,1.0076,1.016,1.017,1.0409,0.986,1.0147,1.0407,1.0353,1.0152,1.054,1.045,1.0257,1.0488,1.0505,1.0419,0.99081,0.97262,1.0374,0.98325,1.0371,1.0265,1.0477,1.0438,1.0261,-0.34684,0.22113,-0.32654,1.0167,-1.1626,-1.2845,0.83227,-0.79833,-0.6117,0.49497,1.4187,0.68374,-2.8119,0.55838,0.928,0.8024,3.003,3.0685,-6.1967,-0.065664,-0.059978,2.883,2.1457,2.0201,-1.691,1.8555,0.98411,0.74579,-0.70658,-1.1101,0.6396,1.0903,0.96481,0.85841,0.0733,0.65917,-0.62012,0.5685,-1.0808,0.54693,1.2358,0.56267,0.53084,0.43692,0.84207,-0.58153,4.311,14.405,-10.625,-20.857,6.3139
1.2739,1.2741,1.2745,1.2734,1.2744,1.2738,1.2742,1.2732,1.2742,1.2741,9.8514,9.9092,9.8637,9.8762,9.9078,9.9242,9.8801,9.8666,9.835,10.002,9.975,9.9718,9.9764,9.9178,9.8644,9.8714,9.8675,9.8577,9.9189,9.8791,9.9017,9.9695,9.9653,9.8692,9.925,9.935,9.8828,9.972,10.014,9.9712,10.038,10.273,9.9984,9.9546,10.049,10.094,10.03,10.123,9.8195,1.4162,0,6.909,0,-0.4489,0,0,0,0,0,1.4162,0,6.8567,0,-0.44842,0,0,0,0,0,0,0,0,0,0,0,0,0,0,0,0,0,0,0,0,0,0,0,0,0,0,0,0,0,1.4255,-3.5359,0,0,0,0,0,0,0,0,0,0,0,0,0,1.0461,1.045,1.0221,0.99886,0.99427,0.99717,0.94151,0.95527,1.0114,1.0092,1.0039,0.99127,1.0058,1.002,0.99532,1.0076,1.016,1.017,1.0409,0.986,1.0147,1.0407,1.0353,1.0152,1.054,1.045,1.0257,1.0488,1.0505,1.0419,0.99081,0.97261,1.0374,0.98325,1.0371,1.0265,1.0477,1.0438,1.0261,-0.34677,0.22104,-0.32645,1.0167,-1.1625,-1.2847,0.83247,-0.79827,-0.61185,0.49486,1.4184,0.68356,-2.8126,0.55832,0.92796,0.80237,3.0036,3.0689,-6.1976,-0.065649,-0.059993,2.8834,2.146,2.0204,-1.6911,1.8557,0.98428,0.74587,-0.70675,-1.11,0.63933,1.0907,0.96524,0.85855,0.073152,0.65931,-0.62019,0.56875,-1.0805,0.54696,1.2358,0.5628,0.53095,0.43698,0.84222,-0.58176,4.311,14.405,-10.625,-20.857,6.3139
1.2741,1.2743,1.2746,1.2734,1.2747,1.2739,1.2744,1.2732,1.2745,1.2743,9.9788,10.037,9.9911,10.004,10.035,10.052,10.007,9.994,9.9624,10.129,10.102,10.099,10.104,10.045,9.9918,9.9988,9.9949,9.9851,10.046,10.006,10.029,10.097,10.093,9.9966,10.052,10.062,10.01,10.099,10.141,10.099,10.165,10.401,10.126,10.082,10.176,10.221,10.157,10.251,9.9469,1.4162,0,6.9062,0,-0.44886,0,0,0,0,0,1.4162,0,6.8575,0,-0.44842,0,0,0,0,0,0,0,0,0,0,0,0,0,0,0,0,0,0,0,0,0,0,0,0,0,0,0,0,0,1.4255,-3.5359,0,0,0,0,0,0,0,0,0,0,0,0,0,1.0461,1.045,1.0221,0.99886,0.99427,0.99717,0.94151,0.95527,1.0114,1.0092,1.0039,0.99127,1.0058,1.002,0.99532,1.0076,1.016,1.017,1.0409,0.986,1.0147,1.0407,1.0353,1.0152,1.054,1.045,1.0257,1.0488,1.0505,1.0419,0.99081,0.97261,1.0374,0.98325,1.0371,1.0265,1.0477,1.0438,1.0261,-0.34669,0.22092,-0.32642,1.0167,-1.1625,-1.2848,0.83264,-0.79829,-0.61197,0.49478,1.4182,0.68344,-2.8133,0.55829,0.92793,0.80234,3.0042,3.0693,-6.1985,-0.065644,-0.060003,2.8838,2.1463,2.0207,-1.6912,1.8558,0.98442,0.74595,-0.7069,-1.11,0.6392,1.091,0.96552,0.85866,0.073047,0.65942,-0.62025,0.56891,-1.0804,0.54703,1.2358,0.56289,0.53103,0.43702,0.84232,-0.58192,4.311,14.405,-10.625,-20.857,6.3139
1.2742,1.2745,1.2748,1.2734,1.275,1.2741,1.2746,1.2732,1.2747,1.2744,10.106,10.164,10.119,10.131,10.163,10.179,10.135,10.121,10.09,10.257,10.23,10.227,10.231,10.173,10.119,10.126,10.122,10.113,10.174,10.134,10.156,10.224,10.22,10.124,10.18,10.19,10.138,10.227,10.269,10.226,10.293,10.528,10.253,10.209,10.304,10.349,10.285,10.378,10.074,1.4162,0,6.9037,0,-0.44883,0,0,0,0,0,1.4162,0,6.8582,0,-0.44843,0,0,0,0,0,0,0,0,0,0,0,0,0,0,0,0,0,0,0,0,0,0,0,0,0,0,0,0,0,1.4255,-3.5359,0,0,0,0,0,0,0,0,0,0,0,0,0,1.0461,1.045,1.0221,0.99886,0.99427,0.99717,0.94151,0.95527,1.0114,1.0092,1.0039,0.99127,1.0058,1.002,0.99532,1.0076,1.016,1.017,1.0409,0.986,1.0147,1.0407,1.0353,1.0152,1.054,1.045,1.0257,1.0488,1.0505,1.0419,0.99081,0.9726,1.0374,0.98325,1.0371,1.0265,1.0477,1.0438,1.0261,-0.34657,0.22079,-0.32645,1.0168,-1.1625,-1.285,0.83279,-0.79838,-0.61206,0.49474,1.4183,0.68341,-2.8137,0.55828,0.92791,0.80232,3.0046,3.0697,-6.1992,-0.065646,-0.060008,2.8842,2.1466,2.021,-1.6912,1.8559,0.98454,0.74601,-0.70703,-1.1099,0.63922,1.0911,0.96563,0.85876,0.072986,0.65952,-0.6203,0.56899,-1.0803,0.54714,1.2357,0.56295,0.53108,0.43705,0.84238,-0.58202,4.311,14.405,-10.625,-20.857,6.3139
1.2743,1.2747,1.2749,1.2735,1.2752,1.2742,1.2748,1.2733,1.2748,1.2745,10.234,10.291,10.246,10.258,10.29,10.306,10.262,10.249,10.217,10.384,10.357,10.354,10.359,10.3,10.247,10.254,10.25,10.24,10.301,10.261,10.284,10.352,10.348,10.251,10.307,10.317,10.265,10.354,10.396,10.353,10.42,10.656,10.381,10.337,10.431,10.476,10.412,10.505,10.202,1.4162,0,6.9013,0,-0.4488,0,0,0,0,0,1.4162,0,6.8588,0,-0.44843,0,0,0,0,0,0,0,0,0,0,0,0,0,0,0,0,0,0,0,0,0,0,0,0,0,0,0,0,0,1.4255,-3.5359,0,0,0,0,0,0,0,0,0,0,0,0,0,1.0461,1.045,1.0221,0.99886,0.99427,0.99717,0.94151,0.95527,1.0114,1.0092,1.0039,0.99127,1.0058,1.002,0.99532,1.0076,1.016,1.017,1.0409,0.986,1.0147,1.0407,1.0353,1.0152,1.054,1.045,1.0257,1.0488,1.0505,1.0419,0.99081,0.9726,1.0374,0.98325,1.0371,1.0265,1.0477,1.0438,1.0261,-0.34644,0.22064,-0.32654,1.017,-1.1625,-1.2852,0.8329,-0.79856,-0.61212,0.49474,1.4185,0.68345,-2.8139,0.5583,0.92791,0.80231,3.0049,3.0701,-6.1998,-0.065658,-0.06001,2.8846,2.1469,2.0212,-1.6913,1.8561,0.98462,0.74607,-0.70713,-1.1099,0.63938,1.0911,0.9656,0.85883,0.072968,0.65961,-0.62035,0.569,-1.0803,0.54729,1.2357,0.56297,0.5311,0.43706,0.8424,-0.58205,4.311,14.405,-10.625,-20.857,6.3139
1.2744,1.2748,1.2749,1.2737,1.2752,1.2744,1.2749,1.2735,1.2749,1.2747,10.361,10.419,10.373,10.386,10.418,10.434,10.39,10.376,10.345,10.512,10.485,10.482,10.486,10.428,10.374,10.381,10.377,10.367,10.429,10.389,10.411,10.479,10.475,10.379,10.435,10.445,10.392,10.482,10.524,10.481,10.548,10.783,10.508,10.464,10.559,10.603,10.54,10.633,10.329,1.4162,0,6.8991,0,-0.44877,0,0,0,0,0,1.4162,0,6.8595,0,-0.44844,0,0,0,0,0,0,0,0,0,0,0,0,0,0,0,0,0,0,0,0,0,0,0,0,0,0,0,0,0,1.4255,-3.5359,0,0,0,0,0,0,0,0,0,0,0,0,0,1.0461,1.045,1.0221,0.99886,0.99427,0.99717,0.94151,0.95527,1.0114,1.0092,1.0039,0.99127,1.0058,1.002,0.99532,1.0076,1.016,1.017,1.0409,0.986,1.0147,1.0407,1.0353,1.0152,1.054,1.045,1.0257,1.0488,1.0505,1.0419,0.99081,0.97259,1.0374,0.98325,1.0371,1.0265,1.0477,1.0438,1.0261,-0.34627,0.22047,-0.3267,1.0173,-1.1624,-1.2855,0.83299,-0.79881,-0.61216,0.49477,1.4188,0.68356,-2.814,0.55834,0.92792,0.8023,3.005,3.0704,-6.2004,-0.065677,-0.060008,2.8849,2.1471,2.0215,-1.6913,1.8562,0.98468,0.74613,-0.70722,-1.1099,0.63968,1.0909,0.96541,0.85888,0.072994,0.65967,-0.62039,0.56892,-1.0803,0.54748,1.2357,0.56296,0.53109,0.43706,0.84237,-0.58202,4.311,14.405,-10.625,-20.857,6.3139
1.2745,1.2749,1.275,1.2739,1.2753,1.2745,1.275,1.2738,1.275,1.2748,10.489,10.546,10.501,10.513,10.545,10.561,10.517,10.504,10.472,10.639,10.612,10.609,10.614,10.555,10.501,10.509,10.505,10.495,10.556,10.516,10.539,10.607,10.602,10.506,10.562,10.572,10.52,10.609,10.651,10.608,10.675,10.911,10.635,10.592,10.686,10.731,10.667,10.76,10.457,1.4162,0,6.897,0,-0.44874,0,0,0,0,0,1.4162,0,6.86,0,-0.44845,0,0,0,0,0,0,0,0,0,0,0,0,0,0,0,0,0,0,0,0,0,0,0,0,0,0,0,0,0,1.4255,-3.5359,0,0,0,0,0,0,0,0,0,0,0,0,0,1.0461,1.045,1.0221,0.99886,0.99427,0.99717,0.94151,0.95527,1.0114,1.0092,1.0039,0.99127,1.0058,1.002,0.99532,1.0076,1.016,1.017,1.0409,0.986,1.0147,1.0407,1.0353,1.0152,1.054,1.045,1.0257,1.0488,1.0505,1.0419,0.99081,0.97259,1.0374,0.98325,1.0371,1.0265,1.0477,1.0438,1.0261,-0.34608,0.22029,-0.32691,1.0176,-1.1624,-1.2858,0.83306,-0.79915,-0.61217,0.49485,1.4193,0.68375,-2.8138,0.55842,0.92795,0.80229,3.005,3.0708,-6.2009,-0.065705,-0.060001,2.8852,2.1474,2.0217,-1.6914,1.8564,0.98471,0.74617,-0.70728,-1.1099,0.64012,1.0906,0.96506,0.85891,0.073063,0.65972,-0.62043,0.56877,-1.0804,0.54771,1.2357,0.56292,0.53105,0.43703,0.84231,-0.58192,4.311,14.405,-10.625,-20.857,6.3139
1.2747,1.275,1.275,1.2742,1.2752,1.2747,1.275,1.2741,1.275,1.2749,10.616,10.674,10.628,10.641,10.672,10.689,10.645,10.631,10.6,10.767,10.74,10.736,10.741,10.682,10.629,10.636,10.632,10.622,10.684,10.644,10.666,10.734,10.73,10.634,10.69,10.7,10.647,10.737,10.779,10.736,10.803,11.038,10.763,10.719,10.814,10.858,10.794,10.888,10.584,1.4162,0,6.8951,0,-0.44872,0,0,0,0,0,1.4162,0,6.8606,0,-0.44845,0,0,0,0,0,0,0,0,0,0,0,0,0,0,0,0,0,0,0,0,0,0,0,0,0,0,0,0,0,1.4255,-3.5359,0,0,0,0,0,0,0,0,0,0,0,0,0,1.0461,1.045,1.0221,0.99886,0.99427,0.99717,0.94151,0.95527,1.0114,1.0092,1.0039,0.99127,1.0058,1.002,0.99532,1.0076,1.016,1.017,1.0409,0.986,1.0147,1.0407,1.0353,1.0152,1.054,1.045,1.0257,1.0488,1.0505,1.0419,0.99081,0.97259,1.0374,0.98325,1.0371,1.0265,1.0477,1.0438,1.0261,-0.34587,0.22008,-0.32719,1.018,-1.1624,-1.2861,0.83309,-0.79956,-0.61214,0.49496,1.42,0.68401,-2.8135,0.55852,0.92799,0.80229,3.0048,3.0711,-6.2012,-0.065742,-0.059991,2.8855,2.1476,2.0219,-1.6914,1.8566,0.98471,0.74621,-0.70732,-1.1098,0.64071,1.0902,0.96456,0.85893,0.073176,0.65974,-0.62045,0.56854,-1.0806,0.54798,1.2356,0.56284,0.53098,0.437,0.8422,-0.58176,4.311,14.405,-10.625,-20.857,6.3139
1.2748,1.2751,1.275,1.2746,1.2751,1.2748,1.275,1.2746,1.275,1.2749,10.744,10.801,10.756,10.768,10.8,10.816,10.772,10.759,10.727,10.894,10.867,10.864,10.869,10.81,10.756,10.763,10.76,10.75,10.811,10.771,10.794,10.862,10.857,10.761,10.817,10.827,10.775,10.864,10.906,10.863,10.93,11.166,10.89,10.847,10.941,10.986,10.922,11.015,10.712,1.4162,0,6.8934,0,-0.4487,0,0,0,0,0,1.4162,0,6.861,0,-0.44845,0,0,0,0,0,0,0,0,0,0,0,0,0,0,0,0,0,0,0,0,0,0,0,0,0,0,0,0,0,1.4255,-3.5359,0,0,0,0,0,0,0,0,0,0,0,0,0,1.0461,1.045,1.0221,0.99886,0.99427,0.99717,0.94151,0.95527,1.0114,1.0092,1.0039,0.99127,1.0058,1.002,0.99532,1.0076,1.016,1.017,1.0409,0.986,1.0147,1.0407,1.0353,1.0152,1.054,1.045,1.0257,1.0488,1.0505,1.0419,0.99081,0.97259,1.0374,0.98325,1.0371,1.0265,1.0477,1.0438,1.0261,-0.34564,0.21986,-0.32753,1.0185,-1.1623,-1.2864,0.8331,-0.80005,-0.61209,0.4951,1.4209,0.68435,-2.813,0.55864,0.92805,0.80229,3.0045,3.0714,-6.2015,-0.065787,-0.059976,2.8857,2.1479,2.0221,-1.6914,1.8568,0.98469,0.74624,-0.70734,-1.1099,0.64145,1.0896,0.9639,0.85891,0.073333,0.65975,-0.62048,0.56822,-1.0809,0.54829,1.2356,0.56273,0.53088,0.43694,0.84206,-0.58153,4.311,14.405,-10.625,-20.857,6.3139
1.2749,1.2752,1.275,1.275,1.275,1.275,1.2749,1.275,1.2749,1.275,10.871,10.929,10.883,10.896,10.927,10.944,10.9,10.886,10.855,11.022,10.995,10.991,10.996,10.937,10.884,10.891,10.887,10.877,10.938,10.899,10.921,10.989,10.985,10.889,10.945,10.955,10.902,10.992,11.034,10.991,11.058,11.293,11.018,10.974,11.069,11.113,11.049,11.143,10.839,1.4162,0,6.8918,0,-0.44868,0,0,0,0,0,1.4162,0,6.8615,0,-0.44846,0,0,0,0,0,0,0,0,0,0,0,0,0,0,0,0,0,0,0,0,0,0,0,0,0,0,0,0,0,1.4255,-3.536,0,0,0,0,0,0,0,0,0,0,0,0,0,1.0461,1.045,1.0221,0.99886,0.99427,0.99717,0.94151,0.95527,1.0114,1.0092,1.0039,0.99127,1.0058,1.002,0.99532,1.0076,1.016,1.017,1.0409,0.986,1.0147,1.0407,1.0353,1.0152,1.054,1.045,1.0257,1.0488,1.0505,1.0419,0.99081,0.97258,1.0374,0.98325,1.0371,1.0265,1.0477,1.0438,1.0261,-0.34539,0.21964,-0.3279,1.019,-1.1623,-1.2867,0.8331,-0.80057,-0.61203,0.49527,1.4218,0.68472,-2.8124,0.55878,0.92811,0.8023,3.0042,3.0717,-6.2018,-0.065836,-0.059959,2.8859,2.1481,2.0223,-1.6914,1.8571,0.98464,0.74626,-0.70734,-1.1099,0.64224,1.089,0.96317,0.85889,0.073514,0.65975,-0.62049,0.56787,-1.0812,0.54861,1.2356,0.5626,0.53077,0.43688,0.84189,-0.58127,4.311,14.405,-10.625,-20.857,6.3139
1.275,1.2752,1.275,1.2753,1.2748,1.2751,1.2749,1.2754,1.2749,1.2751,10.999,11.056,11.011,11.023,11.055,11.071,11.027,11.014,10.982,11.149,11.122,11.119,11.124,11.065,11.011,11.018,11.015,11.005,11.066,11.026,11.049,11.117,11.112,11.016,11.072,11.082,11.03,11.119,11.161,11.118,11.185,11.421,11.145,11.102,11.196,11.241,11.177,11.27,10.967,1.4162,0,6.8903,0,-0.44866,0,0,0,0,0,1.4162,0,6.8619,0,-0.44846,0,0,0,0,0,0,0,0,0,0,0,0,0,0,0,0,0,0,0,0,0,0,0,0,0,0,0,0,0,1.4255,-3.536,0,0,0,0,0,0,0,0,0,0,0,0,0,1.0461,1.045,1.0221,0.99886,0.99427,0.99717,0.94151,0.95527,1.0114,1.0092,1.0039,0.99127,1.0058,1.002,0.99532,1.0076,1.016,1.017,1.0409,0.986,1.0147,1.0407,1.0353,1.0152,1.054,1.045,1.0257,1.0488,1.0505,1.0419,0.99081,0.97258,1.0374,0.98325,1.0371,1.0265,1.0477,1.0438,1.0261,-0.34519,0.21945,-0.3282,1.0194,-1.1623,-1.287,0.8331,-0.801,-0.61198,0.49541,1.4225,0.68503,-2.812,0.5589,0.92817,0.80231,3.0039,3.072,-6.202,-0.065877,-0.059946,2.8861,2.1483,2.0224,-1.6915,1.8572,0.98462,0.74629,-0.70735,-1.1099,0.64288,1.0885,0.9626,0.85888,0.073666,0.65975,-0.62052,0.5676,-1.0815,0.54886,1.2356,0.56251,0.53069,0.43684,0.84177,-0.58106,4.311,14.405,-10.625,-20.857,6.3139
1.2751,1.2753,1.2751,1.2756,1.2748,1.2753,1.2749,1.2758,1.2749,1.2752,11.126,11.184,11.138,11.151,11.182,11.199,11.155,11.141,11.11,11.277,11.25,11.246,11.251,11.192,11.139,11.146,11.142,11.132,11.193,11.154,11.176,11.244,11.24,11.144,11.2,11.21,11.157,11.247,11.289,11.246,11.313,11.548,11.273,11.229,11.324,11.368,11.304,11.398,11.094,1.4162,0,6.8888,0,-0.44865,0,0,0,0,0,1.4162,0,6.8623,0,-0.44846,0,0,0,0,0,0,0,0,0,0,0,0,0,0,0,0,0,0,0,0,0,0,0,0,0,0,0,0,0,1.4255,-3.536,0,0,0,0,0,0,0,0,0,0,0,0,0,1.0461,1.045,1.0221,0.99886,0.99427,0.99717,0.94151,0.95527,1.0114,1.0092,1.0039,0.99127,1.0058,1.002,0.99532,1.0076,1.016,1.017,1.0409,0.986,1.0147,1.0407,1.0353,1.0152,1.054,1.045,1.0257,1.0488,1.0505,1.0419,0.99081,0.97258,1.0374,0.98325,1.0371,1.0265,1.0477,1.0438,1.0261,-0.34503,0.2193,-0.32841,1.0197,-1.1623,-1.2873,0.83313,-0.80134,-0.61195,0.49551,1.4231,0.68525,-2.8116,0.55899,0.92821,0.80231,3.0037,3.0722,-6.2023,-0.065907,-0.059936,2.8863,2.1484,2.0226,-1.6915,1.8574,0.98461,0.74632,-0.70738,-1.1099,0.64333,1.0882,0.9622,0.85888,0.073784,0.65975,-0.62054,0.56741,-1.0816,0.54903,1.2356,0.56245,0.53064,0.43682,0.8417,-0.58091,4.311,14.405,-10.625,-20.857,6.3139
1.2752,1.2753,1.2751,1.2758,1.2747,1.2754,1.2749,1.276,1.2749,1.2752,11.254,11.311,11.266,11.278,11.31,11.326,11.282,11.269,11.237,11.404,11.377,11.374,11.379,11.32,11.266,11.273,11.27,11.26,11.321,11.281,11.304,11.372,11.367,11.271,11.327,11.337,11.285,11.374,11.416,11.373,11.44,11.676,11.4,11.357,11.451,11.496,11.432,11.525,11.222,1.4162,0,6.8875,0,-0.44863,0,0,0,0,0,1.4162,0,6.8627,0,-0.44847,0,0,0,0,0,0,0,0,0,0,0,0,0,0,0,0,0,0,0,0,0,0,0,0,0,0,0,0,0,1.4255,-3.536,0,0,0,0,0,0,0,0,0,0,0,0,0,1.0461,1.045,1.0221,0.99886,0.99427,0.99717,0.94151,0.95527,1.0114,1.0092,1.0039,0.99127,1.0058,1.002,0.99532,1.0076,1.016,1.017,1.0409,0.986,1.0147,1.0407,1.0353,1.0152,1.054,1.045,1.0257,1.0488,1.0505,1.0419,0.99081,0.97258,1.0374,0.98324,1.0371,1.0265,1.0477,1.0438,1.0261,-0.34492,0.21919,-0.32855,1.02,-1.1623,-1.2874,0.83317,-0.80157,-0.61194,0.49557,1.4235,0.6854,-2.8115,0.55905,0.92824,0.80232,3.0036,3.0724,-6.2025,-0.065929,-0.059931,2.8865,2.1486,2.0227,-1.6915,1.8575,0.98462,0.74635,-0.70742,-1.1099,0.6436,1.088,0.96197,0.85889,0.073868,0.65974,-0.62056,0.56731,-1.0817,0.54912,1.2356,0.56243,0.53063,0.43682,0.84169,-0.58081,4.311,14.405,-10.625,-20.857,6.3139
1.2753,1.2753,1.2752,1.276,1.2747,1.2755,1.275,1.2762,1.2749,1.2753,11.381,11.439,11.393,11.406,11.438,11.454,11.41,11.396,11.365,11.532,11.505,11.501,11.506,11.448,11.394,11.401,11.397,11.387,11.448,11.409,11.431,11.499,11.495,11.399,11.455,11.465,11.412,11.502,11.544,11.501,11.568,11.803,11.528,11.484,11.579,11.623,11.559,11.653,11.349,1.4162,0,6.8862,0,-0.44862,0,0,0,0,0,1.4162,0,6.8631,0,-0.44847,0,0,0,0,0,0,0,0,0,0,0,0,0,0,0,0,0,0,0,0,0,0,0,0,0,0,0,0,0,1.4255,-3.536,0,0,0,0,0,0,0,0,0,0,0,0,0,1.0461,1.045,1.0221,0.99886,0.99427,0.99717,0.94151,0.95527,1.0114,1.0092,1.0039,0.99127,1.0058,1.002,0.99532,1.0076,1.016,1.017,1.0409,0.986,1.0147,1.0407,1.0353,1.0152,1.054,1.045,1.0257,1.0488,1.0505,1.0419,0.99081,0.97257,1.0374,0.98324,1.0371,1.0265,1.0477,1.0438,1.0261,-0.34486,0.21912,-0.32861,1.0201,-1.1623,-1.2876,0.83322,-0.80171,-0.61195,0.4956,1.4237,0.68548,-2.8115,0.55908,0.92826,0.80232,3.0037,3.0726,-6.2028,-0.065941,-0.05993,2.8866,2.1487,2.0228,-1.6915,1.8576,0.98465,0.74639,-0.70747,-1.1098,0.64369,1.088,0.96192,0.85892,0.073919,0.65974,-0.62059,0.5673,-1.0817,0.54913,1.2355,0.56245,0.53065,0.43684,0.84172,-0.58078,4.311,14.405,-10.625,-20.857,6.3139
1.2754,1.2754,1.2752,1.276,1.2748,1.2755,1.275,1.2763,1.275,1.2754,11.509,11.566,11.521,11.533,11.565,11.581,11.537,11.524,11.492,11.659,11.632,11.629,11.634,11.575,11.521,11.529,11.525,11.515,11.576,11.536,11.559,11.627,11.622,11.526,11.582,11.592,11.54,11.629,11.671,11.628,11.695,11.931,11.655,11.612,11.706,11.751,11.687,11.78,11.477,1.4162,0,6.885,0,-0.44861,0,0,0,0,0,1.4162,0,6.8634,0,-0.44847,0,0,0,0,0,0,0,0,0,0,0,0,0,0,0,0,0,0,0,0,0,0,0,0,0,0,0,0,0,1.4255,-3.536,0,0,0,0,0,0,0,0,0,0,0,0,0,1.0461,1.045,1.0221,0.99886,0.99427,0.99717,0.94151,0.95527,1.0114,1.0092,1.0039,0.99127,1.0058,1.002,0.99532,1.0076,1.016,1.017,1.0409,0.986,1.0147,1.0407,1.0353,1.0152,1.054,1.045,1.0257,1.0488,1.0505,1.0419,0.99081,0.97257,1.0374,0.98324,1.0371,1.0265,1.0477,1.0438,1.0261,-0.34484,0.21909,-0.32859,1.02,-1.1623,-1.2876,0.8333,-0.80175,-0.61197,0.49559,1.4237,0.68547,-2.8116,0.55908,0.92826,0.80232,3.0038,3.0728,-6.2031,-0.065943,-0.059932,2.8868,2.1488,2.023,-1.6915,1.8576,0.98469,0.74643,-0.70754,-1.1098,0.6436,1.0881,0.96204,0.85896,0.073937,0.65974,-0.62062,0.56737,-1.0816,0.54906,1.2355,0.5625,0.5307,0.43688,0.84181,-0.58081,4.311,14.405,-10.625,-20.857,6.3139
1.2755,1.2754,1.2753,1.2761,1.2748,1.2756,1.2751,1.2763,1.2751,1.2754,11.636,11.694,11.648,11.661,11.693,11.709,11.665,11.651,11.62,11.787,11.76,11.757,11.761,11.703,11.649,11.656,11.652,11.642,11.704,11.664,11.686,11.754,11.75,11.654,11.71,11.72,11.667,11.757,11.799,11.756,11.823,12.058,11.783,11.739,11.834,11.878,11.815,11.908,11.604,1.4162,0,6.8838,0,-0.4486,0,0,0,0,0,1.4162,0,6.8637,0,-0.44847,0,0,0,0,0,0,0,0,0,0,0,0,0,0,0,0,0,0,0,0,0,0,0,0,0,0,0,0,0,1.4255,-3.536,0,0,0,0,0,0,0,0,0,0,0,0,0,1.0461,1.045,1.0221,0.99886,0.99427,0.99717,0.94151,0.95527,1.0114,1.0092,1.0039,0.99127,1.0058,1.002,0.99532,1.0076,1.016,1.017,1.0409,0.986,1.0147,1.0407,1.0353,1.0152,1.054,1.045,1.0257,1.0488,1.0505,1.0419,0.99081,0.97257,1.0374,0.98325,1.0371,1.0265,1.0477,1.0438,1.0261,-0.34486,0.21911,-0.3285,1.0199,-1.1623,-1.2876,0.83339,-0.80168,-0.61202,0.49555,1.4236,0.68539,-2.8119,0.55906,0.92826,0.80232,3.0041,3.0729,-6.2034,-0.065936,-0.059939,2.8869,2.1489,2.023,-1.6916,1.8576,0.98476,0.74647,-0.70762,-1.1098,0.64334,1.0884,0.96233,0.85901,0.073921,0.65975,-0.62066,0.56753,-1.0814,0.54891,1.2355,0.56259,0.53078,0.43694,0.84194,-0.58089,4.311,14.405,-10.625,-20.857,6.3139
1.2756,1.2754,1.2754,1.276,1.275,1.2756,1.2752,1.2762,1.2752,1.2755,11.764,11.821,11.776,11.788,11.82,11.836,11.792,11.779,11.747,11.914,11.887,11.884,11.889,11.83,11.777,11.784,11.78,11.77,11.831,11.791,11.814,11.882,11.877,11.781,11.837,11.847,11.795,11.884,11.926,11.883,11.95,12.186,11.91,11.867,11.961,12.006,11.942,12.035,11.732,1.4162,0,6.8828,0,-0.44859,0,0,0,0,0,1.4162,0,6.864,0,-0.44847,0,0,0,0,0,0,0,0,0,0,0,0,0,0,0,0,0,0,0,0,0,0,0,0,0,0,0,0,0,1.4255,-3.536,0,0,0,0,0,0,0,0,0,0,0,0,0,1.0461,1.045,1.0221,0.99886,0.99427,0.99717,0.94151,0.95527,1.0114,1.0092,1.0039,0.99127,1.0058,1.002,0.99532,1.0076,1.016,1.017,1.0409,0.986,1.0147,1.0407,1.0353,1.0152,1.054,1.045,1.0257,1.0488,1.0505,1.0419,0.99081,0.97257,1.0374,0.98325,1.0371,1.0265,1.0477,1.0438,1.0261,-0.34493,0.21916,-0.32832,1.0197,-1.1623,-1.2876,0.83349,-0.80152,-0.61209,0.49547,1.4232,0.68523,-2.8124,0.559,0.92824,0.80232,3.0044,3.073,-6.2037,-0.065919,-0.059949,2.887,2.149,2.0231,-1.6916,1.8576,0.98484,0.74651,-0.70771,-1.1097,0.64289,1.0888,0.9628,0.85907,0.073872,0.65975,-0.6207,0.56778,-1.0812,0.54867,1.2355,0.56272,0.53089,0.43703,0.84213,-0.58103,4.311,14.405,-10.625,-20.857,6.3139
1.2756,1.2754,1.2756,1.2759,1.2751,1.2756,1.2753,1.2761,1.2753,1.2755,11.891,11.949,11.903,11.916,11.948,11.964,11.92,11.906,11.875,12.042,12.015,12.012,12.016,11.958,11.904,11.911,11.907,11.897,11.959,11.919,11.941,12.009,12.005,11.909,11.965,11.975,11.923,12.012,12.054,12.011,12.078,12.313,12.038,11.994,12.089,12.134,12.07,12.163,11.859,1.4162,0,6.8818,0,-0.44858,0,0,0,0,0,1.4162,0,6.8643,0,-0.44848,0,0,0,0,0,0,0,0,0,0,0,0,0,0,0,0,0,0,0,0,0,0,0,0,0,0,0,0,0,1.4255,-3.536,0,0,0,0,0,0,0,0,0,0,0,0,0,1.0461,1.045,1.0221,0.99886,0.99427,0.99717,0.94151,0.95527,1.0114,1.0092,1.0039,0.99127,1.0058,1.002,0.99532,1.0076,1.016,1.017,1.0409,0.986,1.0147,1.0407,1.0353,1.0152,1.054,1.045,1.0257,1.0488,1.0505,1.0419,0.99081,0.97257,1.0374,0.98325,1.0371,1.0265,1.0477,1.0438,1.0261,-0.34505,0.21925,-0.32807,1.0194,-1.1623,-1.2875,0.83362,-0.80126,-0.61217,0.49536,1.4227,0.68499,-2.813,0.55892,0.9282,0.80232,3.0049,3.073,-6.204,-0.065893,-0.059964,2.8871,2.149,2.0232,-1.6916,1.8575,0.98494,0.74656,-0.70781,-1.1096,0.64226,1.0894,0.96344,0.85914,0.073789,0.65975,-0.62073,0.56812,-1.0809,0.54836,1.2354,0.56288,0.53104,0.43714,0.84237,-0.58123,4.311,14.405,-10.625,-20.857,6.3139
1.2757,1.2755,1.2757,1.2758,1.2753,1.2756,1.2755,1.2759,1.2754,1.2756,12.019,12.077,12.031,12.044,12.075,12.092,12.047,12.034,12.002,12.169,12.142,12.139,12.144,12.085,12.032,12.039,12.035,12.025,12.086,12.046,12.069,12.137,12.133,12.036,12.092,12.102,12.05,12.139,12.181,12.138,12.206,12.441,12.166,12.122,12.216,12.261,12.197,12.29,11.987,1.4162,0,6.8809,0,-0.44857,0,0,0,0,0,1.4162,0,6.8645,0,-0.44848,0,0,0,0,0,0,0,0,0,0,0,0,0,0,0,0,0,0,0,0,0,0,0,0,0,0,0,0,0,1.4255,-3.536,0,0,0,0,0,0,0,0,0,0,0,0,0,1.0461,1.045,1.0221,0.99886,0.99427,0.99717,0.94151,0.95527,1.0114,1.0092,1.0039,0.99127,1.0058,1.002,0.99532,1.0076,1.016,1.017,1.0409,0.986,1.0147,1.0407,1.0353,1.0152,1.054,1.045,1.0257,1.0488,1.0505,1.0419,0.99081,0.97257,1.0374,0.98325,1.0371,1.0265,1.0477,1.0438,1.0261,-0.34521,0.21938,-0.32773,1.019,-1.1623,-1.2873,0.83376,-0.8009,-0.61227,0.49521,1.422,0.68468,-2.8138,0.55882,0.92816,0.80232,3.0055,3.073,-6.2043,-0.065857,-0.059983,2.8872,2.1491,2.0232,-1.6917,1.8574,0.98506,0.74661,-0.70792,-1.1096,0.64145,1.0901,0.96425,0.85923,0.073673,0.65975,-0.62078,0.56854,-1.0804,0.54797,1.2354,0.56308,0.53123,0.43726,0.84267,-0.58149,4.311,14.405,-10.625,-20.857,6.3139
1.2758,1.2755,1.2758,1.2756,1.2756,1.2756,1.2756,1.2756,1.2756,1.2756,12.146,12.204,12.159,12.171,12.203,12.219,12.175,12.162,12.13,12.297,12.27,12.267,12.271,12.213,12.159,12.166,12.162,12.153,12.214,12.174,12.197,12.264,12.26,12.164,12.22,12.23,12.178,12.267,12.309,12.266,12.333,12.569,12.293,12.249,12.344,12.389,12.325,12.418,12.114,1.4162,0,6.88,0,-0.44857,0,0,0,0,0,1.4162,0,6.8647,0,-0.44848,0,0,0,0,0,0,0,0,0,0,0,0,0,0,0,0,0,0,0,0,0,0,0,0,0,0,0,0,0,1.4255,-3.536,0,0,0,0,0,0,0,0,0,0,0,0,0,1.0461,1.045,1.0221,0.99886,0.99427,0.99717,0.94151,0.95527,1.0114,1.0092,1.0039,0.99127,1.0058,1.002,0.99532,1.0076,1.016,1.017,1.0409,0.986,1.0147,1.0407,1.0353,1.0152,1.054,1.045,1.0257,1.0488,1.0505,1.0419,0.99081,0.97256,1.0374,0.98325,1.0371,1.0265,1.0477,1.0438,1.0261,-0.34539,0.21953,-0.32737,1.0185,-1.1623,-1.2871,0.8339,-0.80051,-0.61239,0.49504,1.4212,0.68434,-2.8146,0.5587,0.92811,0.80232,3.0061,3.073,-6.2047,-0.065818,-0.060003,2.8873,2.1491,2.0233,-1.6917,1.8573,0.98519,0.74666,-0.70804,-1.1095,0.64059,1.0909,0.96511,0.85932,0.073543,0.65976,-0.62082,0.56899,-1.08,0.54756,1.2354,0.56329,0.53142,0.4374,0.84297,-0.58178,4.311,14.405,-10.625,-20.857,6.3139
1.2758,1.2755,1.276,1.2755,1.2758,1.2756,1.2757,1.2754,1.2757,1.2757,12.274,12.332,12.286,12.299,12.33,12.347,12.303,12.289,12.258,12.425,12.398,12.394,12.399,12.34,12.287,12.294,12.29,12.28,12.341,12.301,12.324,12.392,12.388,12.292,12.347,12.357,12.305,12.394,12.436,12.394,12.461,12.696,12.421,12.377,12.471,12.516,12.452,12.546,12.242,1.4162,0,6.8792,0,-0.44856,0,0,0,0,0,1.4162,0,6.865,0,-0.44848,0,0,0,0,0,0,0,0,0,0,0,0,0,0,0,0,0,0,0,0,0,0,0,0,0,0,0,0,0,1.4255,-3.536,0,0,0,0,0,0,0,0,0,0,0,0,0,1.0461,1.045,1.0221,0.99886,0.99427,0.99717,0.94151,0.95527,1.0114,1.0092,1.0039,0.99127,1.0058,1.002,0.99532,1.0076,1.016,1.017,1.0409,0.986,1.0147,1.0407,1.0353,1.0152,1.054,1.045,1.0257,1.0488,1.0505,1.0419,0.99081,0.97256,1.0374,0.98325,1.0371,1.0265,1.0477,1.0438,1.0261,-0.34554,0.21964,-0.32707,1.0181,-1.1623,-1.287,0.83403,-0.80018,-0.61248,0.49491,1.4205,0.68405,-2.8153,0.5586,0.92807,0.80232,3.0066,3.073,-6.205,-0.065786,-0.06002,2.8873,2.1491,2.0233,-1.6917,1.8572,0.9853,0.74671,-0.70814,-1.1095,0.63987,1.0915,0.96584,0.8594,0.073431,0.65977,-0.62086,0.56937,-1.0796,0.54722,1.2354,0.56347,0.53158,0.43751,0.84323,-0.58202,4.311,14.405,-10.625,-20.857,6.3139
1.2758,1.2755,1.2761,1.2753,1.2759,1.2755,1.2758,1.2752,1.2758,1.2757,12.402,12.459,12.414,12.426,12.458,12.474,12.43,12.417,12.385,12.552,12.525,12.522,12.527,12.468,12.414,12.421,12.417,12.408,12.469,12.429,12.452,12.519,12.515,12.419,12.475,12.485,12.433,12.522,12.564,12.521,12.588,12.824,12.548,12.505,12.599,12.644,12.58,12.673,12.37,1.4162,0,6.8784,0,-0.44855,0,0,0,0,0,1.4162,0,6.8652,0,-0.44848,0,0,0,0,0,0,0,0,0,0,0,0,0,0,0,0,0,0,0,0,0,0,0,0,0,0,0,0,0,1.4255,-3.536,0,0,0,0,0,0,0,0,0,0,0,0,0,1.0461,1.045,1.0221,0.99886,0.99427,0.99717,0.94151,0.95527,1.0114,1.0092,1.0039,0.99127,1.0058,1.002,0.99532,1.0076,1.016,1.017,1.0409,0.986,1.0147,1.0407,1.0353,1.0152,1.054,1.045,1.0257,1.0488,1.0505,1.0419,0.99081,0.97256,1.0374,0.98325,1.0371,1.0265,1.0477,1.0438,1.0261,-0.34565,0.21973,-0.32683,1.0178,-1.1624,-1.2869,0.83414,-0.79992,-0.61256,0.4948,1.42,0.68382,-2.8159,0.55852,0.92804,0.80231,3.007,3.0731,-6.2053,-0.065759,-0.060034,2.8874,2.1491,2.0233,-1.6918,1.8571,0.98539,0.74675,-0.70823,-1.1094,0.63929,1.0921,0.96644,0.85947,0.073339,0.65978,-0.62089,0.56968,-1.0793,0.54695,1.2353,0.56361,0.53171,0.4376,0.84344,-0.58222,4.311,14.405,-10.625,-20.857,6.3139
1.2759,1.2756,1.2761,1.2752,1.2761,1.2755,1.2759,1.2751,1.2759,1.2758,12.529,12.587,12.541,12.554,12.585,12.602,12.558,12.544,12.513,12.68,12.653,12.649,12.654,12.596,12.542,12.549,12.545,12.535,12.596,12.557,12.579,12.647,12.643,12.547,12.603,12.613,12.56,12.65,12.692,12.649,12.716,12.951,12.676,12.632,12.727,12.771,12.708,12.801,12.497,1.4162,0,6.8777,0,-0.44855,0,0,0,0,0,1.4162,0,6.8654,0,-0.44848,0,0,0,0,0,0,0,0,0,0,0,0,0,0,0,0,0,0,0,0,0,0,0,0,0,0,0,0,0,1.4255,-3.536,0,0,0,0,0,0,0,0,0,0,0,0,0,1.0461,1.045,1.0221,0.99886,0.99427,0.99717,0.94151,0.95527,1.0114,1.0092,1.0039,0.99127,1.0058,1.002,0.99532,1.0076,1.016,1.017,1.0409,0.986,1.0147,1.0407,1.0353,1.0152,1.054,1.045,1.0257,1.0488,1.0505,1.0419,0.99081,0.97256,1.0374,0.98325,1.0371,1.0265,1.0477,1.0438,1.0261,-0.34573,0.2198,-0.32665,1.0176,-1.1624,-1.2868,0.83423,-0.79973,-0.61263,0.49471,1.4196,0.68364,-2.8163,0.55846,0.92801,0.80231,3.0074,3.0731,-6.2055,-0.06574,-0.060045,2.8875,2.1492,2.0234,-1.6918,1.857,0.98547,0.74678,-0.70831,-1.1094,0.63885,1.0925,0.96689,0.85953,0.073265,0.6598,-0.62092,0.56991,-1.0791,0.54675,1.2353,0.56373,0.53182,0.43767,0.8436,-0.58239,4.311,14.405,-10.625,-20.857,6.3139
1.2759,1.2756,1.2762,1.2752,1.2762,1.2756,1.276,1.275,1.276,1.2758,12.657,12.714,12.669,12.681,12.713,12.729,12.685,12.672,12.64,12.807,12.78,12.777,12.782,12.723,12.67,12.677,12.673,12.663,12.724,12.684,12.707,12.775,12.77,12.674,12.73,12.74,12.688,12.777,12.819,12.776,12.843,13.079,12.803,12.76,12.854,12.899,12.835,12.928,12.625,1.4162,0,6.877,0,-0.44854,0,0,0,0,0,1.4162,0,6.8656,0,-0.44848,0,0,0,0,0,0,0,0,0,0,0,0,0,0,0,0,0,0,0,0,0,0,0,0,0,0,0,0,0,1.4255,-3.536,0,0,0,0,0,0,0,0,0,0,0,0,0,1.0461,1.045,1.0221,0.99886,0.99427,0.99717,0.94151,0.95527,1.0114,1.0092,1.0039,0.99127,1.0058,1.002,0.99532,1.0076,1.016,1.017,1.0409,0.986,1.0147,1.0407,1.0353,1.0152,1.054,1.045,1.0257,1.0488,1.0505,1.0419,0.99081,0.97256,1.0374,0.98325,1.0371,1.0265,1.0477,1.0438,1.0261,-0.34578,0.21983,-0.32653,1.0175,-1.1624,-1.2868,0.8343,-0.7996,-0.61268,0.49465,1.4194,0.68352,-2.8167,0.55842,0.92799,0.80231,3.0077,3.0732,-6.2058,-0.065726,-0.060053,2.8876,2.1492,2.0235,-1.6918,1.857,0.98553,0.74681,-0.70837,-1.1093,0.63856,1.0927,0.9672,0.85958,0.073211,0.65982,-0.62094,0.57008,-1.0789,0.54663,1.2353,0.56381,0.53189,0.43772,0.84372,-0.58251,4.311,14.405,-10.625,-20.857,6.3139
1.2759,1.2756,1.2763,1.2751,1.2763,1.2756,1.2761,1.275,1.2761,1.2758,12.784,12.842,12.796,12.809,12.841,12.857,12.813,12.799,12.768,12.935,12.908,12.905,12.909,12.851,12.797,12.804,12.8,12.79,12.852,12.812,12.834,12.902,12.898,12.802,12.858,12.868,12.816,12.905,12.947,12.904,12.971,13.206,12.931,12.887,12.982,13.026,12.963,13.056,12.752,1.4162,0,6.8764,0,-0.44854,0,0,0,0,0,1.4162,0,6.8657,0,-0.44848,0,0,0,0,0,0,0,0,0,0,0,0,0,0,0,0,0,0,0,0,0,0,0,0,0,0,0,0,0,1.4255,-3.536,0,0,0,0,0,0,0,0,0,0,0,0,0,1.0461,1.045,1.0221,0.99886,0.99427,0.99717,0.94151,0.95527,1.0114,1.0092,1.0039,0.99127,1.0058,1.002,0.99532,1.0076,1.016,1.017,1.0409,0.986,1.0147,1.0407,1.0353,1.0152,1.054,1.045,1.0257,1.0488,1.0505,1.0419,0.99081,0.97256,1.0374,0.98325,1.0371,1.0265,1.0477,1.0438,1.0261,-0.3458,0.21984,-0.32647,1.0174,-1.1624,-1.2868,0.83436,-0.79955,-0.61272,0.49462,1.4192,0.68346,-2.8169,0.5584,0.92798,0.8023,3.0079,3.0732,-6.206,-0.06572,-0.060058,2.8876,2.1493,2.0235,-1.6918,1.857,0.98557,0.74683,-0.70842,-1.1093,0.63842,1.0929,0.96738,0.85961,0.073175,0.65984,-0.62096,0.57017,-1.0788,0.54658,1.2353,0.56386,0.53194,0.43775,0.84379,-0.5826,4.311,14.405,-10.625,-20.857,6.3139
1.2759,1.2757,1.2763,1.2751,1.2764,1.2756,1.2761,1.2749,1.2761,1.2759,12.912,12.97,12.924,12.937,12.968,12.985,12.94,12.927,12.895,13.062,13.035,13.032,13.037,12.978,12.925,12.932,12.928,12.918,12.979,12.939,12.962,13.03,13.026,12.929,12.985,12.995,12.943,13.032,13.074,13.032,13.098,13.334,13.059,13.015,13.109,13.154,13.09,13.183,12.88,1.4162,0,6.8758,0,-0.44853,0,0,0,0,0,1.4162,0,6.8659,0,-0.44849,0,0,0,0,0,0,0,0,0,0,0,0,0,0,0,0,0,0,0,0,0,0,0,0,0,0,0,0,0,1.4255,-3.536,0,0,0,0,0,0,0,0,0,0,0,0,0,1.0461,1.045,1.0221,0.99886,0.99427,0.99717,0.94151,0.95527,1.0114,1.0092,1.0039,0.99127,1.0058,1.002,0.99532,1.0076,1.016,1.017,1.0409,0.986,1.0147,1.0407,1.0353,1.0152,1.054,1.045,1.0257,1.0488,1.0505,1.0419,0.99081,0.97256,1.0374,0.98325,1.0371,1.0265,1.0477,1.0438,1.0261,-0.34578,0.21982,-0.32646,1.0175,-1.1624,-1.2868,0.8344,-0.79956,-0.61275,0.49461,1.4192,0.68345,-2.817,0.5584,0.92798,0.8023,3.008,3.0733,-6.2062,-0.065719,-0.06006,2.8877,2.1494,2.0236,-1.6919,1.8571,0.9856,0.74685,-0.70846,-1.1093,0.63841,1.0929,0.96741,0.85964,0.073158,0.65987,-0.62097,0.5702,-1.0788,0.5466,1.2353,0.56388,0.53195,0.43776,0.84381,-0.58264,4.311,14.405,-10.625,-20.857,6.3139
1.276,1.2757,1.2763,1.2752,1.2764,1.2756,1.2762,1.275,1.2762,1.2759,13.039,13.097,13.052,13.064,13.096,13.112,13.068,13.055,13.023,13.19,13.163,13.16,13.164,13.106,13.052,13.059,13.055,13.046,13.107,13.067,13.09,13.157,13.153,13.057,13.113,13.123,13.071,13.16,13.202,13.159,13.226,13.462,13.186,13.142,13.237,13.282,13.218,13.311,13.007,1.4162,0,6.8752,0,-0.44853,0,0,0,0,0,1.4162,0,6.866,0,-0.44849,0,0,0,0,0,0,0,0,0,0,0,0,0,0,0,0,0,0,0,0,0,0,0,0,0,0,0,0,0,1.4255,-3.536,0,0,0,0,0,0,0,0,0,0,0,0,0,1.0461,1.045,1.0221,0.99886,0.99427,0.99717,0.94151,0.95527,1.0114,1.0092,1.0039,0.99127,1.0058,1.002,0.99532,1.0076,1.016,1.017,1.0409,0.986,1.0147,1.0407,1.0353,1.0152,1.054,1.045,1.0257,1.0488,1.0505,1.0419,0.99081,0.97256,1.0374,0.98325,1.0371,1.0265,1.0477,1.0438,1.0261,-0.34573,0.21977,-0.32652,1.0176,-1.1624,-1.2869,0.83442,-0.79964,-0.61276,0.49462,1.4194,0.68349,-2.817,0.55841,0.92799,0.8023,3.008,3.0734,-6.2063,-0.065726,-0.060059,2.8878,2.1494,2.0236,-1.6919,1.8571,0.98562,0.74686,-0.70848,-1.1093,0.63855,1.0928,0.96731,0.85965,0.07316,0.6599,-0.62098,0.57015,-1.0788,0.5467,1.2353,0.56386,0.53194,0.43775,0.84378,-0.58265,4.311,14.405,-10.625,-20.857,6.3139
1.276,1.2758,1.2763,1.2752,1.2764,1.2757,1.2762,1.275,1.2762,1.2759,13.167,13.225,13.179,13.192,13.223,13.24,13.196,13.182,13.151,13.318,13.291,13.287,13.292,13.233,13.18,13.187,13.183,13.173,13.234,13.194,13.217,13.285,13.281,13.185,13.241,13.25,13.198,13.287,13.329,13.287,13.354,13.589,13.314,13.27,13.365,13.409,13.345,13.439,13.135,1.4162,0,6.8747,0,-0.44852,0,0,0,0,0,1.4162,0,6.8662,0,-0.44849,0,0,0,0,0,0,0,0,0,0,0,0,0,0,0,0,0,0,0,0,0,0,0,0,0,0,0,0,0,1.4255,-3.536,0,0,0,0,0,0,0,0,0,0,0,0,0,1.0461,1.045,1.0221,0.99886,0.99427,0.99717,0.94151,0.95527,1.0114,1.0092,1.0039,0.99127,1.0058,1.002,0.99532,1.0076,1.016,1.017,1.0409,0.986,1.0147,1.0407,1.0353,1.0152,1.054,1.045,1.0257,1.0488,1.0505,1.0419,0.99081,0.97256,1.0374,0.98325,1.0371,1.0265,1.0477,1.0438,1.0261,-0.34565,0.21969,-0.32663,1.0178,-1.1624,-1.287,0.83442,-0.79979,-0.61275,0.49467,1.4196,0.68359,-2.8169,0.55845,0.928,0.80229,3.008,3.0735,-6.2065,-0.065738,-0.060055,2.8879,2.1495,2.0237,-1.6919,1.8572,0.98562,0.74687,-0.70848,-1.1093,0.63884,1.0926,0.96707,0.85966,0.07318,0.65994,-0.62099,0.57003,-1.0789,0.54686,1.2353,0.56382,0.53189,0.43772,0.84371,-0.58261,4.311,14.405,-10.625,-20.857,6.3139
1.276,1.2759,1.2763,1.2753,1.2764,1.2757,1.2762,1.2751,1.2762,1.276,13.295,13.352,13.307,13.319,13.351,13.367,13.323,13.31,13.278,13.445,13.418,13.415,13.42,13.361,13.307,13.314,13.311,13.301,13.362,13.322,13.345,13.412,13.408,13.312,13.368,13.378,13.326,13.415,13.457,13.414,13.481,13.717,13.441,13.398,13.492,13.537,13.473,13.566,13.263,1.4162,0,6.8742,0,-0.44852,0,0,0,0,0,1.4162,0,6.8663,0,-0.44849,0,0,0,0,0,0,0,0,0,0,0,0,0,0,0,0,0,0,0,0,0,0,0,0,0,0,0,0,0,1.4255,-3.536,0,0,0,0,0,0,0,0,0,0,0,0,0,1.0461,1.045,1.0221,0.99886,0.99427,0.99717,0.94151,0.95527,1.0114,1.0092,1.0039,0.99127,1.0058,1.002,0.99532,1.0076,1.016,1.017,1.0409,0.986,1.0147,1.0407,1.0353,1.0152,1.054,1.045,1.0257,1.0488,1.0505,1.0419,0.99081,0.97256,1.0374,0.98325,1.0371,1.0265,1.0477,1.0438,1.0261,-0.34553,0.21958,-0.32681,1.018,-1.1625,-1.2872,0.8344,-0.8,-0.61273,0.49474,1.42,0.68375,-2.8167,0.5585,0.92802,0.80229,3.0078,3.0737,-6.2066,-0.065758,-0.060048,2.888,2.1496,2.0238,-1.6919,1.8573,0.9856,0.74687,-0.70848,-1.1093,0.63927,1.0923,0.96669,0.85965,0.07322,0.65998,-0.62099,0.56983,-1.0791,0.5471,1.2353,0.56374,0.53182,0.43767,0.84358,-0.58254,4.311,14.405,-10.625,-20.857,6.3139
1.2759,1.2759,1.2762,1.2754,1.2764,1.2758,1.2762,1.2752,1.2762,1.276,13.422,13.48,13.434,13.447,13.479,13.495,13.451,13.437,13.406,13.573,13.546,13.543,13.547,13.489,13.435,13.442,13.438,13.428,13.49,13.45,13.472,13.54,13.536,13.44,13.496,13.506,13.453,13.543,13.585,13.542,13.609,13.844,13.569,13.525,13.62,13.664,13.601,13.694,13.39,1.4162,0,6.8738,0,-0.44852,0,0,0,0,0,1.4162,0,6.8664,0,-0.44849,0,0,0,0,0,0,0,0,0,0,0,0,0,0,0,0,0,0,0,0,0,0,0,0,0,0,0,0,0,1.4255,-3.536,0,0,0,0,0,0,0,0,0,0,0,0,0,1.0461,1.045,1.0221,0.99886,0.99427,0.99717,0.94151,0.95527,1.0114,1.0092,1.0039,0.99127,1.0058,1.002,0.99532,1.0076,1.016,1.017,1.0409,0.986,1.0147,1.0407,1.0353,1.0152,1.054,1.045,1.0257,1.0488,1.0505,1.0419,0.99081,0.97255,1.0374,0.98325,1.0371,1.0265,1.0477,1.0438,1.0261,-0.34538,0.21945,-0.32704,1.0184,-1.1625,-1.2874,0.83437,-0.80029,-0.6127,0.49483,1.4205,0.68396,-2.8163,0.55858,0.92805,0.80229,3.0076,3.0738,-6.2067,-0.065783,-0.060038,2.8881,2.1497,2.0239,-1.6919,1.8575,0.98556,0.74686,-0.70846,-1.1093,0.63984,1.0918,0.96618,0.85963,0.073278,0.66003,-0.62099,0.56957,-1.0794,0.54741,1.2353,0.56363,0.53172,0.4376,0.84341,-0.58243,4.311,14.405,-10.625,-20.857,6.3139
1.2759,1.276,1.2762,1.2755,1.2763,1.2759,1.2762,1.2754,1.2762,1.276,13.55,13.607,13.562,13.575,13.606,13.623,13.578,13.565,13.533,13.7,13.673,13.67,13.675,13.616,13.563,13.57,13.566,13.556,13.617,13.577,13.6,13.668,13.663,13.567,13.623,13.633,13.581,13.67,13.712,13.669,13.736,13.972,13.697,13.653,13.747,13.792,13.728,13.821,13.518,1.4162,0,6.8734,0,-0.44852,0,0,0,0,0,1.4162,0,6.8665,0,-0.44849,0,0,0,0,0,0,0,0,0,0,0,0,0,0,0,0,0,0,0,0,0,0,0,0,0,0,0,0,0,1.4255,-3.536,0,0,0,0,0,0,0,0,0,0,0,0,0,1.0461,1.045,1.0221,0.99886,0.99427,0.99717,0.94151,0.95527,1.0114,1.0092,1.0039,0.99127,1.0058,1.002,0.99532,1.0076,1.016,1.017,1.0409,0.986,1.0147,1.0407,1.0353,1.0152,1.054,1.045,1.0257,1.0488,1.0505,1.0419,0.99081,0.97255,1.0374,0.98325,1.0371,1.0265,1.0477,1.0438,1.0261,-0.3452,0.21929,-0.32733,1.0188,-1.1625,-1.2876,0.83432,-0.80064,-0.61265,0.49495,1.4211,0.68422,-2.8159,0.55867,0.92808,0.80228,3.0073,3.074,-6.2067,-0.065816,-0.060025,2.8882,2.1498,2.024,-1.6919,1.8576,0.98551,0.74685,-0.70842,-1.1094,0.64056,1.0913,0.96552,0.8596,0.073356,0.66008,-0.62098,0.56924,-1.0797,0.5478,1.2353,0.56348,0.53159,0.4375,0.8432,-0.58228,4.311,14.405,-10.625,-20.857,6.3139
1.2759,1.2761,1.2761,1.2757,1.2763,1.2759,1.2761,1.2756,1.2762,1.276,13.677,13.735,13.69,13.702,13.734,13.75,13.706,13.693,13.661,13.828,13.801,13.798,13.802,13.744,13.69,13.697,13.693,13.684,13.745,13.705,13.727,13.795,13.791,13.695,13.751,13.761,13.709,13.798,13.84,13.797,13.864,14.1,13.824,13.78,13.875,13.92,13.856,13.949,13.645,1.4162,0,6.8731,0,-0.44851,0,0,0,0,0,1.4162,0,6.8666,0,-0.44849,0,0,0,0,0,0,0,0,0,0,0,0,0,0,0,0,0,0,0,0,0,0,0,0,0,0,0,0,0,1.4255,-3.536,0,0,0,0,0,0,0,0,0,0,0,0,0,1.0461,1.045,1.0221,0.99886,0.99427,0.99717,0.94151,0.95527,1.0114,1.0092,1.0039,0.99127,1.0058,1.002,0.99532,1.0076,1.016,1.017,1.0409,0.986,1.0147,1.0407,1.0353,1.0152,1.054,1.045,1.0257,1.0488,1.0505,1.0419,0.99081,0.97255,1.0374,0.98325,1.0371,1.0265,1.0477,1.0438,1.0261,-0.34498,0.2191,-0.32769,1.0193,-1.1625,-1.2878,0.83425,-0.80106,-0.61259,0.4951,1.4219,0.68455,-2.8153,0.55879,0.92813,0.80228,3.0069,3.0742,-6.2068,-0.065854,-0.060009,2.8883,2.1499,2.0241,-1.6919,1.8578,0.98545,0.74684,-0.70837,-1.1094,0.64142,1.0905,0.96472,0.85956,0.073452,0.66013,-0.62096,0.56883,-1.0801,0.54825,1.2353,0.56331,0.53143,0.43739,0.84293,-0.58209,4.311,14.405,-10.625,-20.857,6.3139
1.2759,1.2762,1.276,1.2759,1.2762,1.276,1.2761,1.2758,1.2761,1.276,13.805,13.863,13.817,13.83,13.861,13.878,13.834,13.82,13.789,13.956,13.929,13.925,13.93,13.871,13.818,13.825,13.821,13.811,13.872,13.832,13.855,13.923,13.919,13.823,13.878,13.888,13.836,13.925,13.967,13.925,13.992,14.227,13.952,13.908,14.002,14.047,13.983,14.077,13.773,1.4162,0,6.8728,0,-0.44851,0,0,0,0,0,1.4162,0,6.8667,0,-0.44849,0,0,0,0,0,0,0,0,0,0,0,0,0,0,0,0,0,0,0,0,0,0,0,0,0,0,0,0,0,1.4255,-3.536,0,0,0,0,0,0,0,0,0,0,0,0,0,1.0461,1.045,1.0221,0.99886,0.99427,0.99717,0.94151,0.95527,1.0114,1.0092,1.0039,0.99127,1.0058,1.002,0.99532,1.0076,1.016,1.017,1.0409,0.986,1.0147,1.0407,1.0353,1.0152,1.054,1.045,1.0257,1.0488,1.0505,1.0419,0.99081,0.97255,1.0374,0.98325,1.0371,1.0265,1.0477,1.0438,1.0261,-0.34474,0.21889,-0.32809,1.0199,-1.1625,-1.2881,0.83417,-0.80153,-0.61251,0.49526,1.4228,0.68491,-2.8146,0.55891,0.92818,0.80227,3.0065,3.0744,-6.2068,-0.065898,-0.05999,2.8885,2.15,2.0242,-1.6919,1.858,0.98537,0.74682,-0.70831,-1.1095,0.64239,1.0897,0.96382,0.85951,0.073563,0.66018,-0.62095,0.56837,-1.0805,0.54876,1.2353,0.56311,0.53125,0.43726,0.84263,-0.58186,4.311,14.405,-10.625,-20.857,6.3139
1.2759,1.2763,1.2759,1.2761,1.2761,1.2761,1.276,1.2761,1.2761,1.2761,13.933,13.99,13.945,13.957,13.989,14.005,13.961,13.948,13.916,14.083,14.056,14.053,14.058,13.999,13.945,13.952,13.948,13.939,14,13.96,13.983,14.05,14.046,13.95,14.006,14.016,13.964,14.053,14.095,14.052,14.119,14.355,14.079,14.036,14.13,14.175,14.111,14.204,13.901,1.4162,0,6.8725,0,-0.44851,0,0,0,0,0,1.4162,0,6.8668,0,-0.44849,0,0,0,0,0,0,0,0,0,0,0,0,0,0,0,0,0,0,0,0,0,0,0,0,0,0,0,0,0,1.4255,-3.536,0,0,0,0,0,0,0,0,0,0,0,0,0,1.0461,1.045,1.0221,0.99886,0.99427,0.99717,0.94151,0.95527,1.0114,1.0092,1.0039,0.99127,1.0058,1.002,0.99532,1.0076,1.016,1.017,1.0409,0.986,1.0147,1.0407,1.0353,1.0152,1.054,1.045,1.0257,1.0488,1.0505,1.0419,0.99081,0.97255,1.0374,0.98325,1.0371,1.0265,1.0477,1.0438,1.0261,-0.34453,0.2187,-0.32844,1.0204,-1.1625,-1.2884,0.8341,-0.80195,-0.61245,0.49541,1.4236,0.68523,-2.814,0.55903,0.92822,0.80227,3.0061,3.0745,-6.2068,-0.065937,-0.059974,2.8886,2.1501,2.0242,-1.6919,1.8582,0.9853,0.7468,-0.70826,-1.1095,0.64325,1.089,0.96303,0.85947,0.073662,0.66023,-0.62093,0.56796,-1.0809,0.54921,1.2353,0.56293,0.53108,0.43715,0.84236,-0.58166,4.311,14.405,-10.625,-20.857,6.3139
1.2758,1.2763,1.2758,1.2762,1.276,1.2762,1.276,1.2762,1.276,1.2761,14.06,14.118,14.072,14.085,14.117,14.133,14.089,14.075,14.044,14.211,14.184,14.181,14.185,14.127,14.073,14.08,14.076,14.066,14.127,14.088,14.11,14.178,14.174,14.078,14.134,14.144,14.091,14.181,14.223,14.18,14.247,14.482,14.207,14.163,14.258,14.302,14.238,14.332,14.028,1.4162,0,6.8722,0,-0.44851,0,0,0,0,0,1.4162,0,6.8669,0,-0.44849,0,0,0,0,0,0,0,0,0,0,0,0,0,0,0,0,0,0,0,0,0,0,0,0,0,0,0,0,0,1.4255,-3.536,0,0,0,0,0,0,0,0,0,0,0,0,0,1.0461,1.045,1.0221,0.99886,0.99427,0.99717,0.94151,0.95527,1.0114,1.0092,1.0039,0.99127,1.0058,1.002,0.99532,1.0076,1.016,1.017,1.0409,0.986,1.0147,1.0407,1.0353,1.0152,1.054,1.045,1.0257,1.0488,1.0505,1.0419,0.99081,0.97255,1.0374,0.98325,1.0371,1.0265,1.0477,1.0438,1.0261,-0.34435,0.21854,-0.32873,1.0209,-1.1625,-1.2886,0.83404,-0.8023,-0.61239,0.49553,1.4242,0.6855,-2.8135,0.55912,0.92826,0.80227,3.0058,3.0747,-6.2068,-0.065969,-0.059961,2.8886,2.1502,2.0243,-1.6919,1.8584,0.98525,0.74678,-0.70822,-1.1096,0.64395,1.0885,0.96237,0.85944,0.073746,0.66027,-0.62092,0.56763,-1.0812,0.54958,1.2353,0.56278,0.53095,0.43705,0.84214,-0.58149,4.311,14.405,-10.625,-20.857,6.3139
1.2758,1.2764,1.2758,1.2763,1.2759,1.2762,1.2759,1.2764,1.276,1.2761,14.188,14.245,14.2,14.213,14.244,14.261,14.216,14.203,14.171,14.338,14.311,14.308,14.313,14.254,14.201,14.208,14.204,14.194,14.255,14.215,14.238,14.306,14.301,14.205,14.261,14.271,14.219,14.308,14.35,14.307,14.374,14.61,14.334,14.291,14.385,14.43,14.366,14.459,14.156,1.4162,0,6.872,0,-0.44851,0,0,0,0,0,1.4162,0,6.867,0,-0.44849,0,0,0,0,0,0,0,0,0,0,0,0,0,0,0,0,0,0,0,0,0,0,0,0,0,0,0,0,0,1.4255,-3.536,0,0,0,0,0,0,0,0,0,0,0,0,0,1.0461,1.045,1.0221,0.99886,0.99427,0.99717,0.94151,0.95527,1.0114,1.0092,1.0039,0.99127,1.0058,1.002,0.99532,1.0076,1.016,1.017,1.0409,0.986,1.0147,1.0407,1.0353,1.0152,1.054,1.045,1.0257,1.0488,1.0505,1.0419,0.99081,0.97255,1.0374,0.98324,1.0371,1.0265,1.0477,1.0438,1.0261,-0.34421,0.21841,-0.32897,1.0212,-1.1625,-1.2888,0.834,-0.80258,-0.61235,0.49562,1.4247,0.68571,-2.8132,0.5592,0.92829,0.80226,3.0055,3.0748,-6.2068,-0.065995,-0.05995,2.8887,2.1503,2.0244,-1.6919,1.8585,0.9852,0.74677,-0.70819,-1.1096,0.64451,1.088,0.96186,0.85941,0.073814,0.66029,-0.62091,0.56737,-1.0814,0.54987,1.2354,0.56267,0.53085,0.43698,0.84197,-0.58135,4.311,14.405,-10.625,-20.857,6.3139
1.2758,1.2764,1.2757,1.2764,1.2759,1.2762,1.2759,1.2765,1.276,1.2761,14.315,14.373,14.328,14.34,14.372,14.388,14.344,14.331,14.299,14.466,14.439,14.436,14.44,14.382,14.328,14.335,14.331,14.322,14.383,14.343,14.365,14.433,14.429,14.333,14.389,14.399,14.347,14.436,14.478,14.435,14.502,14.738,14.462,14.418,14.513,14.558,14.494,14.587,14.283,1.4162,0,6.8717,0,-0.44851,0,0,0,0,0,1.4162,0,6.8671,0,-0.44849,0,0,0,0,0,0,0,0,0,0,0,0,0,0,0,0,0,0,0,0,0,0,0,0,0,0,0,0,0,1.4255,-3.536,0,0,0,0,0,0,0,0,0,0,0,0,0,1.0461,1.045,1.0221,0.99886,0.99427,0.99717,0.94151,0.95527,1.0114,1.0092,1.0039,0.99127,1.0058,1.002,0.99532,1.0076,1.016,1.017,1.0409,0.986,1.0147,1.0407,1.0353,1.0152,1.054,1.045,1.0257,1.0488,1.0505,1.0419,0.99081,0.97255,1.0374,0.98324,1.0371,1.0265,1.0477,1.0438,1.0261,-0.3441,0.21831,-0.32914,1.0214,-1.1624,-1.2889,0.83397,-0.80279,-0.61232,0.49569,1.4251,0.68586,-2.8129,0.55925,0.92831,0.80226,3.0053,3.0749,-6.2069,-0.066015,-0.059942,2.8888,2.1504,2.0244,-1.6919,1.8586,0.98517,0.74677,-0.70817,-1.1096,0.64491,1.0877,0.96148,0.85939,0.073867,0.66031,-0.62091,0.56718,-1.0816,0.55008,1.2354,0.56259,0.53077,0.43693,0.84185,-0.58124,4.311,14.405,-10.625,-20.857,6.3139
1.2759,1.2764,1.2757,1.2765,1.2758,1.2763,1.2759,1.2766,1.2759,1.2761,14.443,14.501,14.455,14.468,14.499,14.516,14.472,14.458,14.427,14.594,14.567,14.563,14.568,14.509,14.456,14.463,14.459,14.449,14.51,14.471,14.493,14.561,14.557,14.461,14.516,14.526,14.474,14.563,14.605,14.563,14.63,14.865,14.59,14.546,14.64,14.685,14.621,14.715,14.411,1.4162,0,6.8715,0,-0.4485,0,0,0,0,0,1.4162,0,6.8671,0,-0.44849,0,0,0,0,0,0,0,0,0,0,0,0,0,0,0,0,0,0,0,0,0,0,0,0,0,0,0,0,0,1.4255,-3.536,0,0,0,0,0,0,0,0,0,0,0,0,0,1.0461,1.045,1.0221,0.99886,0.99427,0.99717,0.94151,0.95527,1.0114,1.0092,1.0039,0.99127,1.0058,1.002,0.99532,1.0076,1.016,1.017,1.0409,0.986,1.0147,1.0407,1.0353,1.0152,1.054,1.045,1.0257,1.0488,1.0505,1.0419,0.99081,0.97255,1.0374,0.98324,1.0371,1.0265,1.0477,1.0438,1.0261,-0.34402,0.21824,-0.32926,1.0216,-1.1624,-1.289,0.83395,-0.80293,-0.6123,0.49573,1.4253,0.68596,-2.8127,0.55929,0.92832,0.80226,3.0052,3.075,-6.2069,-0.066027,-0.059937,2.8888,2.1504,2.0245,-1.6919,1.8586,0.98515,0.74677,-0.70815,-1.1096,0.64516,1.0875,0.96125,0.85938,0.073903,0.66032,-0.62091,0.56707,-1.0817,0.5502,1.2354,0.56254,0.53073,0.4369,0.84178,-0.58116,4.311,14.405,-10.625,-20.857,6.3139
1.2759,1.2764,1.2757,1.2766,1.2758,1.2763,1.2759,1.2767,1.2759,1.2761,14.571,14.628,14.583,14.595,14.627,14.643,14.599,14.586,14.554,14.721,14.694,14.691,14.696,14.637,14.583,14.59,14.587,14.577,14.638,14.598,14.621,14.688,14.684,14.588,14.644,14.654,14.602,14.691,14.733,14.69,14.757,14.993,14.717,14.674,14.768,14.813,14.749,14.842,14.539,1.4162,0,6.8712,0,-0.4485,0,0,0,0,0,1.4162,0,6.8672,0,-0.44849,0,0,0,0,0,0,0,0,0,0,0,0,0,0,0,0,0,0,0,0,0,0,0,0,0,0,0,0,0,1.4255,-3.536,0,0,0,0,0,0,0,0,0,0,0,0,0,1.0461,1.045,1.0221,0.99886,0.99427,0.99717,0.94151,0.95527,1.0114,1.0092,1.0039,0.99127,1.0058,1.002,0.99532,1.0076,1.016,1.017,1.0409,0.986,1.0147,1.0407,1.0353,1.0152,1.054,1.045,1.0257,1.0488,1.0505,1.0419,0.99081,0.97255,1.0374,0.98324,1.0371,1.0265,1.0477,1.0438,1.0261,-0.34398,0.2182,-0.32931,1.0216,-1.1624,-1.289,0.83395,-0.803,-0.61229,0.49575,1.4254,0.686,-2.8126,0.5593,0.92832,0.80226,3.0052,3.075,-6.2069,-0.066034,-0.059934,2.8888,2.1504,2.0245,-1.6919,1.8587,0.98515,0.74677,-0.70815,-1.1096,0.64526,1.0874,0.96116,0.85937,0.073923,0.66032,-0.62091,0.56703,-1.0818,0.55025,1.2354,0.56252,0.53071,0.43689,0.84175,-0.58112,4.311,14.405,-10.625,-20.857,6.3139
1.2759,1.2764,1.2757,1.2766,1.2758,1.2763,1.2759,1.2768,1.2759,1.2761,14.698,14.756,14.71,14.723,14.755,14.771,14.727,14.713,14.682,14.849,14.822,14.819,14.823,14.765,14.711,14.718,14.714,14.704,14.766,14.726,14.748,14.816,14.812,14.716,14.772,14.782,14.729,14.819,14.861,14.818,14.885,15.12,14.845,14.801,14.896,14.94,14.876,14.97,14.666,1.4162,0,6.871,0,-0.4485,0,0,0,0,0,1.4162,0,6.8672,0,-0.44849,0,0,0,0,0,0,0,0,0,0,0,0,0,0,0,0,0,0,0,0,0,0,0,0,0,0,0,0,0,1.4255,-3.536,0,0,0,0,0,0,0,0,0,0,0,0,0,1.0461,1.045,1.0221,0.99886,0.99427,0.99717,0.94151,0.95527,1.0114,1.0092,1.0039,0.99127,1.0058,1.002,0.99532,1.0076,1.016,1.017,1.0409,0.986,1.0147,1.0407,1.0353,1.0152,1.054,1.045,1.0257,1.0488,1.0505,1.0419,0.99081,0.97255,1.0374,0.98324,1.0371,1.0265,1.0477,1.0438,1.0261,-0.34398,0.2182,-0.3293,1.0216,-1.1624,-1.289,0.83396,-0.80301,-0.6123,0.49574,1.4254,0.68599,-2.8126,0.5593,0.92832,0.80225,3.0052,3.075,-6.2069,-0.066034,-0.059935,2.8889,2.1505,2.0245,-1.6919,1.8587,0.98516,0.74678,-0.70816,-1.1096,0.6452,1.0874,0.96121,0.85938,0.073928,0.6603,-0.62091,0.56706,-1.0817,0.55021,1.2353,0.56254,0.53073,0.4369,0.84178,-0.5811,4.311,14.405,-10.625,-20.857,6.3139
1.276,1.2764,1.2758,1.2766,1.2758,1.2763,1.2759,1.2768,1.2759,1.2761,14.826,14.883,14.838,14.851,14.882,14.899,14.855,14.841,14.809,14.977,14.949,14.946,14.951,14.892,14.839,14.846,14.842,14.832,14.893,14.853,14.876,14.944,14.94,14.843,14.899,14.909,14.857,14.946,14.988,14.945,15.013,15.248,14.972,14.929,15.023,15.068,15.004,15.097,14.794,1.4162,0,6.8708,0,-0.4485,0,0,0,0,0,1.4162,0,6.8673,0,-0.44849,0,0,0,0,0,0,0,0,0,0,0,0,0,0,0,0,0,0,0,0,0,0,0,0,0,0,0,0,0,1.4255,-3.536,0,0,0,0,0,0,0,0,0,0,0,0,0,1.0461,1.045,1.0221,0.99886,0.99427,0.99717,0.94151,0.95527,1.0114,1.0092,1.0039,0.99127,1.0058,1.002,0.99532,1.0076,1.016,1.017,1.0409,0.986,1.0147,1.0407,1.0353,1.0152,1.054,1.045,1.0257,1.0488,1.0505,1.0419,0.99081,0.97255,1.0374,0.98324,1.0371,1.0265,1.0477,1.0438,1.0261,-0.34401,0.21822,-0.32924,1.0215,-1.1623,-1.289,0.83399,-0.80294,-0.61231,0.4957,1.4253,0.68592,-2.8128,0.55928,0.92831,0.80225,3.0053,3.075,-6.207,-0.066027,-0.059938,2.8889,2.1505,2.0245,-1.6919,1.8586,0.98518,0.74679,-0.70818,-1.1096,0.645,1.0876,0.9614,0.85939,0.073917,0.66028,-0.62092,0.56717,-1.0816,0.5501,1.2353,0.56258,0.53077,0.43693,0.84185,-0.58111,4.311,14.405,-10.625,-20.857,6.3139
1.276,1.2764,1.2758,1.2766,1.2758,1.2763,1.2759,1.2768,1.2759,1.2761,14.953,15.011,14.966,14.978,15.01,15.026,14.982,14.969,14.937,15.104,15.077,15.074,15.078,15.02,14.966,14.973,14.969,14.96,15.021,14.981,15.004,15.071,15.067,14.971,15.027,15.037,14.985,15.074,15.116,15.073,15.14,15.376,15.1,15.056,15.151,15.196,15.132,15.225,14.922,1.4162,0,6.8706,0,-0.4485,0,0,0,0,0,1.4162,0,6.8674,0,-0.44849,0,0,0,0,0,0,0,0,0,0,0,0,0,0,0,0,0,0,0,0,0,0,0,0,0,0,0,0,0,1.4255,-3.536,0,0,0,0,0,0,0,0,0,0,0,0,0,1.0461,1.045,1.0221,0.99886,0.99427,0.99717,0.94151,0.95527,1.0114,1.0092,1.0039,0.99127,1.0058,1.002,0.99532,1.0076,1.016,1.017,1.0409,0.986,1.0147,1.0407,1.0353,1.0152,1.054,1.045,1.0257,1.0488,1.0505,1.0419,0.99081,0.97255,1.0374,0.98324,1.0371,1.0265,1.0477,1.0438,1.0261,-0.34407,0.21827,-0.32911,1.0213,-1.1623,-1.2889,0.83403,-0.8028,-0.61234,0.49564,1.425,0.68579,-2.813,0.55923,0.92829,0.80225,3.0054,3.075,-6.207,-0.066014,-0.059944,2.8889,2.1504,2.0245,-1.6919,1.8586,0.98521,0.7468,-0.70821,-1.1096,0.64464,1.0879,0.96174,0.85941,0.07389,0.66025,-0.62093,0.56734,-1.0815,0.5499,1.2353,0.56266,0.53084,0.43698,0.84197,-0.58116,4.311,14.405,-10.625,-20.857,6.3139
1.2761,1.2763,1.2759,1.2766,1.2758,1.2763,1.276,1.2767,1.276,1.2762,15.081,15.139,15.093,15.106,15.137,15.154,15.11,15.096,15.065,15.232,15.205,15.201,15.206,15.147,15.094,15.101,15.097,15.087,15.148,15.109,15.131,15.199,15.195,15.099,15.154,15.165,15.112,15.201,15.244,15.201,15.268,15.503,15.228,15.184,15.279,15.323,15.259,15.353,15.049,1.4162,0,6.8704,0,-0.4485,0,0,0,0,0,1.4162,0,6.8674,0,-0.44849,0,0,0,0,0,0,0,0,0,0,0,0,0,0,0,0,0,0,0,0,0,0,0,0,0,0,0,0,0,1.4255,-3.536,0,0,0,0,0,0,0,0,0,0,0,0,0,1.0461,1.045,1.0221,0.99886,0.99427,0.99717,0.94151,0.95527,1.0114,1.0092,1.0039,0.99127,1.0058,1.002,0.99532,1.0076,1.016,1.017,1.0409,0.986,1.0147,1.0407,1.0353,1.0152,1.054,1.045,1.0257,1.0488,1.0505,1.0419,0.99081,0.97255,1.0374,0.98325,1.0371,1.0265,1.0477,1.0438,1.0261,-0.34417,0.21835,-0.32892,1.021,-1.1623,-1.2888,0.83408,-0.80259,-0.61238,0.49556,1.4246,0.68561,-2.8133,0.55917,0.92826,0.80225,3.0056,3.0749,-6.207,-0.065994,-0.059952,2.8888,2.1504,2.0245,-1.6919,1.8585,0.98525,0.74682,-0.70825,-1.1095,0.64413,1.0883,0.96221,0.85944,0.073847,0.66021,-0.62095,0.56759,-1.0812,0.54962,1.2353,0.56277,0.53094,0.43705,0.84213,-0.58123,4.311,14.405,-10.625,-20.857,6.3139
1.2761,1.2762,1.276,1.2766,1.2759,1.2763,1.276,1.2767,1.276,1.2762,15.209,15.266,15.221,15.233,15.265,15.281,15.237,15.224,15.192,15.359,15.332,15.329,15.334,15.275,15.221,15.229,15.225,15.215,15.276,15.236,15.259,15.327,15.322,15.226,15.282,15.292,15.24,15.329,15.371,15.328,15.395,15.631,15.355,15.312,15.406,15.451,15.387,15.48,15.177,1.4162,0,6.8702,0,-0.4485,0,0,0,0,0,1.4162,0,6.8674,0,-0.44849,0,0,0,0,0,0,0,0,0,0,0,0,0,0,0,0,0,0,0,0,0,0,0,0,0,0,0,0,0,1.4255,-3.536,0,0,0,0,0,0,0,0,0,0,0,0,0,1.0461,1.045,1.0221,0.99886,0.99427,0.99717,0.94151,0.95527,1.0114,1.0092,1.0039,0.99127,1.0058,1.002,0.99532,1.0076,1.016,1.017,1.0409,0.986,1.0147,1.0407,1.0353,1.0152,1.054,1.045,1.0257,1.0488,1.0505,1.0419,0.99081,0.97255,1.0374,0.98325,1.0371,1.0265,1.0477,1.0438,1.0261,-0.34431,0.21846,-0.32868,1.0206,-1.1622,-1.2887,0.83415,-0.80232,-0.61243,0.49544,1.424,0.68537,-2.8138,0.55909,0.92823,0.80225,3.0059,3.0748,-6.2071,-0.065968,-0.059964,2.8888,2.1504,2.0244,-1.6919,1.8583,0.98531,0.74684,-0.7083,-1.1095,0.64347,1.0889,0.96283,0.85947,0.073788,0.66016,-0.62096,0.56792,-1.0809,0.54926,1.2353,0.56291,0.53107,0.43715,0.84235,-0.58134,4.311,14.405,-10.625,-20.857,6.3139
1.2762,1.2762,1.2761,1.2765,1.2759,1.2763,1.276,1.2766,1.276,1.2762,15.336,15.394,15.348,15.361,15.393,15.409,15.365,15.351,15.32,15.487,15.46,15.457,15.461,15.403,15.349,15.356,15.352,15.342,15.404,15.364,15.386,15.454,15.45,15.354,15.41,15.42,15.368,15.457,15.499,15.456,15.523,15.758,15.483,15.439,15.534,15.578,15.515,15.608,15.304,1.4162,0,6.87,0,-0.4485,0,0,0,0,0,1.4162,0,6.8675,0,-0.44849,0,0,0,0,0,0,0,0,0,0,0,0,0,0,0,0,0,0,0,0,0,0,0,0,0,0,0,0,0,1.4255,-3.536,0,0,0,0,0,0,0,0,0,0,0,0,0,1.0461,1.045,1.0221,0.99886,0.99427,0.99717,0.94151,0.95527,1.0114,1.0092,1.0039,0.99127,1.0058,1.002,0.99532,1.0076,1.016,1.017,1.0409,0.986,1.0147,1.0407,1.0353,1.0152,1.054,1.045,1.0257,1.0488,1.0505,1.0419,0.99081,0.97255,1.0374,0.98325,1.0371,1.0265,1.0477,1.0438,1.0261,-0.34447,0.21861,-0.32837,1.0201,-1.1622,-1.2885,0.83423,-0.80197,-0.61249,0.49531,1.4234,0.68508,-2.8143,0.55899,0.92819,0.80225,3.0063,3.0747,-6.2071,-0.065935,-0.059978,2.8887,2.1503,2.0244,-1.6919,1.8581,0.98538,0.74687,-0.70836,-1.1094,0.64265,1.0896,0.96359,0.85952,0.073713,0.6601,-0.62098,0.56832,-1.0806,0.54882,1.2353,0.56308,0.53123,0.43726,0.84261,-0.58147,4.311,14.405,-10.625,-20.857,6.3139
1.2763,1.2761,1.2762,1.2764,1.276,1.2762,1.2761,1.2764,1.276,1.2762,15.464,15.522,15.476,15.489,15.52,15.537,15.493,15.479,15.448,15.615,15.587,15.584,15.589,15.53,15.477,15.484,15.48,15.47,15.531,15.491,15.514,15.582,15.578,15.482,15.537,15.547,15.495,15.584,15.626,15.584,15.651,15.886,15.611,15.567,15.661,15.706,15.642,15.735,15.432,1.4162,0,6.8699,0,-0.4485,0,0,0,0,0,1.4162,0,6.8675,0,-0.44849,0,0,0,0,0,0,0,0,0,0,0,0,0,0,0,0,0,0,0,0,0,0,0,0,0,0,0,0,0,1.4255,-3.536,0,0,0,0,0,0,0,0,0,0,0,0,0,1.0461,1.045,1.0221,0.99886,0.99427,0.99717,0.94151,0.95527,1.0114,1.0092,1.0039,0.99127,1.0058,1.002,0.99532,1.0076,1.016,1.017,1.0409,0.986,1.0147,1.0407,1.0353,1.0152,1.054,1.045,1.0257,1.0488,1.0505,1.0419,0.99081,0.97255,1.0374,0.98325,1.0371,1.0265,1.0477,1.0438,1.0261,-0.34468,0.21878,-0.328,1.0195,-1.1621,-1.2882,0.83433,-0.80155,-0.61256,0.49514,1.4226,0.68473,-2.815,0.55887,0.92814,0.80225,3.0067,3.0746,-6.2072,-0.065896,-0.059995,2.8887,2.1502,2.0243,-1.6919,1.858,0.98547,0.7469,-0.70843,-1.1094,0.64169,1.0904,0.96449,0.85957,0.073623,0.66003,-0.62101,0.56879,-1.0801,0.5483,1.2353,0.56329,0.53142,0.4374,0.84293,-0.58164,4.311,14.405,-10.625,-20.857,6.3139
1.2764,1.276,1.2763,1.2763,1.276,1.2762,1.2761,1.2763,1.2761,1.2762,15.591,15.649,15.604,15.616,15.648,15.664,15.62,15.607,15.575,15.742,15.715,15.712,15.717,15.658,15.604,15.611,15.607,15.598,15.659,15.619,15.642,15.709,15.705,15.609,15.665,15.675,15.623,15.712,15.754,15.711,15.778,16.014,15.738,15.694,15.789,15.834,15.77,15.863,15.56,1.4162,0,6.8697,0,-0.4485,0,0,0,0,0,1.4162,0,6.8676,0,-0.44849,0,0,0,0,0,0,0,0,0,0,0,0,0,0,0,0,0,0,0,0,0,0,0,0,0,0,0,0,0,1.4255,-3.536,0,0,0,0,0,0,0,0,0,0,0,0,0,1.0461,1.045,1.0221,0.99886,0.99427,0.99717,0.94151,0.95527,1.0114,1.0092,1.0039,0.99127,1.0058,1.002,0.99532,1.0076,1.016,1.017,1.0409,0.986,1.0147,1.0407,1.0353,1.0152,1.054,1.045,1.0257,1.0488,1.0505,1.0419,0.99081,0.97255,1.0374,0.98325,1.0371,1.0265,1.0477,1.0438,1.0261,-0.34488,0.21895,-0.32764,1.019,-1.1621,-1.288,0.83442,-0.80114,-0.61264,0.49498,1.4218,0.68439,-2.8156,0.55875,0.92809,0.80225,3.0072,3.0744,-6.2072,-0.065857,-0.060012,2.8886,2.1501,2.0243,-1.6919,1.8578,0.98555,0.74694,-0.7085,-1.1093,0.64074,1.0912,0.96537,0.85962,0.073532,0.65996,-0.62103,0.56925,-1.0797,0.54778,1.2352,0.56349,0.5316,0.43753,0.84323,-0.58181,4.311,14.405,-10.625,-20.857,6.3139
1.2764,1.2759,1.2764,1.2762,1.2761,1.2761,1.2762,1.2762,1.2761,1.2762,15.719,15.777,15.731,15.744,15.776,15.792,15.748,15.734,15.703,15.87,15.843,15.84,15.844,15.786,15.732,15.739,15.735,15.725,15.786,15.747,15.769,15.837,15.833,15.737,15.793,15.803,15.75,15.84,15.882,15.839,15.906,16.141,15.866,15.822,15.917,15.961,15.898,15.991,15.687,1.4162,0,6.8696,0,-0.4485,0,0,0,0,0,1.4162,0,6.8676,0,-0.44849,0,0,0,0,0,0,0,0,0,0,0,0,0,0,0,0,0,0,0,0,0,0,0,0,0,0,0,0,0,1.4255,-3.536,0,0,0,0,0,0,0,0,0,0,0,0,0,1.0461,1.045,1.0221,0.99886,0.99427,0.99717,0.94151,0.95527,1.0114,1.0092,1.0039,0.99127,1.0058,1.002,0.99532,1.0076,1.016,1.017,1.0409,0.986,1.0147,1.0407,1.0353,1.0152,1.054,1.045,1.0257,1.0488,1.0505,1.0419,0.99081,0.97255,1.0374,0.98325,1.0371,1.0265,1.0477,1.0438,1.0261,-0.34506,0.2191,-0.32732,1.0185,-1.162,-1.2878,0.83451,-0.80078,-0.6127,0.49484,1.4211,0.68409,-2.8162,0.55864,0.92805,0.80225,3.0075,3.0743,-6.2073,-0.065823,-0.060026,2.8886,2.1501,2.0242,-1.6919,1.8576,0.98562,0.74696,-0.70856,-1.1092,0.63992,1.0919,0.96614,0.85967,0.073454,0.65991,-0.62105,0.56965,-1.0793,0.54734,1.2352,0.56367,0.53176,0.43765,0.8435,-0.58196,4.311,14.405,-10.625,-20.857,6.3139
1.2765,1.2758,1.2765,1.2761,1.2762,1.2761,1.2762,1.2761,1.2762,1.2762,15.847,15.904,15.859,15.871,15.903,15.92,15.875,15.862,15.83,15.997,15.97,15.967,15.972,15.913,15.86,15.867,15.863,15.853,15.914,15.874,15.897,15.965,15.96,15.864,15.92,15.93,15.878,15.967,16.009,15.966,16.033,16.269,15.994,15.95,16.044,16.089,16.025,16.118,15.815,1.4162,0,6.8694,0,-0.4485,0,0,0,0,0,1.4162,0,6.8676,0,-0.44849,0,0,0,0,0,0,0,0,0,0,0,0,0,0,0,0,0,0,0,0,0,0,0,0,0,0,0,0,0,1.4255,-3.536,0,0,0,0,0,0,0,0,0,0,0,0,0,1.0461,1.045,1.0221,0.99886,0.99427,0.99717,0.94151,0.95527,1.0114,1.0092,1.0039,0.99127,1.0058,1.002,0.99532,1.0076,1.016,1.017,1.0409,0.986,1.0147,1.0407,1.0353,1.0152,1.054,1.045,1.0257,1.0488,1.0505,1.0419,0.99081,0.97255,1.0374,0.98325,1.0371,1.0265,1.0477,1.0438,1.0261,-0.34521,0.21923,-0.32706,1.0181,-1.162,-1.2876,0.83458,-0.80048,-0.61275,0.49472,1.4205,0.68384,-2.8166,0.55855,0.92801,0.80226,3.0079,3.0742,-6.2073,-0.065794,-0.060039,2.8885,2.15,2.0242,-1.6919,1.8574,0.98568,0.74699,-0.70861,-1.1092,0.63922,1.0924,0.96679,0.8597,0.073387,0.65986,-0.62107,0.56999,-1.079,0.54696,1.2352,0.56382,0.5319,0.43774,0.84373,-0.58209,4.311,14.405,-10.625,-20.857,6.3139
1.2766,1.2758,1.2766,1.2761,1.2762,1.2761,1.2763,1.276,1.2762,1.2762,15.974,16.032,15.987,15.999,16.031,16.047,16.003,15.99,15.958,16.125,16.098,16.095,16.099,16.041,15.987,15.994,15.99,15.981,16.042,16.002,16.024,16.092,16.088,15.992,16.048,16.058,16.006,16.095,16.137,16.094,16.161,16.397,16.121,16.077,16.172,16.217,16.153,16.246,15.942,1.4162,0,6.8693,0,-0.4485,0,0,0,0,0,1.4162,0,6.8676,0,-0.44849,0,0,0,0,0,0,0,0,0,0,0,0,0,0,0,0,0,0,0,0,0,0,0,0,0,0,0,0,0,1.4255,-3.536,0,0,0,0,0,0,0,0,0,0,0,0,0,1.0461,1.045,1.0221,0.99886,0.99427,0.99717,0.94151,0.95527,1.0114,1.0092,1.0039,0.99127,1.0058,1.002,0.99532,1.0076,1.016,1.017,1.0409,0.986,1.0147,1.0407,1.0353,1.0152,1.054,1.045,1.0257,1.0488,1.0505,1.0419,0.99081,0.97255,1.0374,0.98325,1.0371,1.0265,1.0477,1.0438,1.0261,-0.34533,0.21933,-0.32683,1.0178,-1.162,-1.2875,0.83464,-0.80023,-0.6128,0.49462,1.42,0.68363,-2.817,0.55848,0.92799,0.80226,3.0081,3.0741,-6.2073,-0.065771,-0.060049,2.8885,2.15,2.0242,-1.6919,1.8573,0.98574,0.74701,-0.70866,-1.1092,0.63865,1.0929,0.96733,0.85974,0.073332,0.65982,-0.62109,0.57027,-1.0788,0.54666,1.2352,0.56394,0.53201,0.43783,0.84392,-0.5822,4.311,14.405,-10.625,-20.857,6.3139
1.2766,1.2757,1.2766,1.276,1.2763,1.276,1.2763,1.2759,1.2762,1.2762,16.102,16.16,16.114,16.127,16.158,16.175,16.131,16.117,16.086,16.253,16.226,16.222,16.227,16.168,16.115,16.122,16.118,16.108,16.169,16.129,16.152,16.22,16.216,16.12,16.176,16.185,16.133,16.222,16.264,16.222,16.289,16.524,16.249,16.205,16.299,16.344,16.28,16.374,16.07,1.4162,0,6.8692,0,-0.4485,0,0,0,0,0,1.4162,0,6.8677,0,-0.44849,0,0,0,0,0,0,0,0,0,0,0,0,0,0,0,0,0,0,0,0,0,0,0,0,0,0,0,0,0,1.4255,-3.536,0,0,0,0,0,0,0,0,0,0,0,0,0,1.0461,1.045,1.0221,0.99886,0.99427,0.99717,0.94151,0.95527,1.0114,1.0092,1.0039,0.99127,1.0058,1.002,0.99532,1.0076,1.016,1.017,1.0409,0.986,1.0147,1.0407,1.0353,1.0152,1.054,1.045,1.0257,1.0488,1.0505,1.0419,0.99081,0.97255,1.0374,0.98325,1.0371,1.0265,1.0477,1.0438,1.0261,-0.34543,0.21941,-0.32666,1.0175,-1.162,-1.2874,0.83469,-0.80003,-0.61284,0.49455,1.4196,0.68347,-2.8174,0.55843,0.92796,0.80226,3.0084,3.0741,-6.2074,-0.065753,-0.060058,2.8885,2.15,2.0241,-1.6919,1.8572,0.98578,0.74702,-0.70869,-1.1091,0.63821,1.0933,0.96774,0.85977,0.073288,0.6598,-0.6211,0.57048,-1.0786,0.54642,1.2352,0.56404,0.5321,0.43789,0.84406,-0.5823,4.311,14.405,-10.625,-20.857,6.3139
1.2766,1.2757,1.2767,1.276,1.2763,1.276,1.2763,1.2759,1.2763,1.2762,16.23,16.287,16.242,16.254,16.286,16.302,16.258,16.245,16.213,16.38,16.353,16.35,16.355,16.296,16.242,16.249,16.246,16.236,16.297,16.257,16.28,16.348,16.343,16.247,16.303,16.313,16.261,16.35,16.392,16.349,16.416,16.652,16.376,16.333,16.427,16.472,16.408,16.501,16.198,1.4162,0,6.8691,0,-0.4485,0,0,0,0,0,1.4162,0,6.8677,0,-0.44849,0,0,0,0,0,0,0,0,0,0,0,0,0,0,0,0,0,0,0,0,0,0,0,0,0,0,0,0,0,1.4255,-3.536,0,0,0,0,0,0,0,0,0,0,0,0,0,1.0461,1.045,1.0221,0.99886,0.99427,0.99717,0.94151,0.95527,1.0114,1.0092,1.0039,0.99127,1.0058,1.002,0.99532,1.0076,1.016,1.017,1.0409,0.986,1.0147,1.0407,1.0353,1.0152,1.054,1.045,1.0257,1.0488,1.0505,1.0419,0.99081,0.97255,1.0374,0.98325,1.0371,1.0265,1.0477,1.0438,1.0261,-0.3455,0.21948,-0.32653,1.0173,-1.162,-1.2873,0.83472,-0.79989,-0.61286,0.4945,1.4194,0.68336,-2.8176,0.55839,0.92795,0.80226,3.0085,3.074,-6.2074,-0.06574,-0.060064,2.8884,2.1499,2.0241,-1.6919,1.8572,0.98581,0.74704,-0.70872,-1.1091,0.6379,1.0935,0.96803,0.85979,0.073256,0.65978,-0.62111,0.57063,-1.0784,0.54625,1.2352,0.56411,0.53217,0.43794,0.84417,-0.58237,4.311,14.405,-10.625,-20.857,6.3139
1.2766,1.2757,1.2767,1.2759,1.2763,1.276,1.2763,1.2758,1.2763,1.2762,16.357,16.415,16.369,16.382,16.414,16.43,16.386,16.372,16.341,16.508,16.481,16.478,16.482,16.424,16.37,16.377,16.373,16.363,16.425,16.385,16.407,16.475,16.471,16.375,16.431,16.441,16.389,16.478,16.52,16.477,16.544,16.779,16.504,16.46,16.555,16.599,16.536,16.629,16.325,1.4162,0,6.869,0,-0.4485,0,0,0,0,0,1.4162,0,6.8677,0,-0.44849,0,0,0,0,0,0,0,0,0,0,0,0,0,0,0,0,0,0,0,0,0,0,0,0,0,0,0,0,0,1.4255,-3.536,0,0,0,0,0,0,0,0,0,0,0,0,0,1.0461,1.045,1.0221,0.99886,0.99427,0.99717,0.94151,0.95527,1.0114,1.0092,1.0039,0.99127,1.0058,1.002,0.99532,1.0076,1.016,1.017,1.0409,0.986,1.0147,1.0407,1.0353,1.0152,1.054,1.045,1.0257,1.0488,1.0505,1.0419,0.99081,0.97255,1.0374,0.98325,1.0371,1.0265,1.0477,1.0438,1.0261,-0.34554,0.21951,-0.32645,1.0172,-1.162,-1.2873,0.83475,-0.79981,-0.61288,0.49447,1.4192,0.68329,-2.8177,0.55837,0.92794,0.80226,3.0086,3.074,-6.2075,-0.065732,-0.060068,2.8884,2.1499,2.0241,-1.6919,1.8572,0.98583,0.74705,-0.70875,-1.1091,0.63772,1.0937,0.96821,0.8598,0.073236,0.65978,-0.62112,0.57072,-1.0783,0.54616,1.2352,0.56415,0.53221,0.43797,0.84424,-0.58243,4.311,14.405,-10.625,-20.857,6.3139
1.2766,1.2757,1.2767,1.2759,1.2764,1.276,1.2764,1.2758,1.2763,1.2762,16.485,16.543,16.497,16.51,16.541,16.558,16.514,16.5,16.468,16.636,16.608,16.605,16.61,16.551,16.498,16.505,16.501,16.491,16.552,16.512,16.535,16.603,16.599,16.502,16.558,16.568,16.516,16.605,16.647,16.605,16.671,16.907,16.632,16.588,16.682,16.727,16.663,16.756,16.453,1.4162,0,6.8689,0,-0.44849,0,0,0,0,0,1.4162,0,6.8677,0,-0.44849,0,0,0,0,0,0,0,0,0,0,0,0,0,0,0,0,0,0,0,0,0,0,0,0,0,0,0,0,0,1.4255,-3.536,0,0,0,0,0,0,0,0,0,0,0,0,0,1.0461,1.045,1.0221,0.99886,0.99427,0.99717,0.94151,0.95527,1.0114,1.0092,1.0039,0.99127,1.0058,1.002,0.99532,1.0076,1.016,1.017,1.0409,0.986,1.0147,1.0407,1.0353,1.0152,1.054,1.045,1.0257,1.0488,1.0505,1.0419,0.99081,0.97255,1.0374,0.98325,1.0371,1.0265,1.0477,1.0438,1.0261,-0.34556,0.21953,-0.32642,1.0172,-1.162,-1.2872,0.83477,-0.79978,-0.61289,0.49446,1.4192,0.68327,-2.8178,0.55836,0.92794,0.80226,3.0087,3.074,-6.2075,-0.065729,-0.06007,2.8885,2.1499,2.0241,-1.6919,1.8572,0.98584,0.74705,-0.70876,-1.1091,0.63767,1.0938,0.96827,0.85981,0.073227,0.65978,-0.62112,0.57075,-1.0783,0.54613,1.2352,0.56417,0.53222,0.43798,0.84426,-0.58247,4.311,14.405,-10.625,-20.857,6.3139
1.2766,1.2757,1.2767,1.2759,1.2764,1.276,1.2764,1.2758,1.2763,1.2762,16.612,16.67,16.625,16.637,16.669,16.685,16.641,16.628,16.596,16.763,16.736,16.733,16.737,16.679,16.625,16.632,16.628,16.619,16.68,16.64,16.663,16.73,16.726,16.63,16.686,16.696,16.644,16.733,16.775,16.732,16.799,17.035,16.759,16.715,16.81,16.855,16.791,16.884,16.581,1.4162,0,6.8688,0,-0.44849,0,0,0,0,0,1.4162,0,6.8678,0,-0.44849,0,0,0,0,0,0,0,0,0,0,0,0,0,0,0,0,0,0,0,0,0,0,0,0,0,0,0,0,0,1.4255,-3.536,0,0,0,0,0,0,0,0,0,0,0,0,0,1.0461,1.045,1.0221,0.99886,0.99427,0.99717,0.94151,0.95527,1.0114,1.0092,1.0039,0.99127,1.0058,1.002,0.99532,1.0076,1.016,1.017,1.0409,0.986,1.0147,1.0407,1.0353,1.0152,1.054,1.045,1.0257,1.0488,1.0505,1.0419,0.99081,0.97255,1.0374,0.98325,1.0371,1.0265,1.0477,1.0438,1.0261,-0.34555,0.21953,-0.32644,1.0173,-1.1621,-1.2873,0.83477,-0.7998,-0.61289,0.49448,1.4192,0.6833,-2.8178,0.55837,0.92795,0.80226,3.0087,3.074,-6.2076,-0.065731,-0.060069,2.8885,2.15,2.0241,-1.6919,1.8572,0.98585,0.74705,-0.70876,-1.1091,0.63774,1.0937,0.96821,0.85982,0.07323,0.6598,-0.62112,0.57072,-1.0783,0.54617,1.2352,0.56416,0.53221,0.43797,0.84425,-0.58249,4.311,14.405,-10.625,-20.857,6.3139
1.2766,1.2758,1.2767,1.2759,1.2764,1.276,1.2764,1.2758,1.2763,1.2762,16.74,16.798,16.752,16.765,16.797,16.813,16.769,16.755,16.724,16.891,16.864,16.861,16.865,16.807,16.753,16.76,16.756,16.746,16.807,16.768,16.79,16.858,16.854,16.758,16.814,16.824,16.771,16.86,16.903,16.86,16.927,17.162,16.887,16.843,16.938,16.982,16.919,17.012,16.708,1.4162,0,6.8687,0,-0.44849,0,0,0,0,0,1.4162,0,6.8678,0,-0.44849,0,0,0,0,0,0,0,0,0,0,0,0,0,0,0,0,0,0,0,0,0,0,0,0,0,0,0,0,0,1.4255,-3.536,0,0,0,0,0,0,0,0,0,0,0,0,0,1.0461,1.045,1.0221,0.99886,0.99427,0.99717,0.94151,0.95527,1.0114,1.0092,1.0039,0.99127,1.0058,1.002,0.99532,1.0076,1.016,1.017,1.0409,0.986,1.0147,1.0407,1.0353,1.0152,1.054,1.045,1.0257,1.0488,1.0505,1.0419,0.99081,0.97255,1.0374,0.98325,1.0371,1.0265,1.0477,1.0438,1.0261,-0.34552,0.2195,-0.3265,1.0174,-1.1621,-1.2873,0.83476,-0.79988,-0.61288,0.49451,1.4194,0.68337,-2.8177,0.55839,0.92796,0.80227,3.0086,3.0741,-6.2076,-0.065739,-0.060067,2.8885,2.15,2.0242,-1.6919,1.8572,0.98584,0.74705,-0.70876,-1.1091,0.63794,1.0935,0.96803,0.85981,0.073244,0.65983,-0.62112,0.57062,-1.0784,0.54628,1.2352,0.56412,0.53218,0.43795,0.84419,-0.5825,4.311,14.405,-10.625,-20.857,6.3139
1.2765,1.2758,1.2767,1.2759,1.2764,1.276,1.2764,1.2758,1.2763,1.2762,16.868,16.925,16.88,16.892,16.924,16.94,16.896,16.883,16.851,17.018,16.991,16.988,16.993,16.934,16.881,16.888,16.884,16.874,16.935,16.895,16.918,16.986,16.981,16.885,16.941,16.951,16.899,16.988,17.03,16.987,17.054,17.29,17.015,16.971,17.065,17.11,17.046,17.139,16.836,1.4162,0,6.8686,0,-0.44849,0,0,0,0,0,1.4162,0,6.8678,0,-0.44849,0,0,0,0,0,0,0,0,0,0,0,0,0,0,0,0,0,0,0,0,0,0,0,0,0,0,0,0,0,1.4255,-3.536,0,0,0,0,0,0,0,0,0,0,0,0,0,1.0461,1.045,1.0221,0.99886,0.99427,0.99717,0.94151,0.95527,1.0114,1.0092,1.0039,0.99127,1.0058,1.002,0.99532,1.0076,1.016,1.017,1.0409,0.986,1.0147,1.0407,1.0353,1.0152,1.054,1.045,1.0257,1.0488,1.0505,1.0419,0.99081,0.97255,1.0374,0.98325,1.0371,1.0265,1.0477,1.0438,1.0261,-0.34546,0.21945,-0.32661,1.0176,-1.1622,-1.2874,0.83474,-0.80001,-0.61286,0.49457,1.4197,0.68349,-2.8175,0.55844,0.92798,0.80227,3.0085,3.0742,-6.2077,-0.065751,-0.060062,2.8886,2.15,2.0242,-1.6919,1.8573,0.98582,0.74705,-0.70875,-1.1091,0.63827,1.0933,0.96773,0.85981,0.073271,0.65986,-0.62112,0.57046,-1.0785,0.54646,1.2352,0.56406,0.53212,0.43791,0.8441,-0.58248,4.311,14.405,-10.625,-20.857,6.3139
1.2765,1.2759,1.2766,1.2759,1.2764,1.2761,1.2764,1.2758,1.2764,1.2762,16.995,17.053,17.008,17.02,17.052,17.068,17.024,17.011,16.979,17.146,17.119,17.116,17.12,17.062,17.008,17.015,17.011,17.002,17.063,17.023,17.045,17.113,17.109,17.013,17.069,17.079,17.027,17.116,17.158,17.115,17.182,17.418,17.142,17.098,17.193,17.237,17.174,17.267,16.963,1.4162,0,6.8686,0,-0.44849,0,0,0,0,0,1.4162,0,6.8678,0,-0.44849,0,0,0,0,0,0,0,0,0,0,0,0,0,0,0,0,0,0,0,0,0,0,0,0,0,0,0,0,0,1.4255,-3.536,0,0,0,0,0,0,0,0,0,0,0,0,0,1.0461,1.045,1.0221,0.99886,0.99427,0.99717,0.94151,0.95527,1.0114,1.0092,1.0039,0.99127,1.0058,1.002,0.99532,1.0076,1.016,1.017,1.0409,0.986,1.0147,1.0407,1.0353,1.0152,1.054,1.045,1.0257,1.0488,1.0505,1.0419,0.99081,0.97255,1.0374,0.98325,1.0371,1.0265,1.0477,1.0438,1.0261,-0.34537,0.21938,-0.32676,1.0179,-1.1622,-1.2875,0.83471,-0.8002,-0.61284,0.49465,1.42,0.68366,-2.8173,0.55849,0.928,0.80227,3.0084,3.0743,-6.2077,-0.065769,-0.060056,2.8886,2.1501,2.0242,-1.6919,1.8574,0.98579,0.74704,-0.70873,-1.1092,0.63873,1.0929,0.96732,0.85979,0.073308,0.65991,-0.62112,0.57024,-1.0787,0.54671,1.2352,0.56397,0.53204,0.43785,0.84397,-0.58245,4.311,14.405,-10.625,-20.857,6.3139
1.2764,1.276,1.2765,1.2759,1.2765,1.2761,1.2764,1.2758,1.2764,1.2762,17.123,17.181,17.135,17.148,17.179,17.196,17.152,17.138,17.107,17.274,17.247,17.243,17.248,17.189,17.136,17.143,17.139,17.129,17.19,17.15,17.173,17.241,17.237,17.141,17.196,17.206,17.154,17.243,17.285,17.243,17.31,17.545,17.27,17.226,17.32,17.365,17.301,17.395,17.091,1.4162,0,6.8685,0,-0.44849,0,0,0,0,0,1.4162,0,6.8678,0,-0.44849,0,0,0,0,0,0,0,0,0,0,0,0,0,0,0,0,0,0,0,0,0,0,0,0,0,0,0,0,0,1.4255,-3.536,0,0,0,0,0,0,0,0,0,0,0,0,0,1.0461,1.045,1.0221,0.99886,0.99427,0.99717,0.94151,0.95527,1.0114,1.0092,1.0039,0.99127,1.0058,1.002,0.99532,1.0076,1.016,1.017,1.0409,0.986,1.0147,1.0407,1.0353,1.0152,1.054,1.045,1.0257,1.0488,1.0505,1.0419,0.99081,0.97255,1.0374,0.98325,1.0371,1.0265,1.0477,1.0438,1.0261,-0.34526,0.21928,-0.32697,1.0183,-1.1623,-1.2876,0.83467,-0.80044,-0.6128,0.49475,1.4205,0.68387,-2.8169,0.55857,0.92804,0.80227,3.0082,3.0744,-6.2077,-0.065792,-0.060047,2.8887,2.1501,2.0243,-1.692,1.8576,0.98575,0.74702,-0.70871,-1.1092,0.63932,1.0924,0.96679,0.85977,0.073358,0.65997,-0.62111,0.56996,-1.079,0.54703,1.2352,0.56386,0.53194,0.43778,0.84379,-0.5824,4.311,14.405,-10.625,-20.857,6.3139
1.2763,1.2761,1.2765,1.2759,1.2765,1.2761,1.2764,1.2758,1.2764,1.2762,17.251,17.308,17.263,17.275,17.307,17.323,17.279,17.266,17.234,17.401,17.374,17.371,17.376,17.317,17.263,17.27,17.267,17.257,17.318,17.278,17.301,17.368,17.364,17.268,17.324,17.334,17.282,17.371,17.413,17.37,17.437,17.673,17.397,17.354,17.448,17.493,17.429,17.522,17.219,1.4162,0,6.8685,0,-0.44849,0,0,0,0,0,1.4162,0,6.8678,0,-0.44849,0,0,0,0,0,0,0,0,0,0,0,0,0,0,0,0,0,0,0,0,0,0,0,0,0,0,0,0,0,1.4255,-3.536,0,0,0,0,0,0,0,0,0,0,0,0,0,1.0461,1.045,1.0221,0.99886,0.99427,0.99717,0.94151,0.95527,1.0114,1.0092,1.0039,0.99127,1.0058,1.002,0.99532,1.0076,1.016,1.017,1.0409,0.986,1.0147,1.0407,1.0353,1.0152,1.054,1.045,1.0257,1.0488,1.0505,1.0419,0.99081,0.97255,1.0374,0.98325,1.0371,1.0265,1.0477,1.0438,1.0261,-0.34512,0.21917,-0.32722,1.0187,-1.1624,-1.2878,0.83461,-0.80073,-0.61276,0.49488,1.4211,0.68413,-2.8165,0.55866,0.92808,0.80227,3.0079,3.0745,-6.2078,-0.06582,-0.060036,2.8887,2.1502,2.0244,-1.692,1.8577,0.9857,0.74701,-0.70867,-1.1092,0.64003,1.0919,0.96613,0.85974,0.073419,0.66004,-0.6211,0.56962,-1.0793,0.54742,1.2352,0.56372,0.53181,0.43769,0.84358,-0.58233,4.311,14.405,-10.625,-20.857,6.3139
1.2763,1.2762,1.2764,1.276,1.2765,1.2762,1.2764,1.2759,1.2764,1.2762,17.378,17.436,17.39,17.403,17.435,17.451,17.407,17.393,17.362,17.529,17.502,17.499,17.503,17.445,17.391,17.398,17.394,17.384,17.446,17.406,17.428,17.496,17.492,17.396,17.452,17.462,17.409,17.499,17.541,17.498,17.565,17.8,17.525,17.481,17.576,17.62,17.557,17.65,17.346,1.4162,0,6.8685,0,-0.44849,0,0,0,0,0,1.4162,0,6.8678,0,-0.44849,0,0,0,0,0,0,0,0,0,0,0,0,0,0,0,0,0,0,0,0,0,0,0,0,0,0,0,0,0,1.4255,-3.536,0,0,0,0,0,0,0,0,0,0,0,0,0,1.0461,1.045,1.0221,0.99886,0.99427,0.99717,0.94151,0.95527,1.0114,1.0092,1.0039,0.99127,1.0058,1.002,0.99532,1.0076,1.016,1.017,1.0409,0.986,1.0147,1.0407,1.0353,1.0152,1.054,1.045,1.0257,1.0488,1.0505,1.0419,0.99081,0.97254,1.0374,0.98325,1.0371,1.0265,1.0477,1.0438,1.0261,-0.34495,0.21903,-0.32752,1.0192,-1.1625,-1.288,0.83455,-0.80108,-0.6127,0.49502,1.4218,0.68444,-2.816,0.55876,0.92812,0.80227,3.0076,3.0747,-6.2078,-0.065853,-0.060023,2.8888,2.1503,2.0244,-1.692,1.8579,0.98564,0.74699,-0.70863,-1.1093,0.64088,1.0912,0.96536,0.85971,0.073491,0.66012,-0.62108,0.56921,-1.0796,0.54788,1.2352,0.56355,0.53166,0.43758,0.84332,-0.58224,4.311,14.405,-10.625,-20.857,6.3139
1.2762,1.2763,1.2763,1.276,1.2764,1.2762,1.2763,1.276,1.2764,1.2763,17.506,17.564,17.518,17.531,17.562,17.579,17.535,17.521,17.489,17.657,17.629,17.626,17.631,17.572,17.519,17.526,17.522,17.512,17.573,17.533,17.556,17.624,17.62,17.523,17.579,17.589,17.537,17.626,17.668,17.625,17.693,17.928,17.653,17.609,17.703,17.748,17.684,17.777,17.474,1.4162,0,6.8685,0,-0.44849,0,0,0,0,0,1.4162,0,6.8679,0,-0.44849,0,0,0,0,0,0,0,0,0,0,0,0,0,0,0,0,0,0,0,0,0,0,0,0,0,0,0,0,0,1.4255,-3.536,0,0,0,0,0,0,0,0,0,0,0,0,0,1.0461,1.045,1.0221,0.99886,0.99427,0.99717,0.94151,0.95527,1.0114,1.0092,1.0039,0.99127,1.0058,1.002,0.99532,1.0076,1.016,1.017,1.0409,0.986,1.0147,1.0407,1.0353,1.0152,1.054,1.045,1.0257,1.0488,1.0505,1.0419,0.99081,0.97254,1.0374,0.98325,1.0371,1.0265,1.0477,1.0438,1.0261,-0.34476,0.21887,-0.32786,1.0198,-1.1626,-1.2882,0.83447,-0.80149,-0.61264,0.49519,1.4226,0.68479,-2.8154,0.55889,0.92818,0.80227,3.0072,3.0748,-6.2079,-0.065892,-0.060007,2.8889,2.1504,2.0245,-1.692,1.8581,0.98557,0.74696,-0.70858,-1.1094,0.64185,1.0904,0.96447,0.85967,0.073576,0.66021,-0.62107,0.56874,-1.08,0.54841,1.2352,0.56335,0.53148,0.43745,0.84302,-0.58213,4.311,14.405,-10.625,-20.857,6.3139
1.2761,1.2765,1.2761,1.2761,1.2764,1.2762,1.2763,1.276,1.2764,1.2763,17.633,17.691,17.646,17.658,17.69,17.706,17.662,17.649,17.617,17.784,17.757,17.754,17.758,17.7,17.646,17.653,17.649,17.64,17.701,17.661,17.684,17.751,17.747,17.651,17.707,17.717,17.665,17.754,17.796,17.753,17.82,18.056,17.78,17.736,17.831,17.876,17.812,17.905,17.602,1.4162,0,6.8684,0,-0.44849,0,0,0,0,0,1.4162,0,6.8679,0,-0.44849,0,0,0,0,0,0,0,0,0,0,0,0,0,0,0,0,0,0,0,0,0,0,0,0,0,0,0,0,0,1.4255,-3.536,0,0,0,0,0,0,0,0,0,0,0,0,0,1.0461,1.045,1.0221,0.99886,0.99427,0.99717,0.94151,0.95527,1.0114,1.0092,1.0039,0.99127,1.0058,1.002,0.99532,1.0076,1.016,1.017,1.0409,0.986,1.0147,1.0407,1.0353,1.0152,1.054,1.045,1.0257,1.0488,1.0505,1.0419,0.99081,0.97254,1.0374,0.98325,1.0371,1.0265,1.0477,1.0438,1.0261,-0.34457,0.21871,-0.32821,1.0204,-1.1627,-1.2885,0.8344,-0.8019,-0.61257,0.49536,1.4234,0.68514,-2.8148,0.55901,0.92823,0.80228,3.0068,3.075,-6.2079,-0.06593,-0.059992,2.889,2.1505,2.0246,-1.6921,1.8583,0.9855,0.74694,-0.70853,-1.1094,0.64281,1.0896,0.96359,0.85964,0.07366,0.66029,-0.62105,0.56827,-1.0804,0.54893,1.2353,0.56316,0.5313,0.43732,0.84273,-0.58202,4.311,14.405,-10.625,-20.857,6.3139
1.276,1.2766,1.276,1.2761,1.2764,1.2763,1.2763,1.2761,1.2764,1.2763,17.761,17.819,17.773,17.786,17.818,17.834,17.79,17.776,17.745,17.912,17.885,17.881,17.886,17.827,17.774,17.781,17.777,17.767,17.828,17.789,17.811,17.879,17.875,17.779,17.835,17.845,17.792,17.882,17.924,17.881,17.948,18.183,17.908,17.864,17.959,18.003,17.939,18.033,17.729,1.4162,0,6.8684,0,-0.44849,0,0,0,0,0,1.4162,0,6.8679,0,-0.44849,0,0,0,0,0,0,0,0,0,0,0,0,0,0,0,0,0,0,0,0,0,0,0,0,0,0,0,0,0,1.4255,-3.536,0,0,0,0,0,0,0,0,0,0,0,0,0,1.0461,1.045,1.0221,0.99886,0.99427,0.99717,0.94151,0.95527,1.0114,1.0092,1.0039,0.99127,1.0058,1.002,0.99532,1.0076,1.016,1.017,1.0409,0.986,1.0147,1.0407,1.0353,1.0152,1.054,1.045,1.0257,1.0488,1.0505,1.0419,0.99081,0.97254,1.0374,0.98325,1.0371,1.0265,1.0477,1.0438,1.0261,-0.3444,0.21857,-0.32851,1.0209,-1.1628,-1.2887,0.83433,-0.80225,-0.61252,0.49551,1.4241,0.68545,-2.8143,0.55911,0.92827,0.80228,3.0065,3.0752,-6.2079,-0.065963,-0.059979,2.8891,2.1506,2.0246,-1.6921,1.8585,0.98544,0.74692,-0.70848,-1.1095,0.64365,1.0889,0.96282,0.8596,0.073733,0.66037,-0.62104,0.56787,-1.0808,0.54939,1.2353,0.56299,0.53115,0.43721,0.84247,-0.58192,4.311,14.405,-10.625,-20.857,6.3139
1.2759,1.2767,1.276,1.2762,1.2764,1.2763,1.2763,1.2762,1.2764,1.2763,17.889,17.946,17.901,17.913,17.945,17.962,17.917,17.904,17.872,18.039,18.012,18.009,18.014,17.955,17.902,17.909,17.905,17.895,17.956,17.916,17.939,18.007,18.002,17.906,17.962,17.972,17.92,18.009,18.051,18.008,18.075,18.311,18.035,17.992,18.086,18.131,18.067,18.16,17.857,1.4162,0,6.8684,0,-0.44849,0,0,0,0,0,1.4162,0,6.8679,0,-0.44849,0,0,0,0,0,0,0,0,0,0,0,0,0,0,0,0,0,0,0,0,0,0,0,0,0,0,0,0,0,1.4255,-3.536,0,0,0,0,0,0,0,0,0,0,0,0,0,1.0461,1.045,1.0221,0.99886,0.99427,0.99717,0.94151,0.95527,1.0114,1.0092,1.0039,0.99127,1.0058,1.002,0.99532,1.0076,1.016,1.017,1.0409,0.986,1.0147,1.0407,1.0353,1.0152,1.054,1.045,1.0257,1.0488,1.0505,1.0419,0.99081,0.97254,1.0374,0.98325,1.0371,1.0265,1.0477,1.0438,1.0261,-0.34426,0.21844,-0.32877,1.0213,-1.1628,-1.2888,0.83427,-0.80255,-0.61247,0.49563,1.4247,0.68571,-2.8139,0.5592,0.92831,0.80228,3.0062,3.0753,-6.208,-0.065992,-0.059967,2.8892,2.1507,2.0247,-1.6921,1.8587,0.98538,0.7469,-0.70844,-1.1095,0.64437,1.0883,0.96216,0.85957,0.073795,0.66043,-0.62102,0.56752,-1.0811,0.54978,1.2353,0.56285,0.53102,0.43712,0.84225,-0.58183,4.311,14.405,-10.625,-20.857,6.3139
1.2758,1.2768,1.2759,1.2762,1.2764,1.2763,1.2763,1.2762,1.2763,1.2763,18.016,18.074,18.029,18.041,18.073,18.089,18.045,18.032,18,18.167,18.14,18.137,18.141,18.083,18.029,18.036,18.032,18.023,18.084,18.044,18.066,18.134,18.13,18.034,18.09,18.1,18.048,18.137,18.179,18.136,18.203,18.439,18.163,18.119,18.214,18.259,18.195,18.288,17.984,1.4162,0,6.8684,0,-0.44849,0,0,0,0,0,1.4162,0,6.8679,0,-0.44849,0,0,0,0,0,0,0,0,0,0,0,0,0,0,0,0,0,0,0,0,0,0,0,0,0,0,0,0,0,1.4255,-3.536,0,0,0,0,0,0,0,0,0,0,0,0,0,1.0461,1.045,1.0221,0.99886,0.99427,0.99717,0.94151,0.95527,1.0114,1.0092,1.0039,0.99127,1.0058,1.002,0.99532,1.0076,1.016,1.017,1.0409,0.986,1.0147,1.0407,1.0353,1.0152,1.054,1.045,1.0257,1.0488,1.0505,1.0419,0.99081,0.97254,1.0374,0.98325,1.0371,1.0265,1.0477,1.0438,1.0261,-0.34414,0.21834,-0.32899,1.0217,-1.1629,-1.289,0.83422,-0.8028,-0.61243,0.49573,1.4252,0.68592,-2.8135,0.55928,0.92834,0.80228,3.006,3.0754,-6.208,-0.066015,-0.059958,2.8892,2.1507,2.0248,-1.6921,1.8588,0.98534,0.74688,-0.70841,-1.1096,0.64495,1.0878,0.96163,0.85955,0.073846,0.66048,-0.62101,0.56724,-1.0814,0.5501,1.2353,0.56273,0.53091,0.43704,0.84207,-0.58175,4.311,14.405,-10.625,-20.857,6.3139
1.2758,1.2768,1.2758,1.2763,1.2764,1.2764,1.2762,1.2763,1.2763,1.2763,18.144,18.202,18.156,18.169,18.2,18.217,18.173,18.159,18.128,18.295,18.268,18.264,18.269,18.21,18.157,18.164,18.16,18.15,18.211,18.171,18.194,18.262,18.258,18.162,18.217,18.227,18.175,18.264,18.306,18.264,18.331,18.566,18.291,18.247,18.341,18.386,18.322,18.416,18.112,1.4162,0,6.8684,0,-0.44849,0,0,0,0,0,1.4162,0,6.8679,0,-0.44849,0,0,0,0,0,0,0,0,0,0,0,0,0,0,0,0,0,0,0,0,0,0,0,0,0,0,0,0,0,1.4255,-3.536,0,0,0,0,0,0,0,0,0,0,0,0,0,1.0461,1.045,1.0221,0.99886,0.99427,0.99717,0.94151,0.95527,1.0114,1.0092,1.0039,0.99127,1.0058,1.002,0.99532,1.0076,1.016,1.017,1.0409,0.986,1.0147,1.0407,1.0353,1.0152,1.054,1.045,1.0257,1.0488,1.0505,1.0419,0.99081,0.97254,1.0374,0.98324,1.0371,1.0265,1.0477,1.0438,1.0261,-0.34404,0.21826,-0.32916,1.022,-1.1629,-1.2891,0.83418,-0.803,-0.6124,0.49581,1.4255,0.68608,-2.8132,0.55933,0.92837,0.80228,3.0058,3.0755,-6.208,-0.066034,-0.05995,2.8893,2.1508,2.0248,-1.6921,1.8589,0.98531,0.74687,-0.70838,-1.1096,0.64541,1.0875,0.9612,0.85953,0.073886,0.66052,-0.621,0.56702,-1.0816,0.55035,1.2353,0.56263,0.53082,0.43698,0.84192,-0.58168,4.311,14.405,-10.625,-20.857,6.3139
1.2758,1.2768,1.2758,1.2763,1.2764,1.2764,1.2762,1.2763,1.2763,1.2763,18.272,18.329,18.284,18.296,18.328,18.344,18.3,18.287,18.255,18.422,18.395,18.392,18.397,18.338,18.284,18.291,18.287,18.278,18.339,18.299,18.322,18.389,18.385,18.289,18.345,18.355,18.303,18.392,18.434,18.391,18.458,18.694,18.418,18.375,18.469,18.514,18.45,18.543,18.24,1.4162,0,6.8683,0,-0.44849,0,0,0,0,0,1.4162,0,6.8679,0,-0.44849,0,0,0,0,0,0,0,0,0,0,0,0,0,0,0,0,0,0,0,0,0,0,0,0,0,0,0,0,0,1.4255,-3.536,0,0,0,0,0,0,0,0,0,0,0,0,0,1.0461,1.045,1.0221,0.99886,0.99427,0.99717,0.94151,0.95527,1.0114,1.0092,1.0039,0.99127,1.0058,1.002,0.99532,1.0076,1.016,1.017,1.0409,0.986,1.0147,1.0407,1.0353,1.0152,1.054,1.045,1.0257,1.0488,1.0505,1.0419,0.99081,0.97254,1.0374,0.98324,1.0371,1.0265,1.0477,1.0438,1.0261,-0.34396,0.21819,-0.32929,1.0222,-1.1629,-1.2892,0.83415,-0.80314,-0.61238,0.49586,1.4258,0.6862,-2.813,0.55938,0.92838,0.80228,3.0056,3.0755,-6.208,-0.066047,-0.059944,2.8893,2.1508,2.0248,-1.6921,1.859,0.98528,0.74686,-0.70836,-1.1096,0.64574,1.0872,0.9609,0.85951,0.073915,0.66055,-0.621,0.56686,-1.0817,0.55053,1.2353,0.56256,0.53076,0.43693,0.84182,-0.58162,4.311,14.405,-10.625,-20.857,6.3139
1.2758,1.2769,1.2758,1.2763,1.2763,1.2764,1.2762,1.2764,1.2763,1.2763,18.399,18.457,18.411,18.424,18.456,18.472,18.428,18.414,18.383,18.55,18.523,18.52,18.524,18.466,18.412,18.419,18.415,18.405,18.467,18.427,18.449,18.517,18.513,18.417,18.473,18.483,18.43,18.52,18.562,18.519,18.586,18.821,18.546,18.502,18.597,18.641,18.577,18.671,18.367,1.4162,0,6.8683,0,-0.44849,0,0,0,0,0,1.4162,0,6.8679,0,-0.44849,0,0,0,0,0,0,0,0,0,0,0,0,0,0,0,0,0,0,0,0,0,0,0,0,0,0,0,0,0,1.4255,-3.536,0,0,0,0,0,0,0,0,0,0,0,0,0,1.0461,1.045,1.0221,0.99886,0.99427,0.99717,0.94151,0.95527,1.0114,1.0092,1.0039,0.99127,1.0058,1.002,0.99532,1.0076,1.016,1.017,1.0409,0.986,1.0147,1.0407,1.0353,1.0152,1.054,1.045,1.0257,1.0488,1.0505,1.0419,0.99081,0.97254,1.0374,0.98324,1.0371,1.0265,1.0477,1.0438,1.0261,-0.34391,0.21815,-0.32937,1.0223,-1.1629,-1.2892,0.83413,-0.80324,-0.61237,0.49589,1.426,0.68627,-2.8129,0.5594,0.92839,0.80228,3.0056,3.0756,-6.208,-0.066056,-0.059941,2.8893,2.1508,2.0248,-1.6921,1.859,0.98526,0.74685,-0.70834,-1.1096,0.64595,1.087,0.96071,0.8595,0.073932,0.66056,-0.62099,0.56677,-1.0818,0.55065,1.2353,0.56252,0.53071,0.4369,0.84175,-0.58157,4.311,14.405,-10.625,-20.857,6.3139
1.2758,1.2769,1.2758,1.2764,1.2763,1.2764,1.2762,1.2764,1.2763,1.2763,18.527,18.584,18.539,18.552,18.583,18.6,18.556,18.542,18.51,18.678,18.65,18.647,18.652,18.593,18.54,18.547,18.543,18.533,18.594,18.554,18.577,18.645,18.641,18.544,18.6,18.61,18.558,18.647,18.689,18.646,18.714,18.949,18.673,18.63,18.724,18.769,18.705,18.798,18.495,1.4162,0,6.8683,0,-0.44849,0,0,0,0,0,1.4162,0,6.8679,0,-0.44849,0,0,0,0,0,0,0,0,0,0,0,0,0,0,0,0,0,0,0,0,0,0,0,0,0,0,0,0,0,1.4255,-3.536,0,0,0,0,0,0,0,0,0,0,0,0,0,1.0461,1.045,1.0221,0.99886,0.99427,0.99717,0.94151,0.95527,1.0114,1.0092,1.0039,0.99127,1.0058,1.002,0.99532,1.0076,1.016,1.017,1.0409,0.986,1.0147,1.0407,1.0353,1.0152,1.054,1.045,1.0257,1.0488,1.0505,1.0419,0.99081,0.97254,1.0374,0.98324,1.0371,1.0265,1.0477,1.0438,1.0261,-0.34389,0.21812,-0.32942,1.0223,-1.1629,-1.2893,0.83412,-0.80328,-0.61236,0.4959,1.426,0.6863,-2.8128,0.55941,0.92839,0.80227,3.0055,3.0756,-6.208,-0.06606,-0.059939,2.8893,2.1508,2.0248,-1.6921,1.859,0.98525,0.74685,-0.70833,-1.1096,0.64602,1.0869,0.96064,0.85949,0.073939,0.66056,-0.62099,0.56673,-1.0819,0.55069,1.2353,0.5625,0.5307,0.43689,0.84172,-0.58153,4.311,14.405,-10.625,-20.857,6.3139
1.2758,1.2768,1.2758,1.2764,1.2763,1.2764,1.2762,1.2764,1.2763,1.2763,18.654,18.712,18.667,18.679,18.711,18.727,18.683,18.67,18.638,18.805,18.778,18.775,18.779,18.721,18.667,18.674,18.67,18.661,18.722,18.682,18.705,18.772,18.768,18.672,18.728,18.738,18.686,18.775,18.817,18.774,18.841,19.077,18.801,18.758,18.852,18.897,18.833,18.926,18.623,1.4162,0,6.8683,0,-0.44849,0,0,0,0,0,1.4162,0,6.8679,0,-0.44849,0,0,0,0,0,0,0,0,0,0,0,0,0,0,0,0,0,0,0,0,0,0,0,0,0,0,0,0,0,1.4255,-3.536,0,0,0,0,0,0,0,0,0,0,0,0,0,1.0461,1.045,1.0221,0.99886,0.99427,0.99717,0.94151,0.95527,1.0114,1.0092,1.0039,0.99127,1.0058,1.002,0.99532,1.0076,1.016,1.017,1.0409,0.986,1.0147,1.0407,1.0353,1.0152,1.054,1.045,1.0257,1.0488,1.0505,1.0419,0.99081,0.97254,1.0374,0.98324,1.0371,1.0265,1.0477,1.0438,1.0261,-0.34388,0.21812,-0.32941,1.0223,-1.1629,-1.2893,0.83412,-0.80327,-0.61236,0.49589,1.426,0.68627,-2.8128,0.5594,0.92839,0.80227,3.0055,3.0756,-6.208,-0.066058,-0.059939,2.8893,2.1508,2.0248,-1.6921,1.859,0.98525,0.74685,-0.70833,-1.1096,0.64597,1.087,0.96068,0.85949,0.073935,0.66055,-0.62098,0.56676,-1.0818,0.55067,1.2353,0.5625,0.5307,0.43689,0.84172,-0.58151,4.311,14.405,-10.625,-20.857,6.3139
1.2758,1.2768,1.2758,1.2764,1.2763,1.2764,1.2762,1.2765,1.2763,1.2763,18.782,18.84,18.794,18.807,18.839,18.855,18.811,18.797,18.766,18.933,18.906,18.902,18.907,18.848,18.795,18.802,18.798,18.788,18.849,18.81,18.832,18.9,18.896,18.8,18.855,18.866,18.813,18.903,18.945,18.902,18.969,19.204,18.929,18.885,18.98,19.024,18.96,19.054,18.75,1.4162,0,6.8683,0,-0.44849,0,0,0,0,0,1.4162,0,6.8679,0,-0.44849,0,0,0,0,0,0,0,0,0,0,0,0,0,0,0,0,0,0,0,0,0,0,0,0,0,0,0,0,0,1.4255,-3.536,0,0,0,0,0,0,0,0,0,0,0,0,0,1.0461,1.045,1.0221,0.99886,0.99427,0.99717,0.94151,0.95527,1.0114,1.0092,1.0039,0.99127,1.0058,1.002,0.99532,1.0076,1.016,1.017,1.0409,0.986,1.0147,1.0407,1.0353,1.0152,1.054,1.045,1.0257,1.0488,1.0505,1.0419,0.99081,0.97254,1.0374,0.98324,1.0371,1.0265,1.0477,1.0438,1.0261,-0.3439,0.21813,-0.32937,1.0222,-1.1628,-1.2892,0.83413,-0.80321,-0.61237,0.49585,1.4259,0.6862,-2.8129,0.55938,0.92837,0.80227,3.0056,3.0755,-6.2079,-0.066052,-0.05994,2.8893,2.1508,2.0248,-1.6921,1.859,0.98526,0.74685,-0.70833,-1.1096,0.64579,1.0871,0.96084,0.85949,0.073919,0.66053,-0.62098,0.56685,-1.0818,0.55058,1.2353,0.56253,0.53073,0.43691,0.84177,-0.58149,4.311,14.405,-10.625,-20.857,6.3139
1.2759,1.2768,1.2758,1.2764,1.2762,1.2764,1.2762,1.2765,1.2763,1.2763,18.91,18.967,18.922,18.934,18.966,18.983,18.938,18.925,18.893,19.06,19.033,19.03,19.035,18.976,18.923,18.93,18.926,18.916,18.977,18.937,18.96,19.028,19.023,18.927,18.983,18.993,18.941,19.03,19.072,19.029,19.096,19.332,19.056,19.013,19.107,19.152,19.088,19.181,18.878,1.4162,0,6.8682,0,-0.44849,0,0,0,0,0,1.4162,0,6.8679,0,-0.44849,0,0,0,0,0,0,0,0,0,0,0,0,0,0,0,0,0,0,0,0,0,0,0,0,0,0,0,0,0,1.4255,-3.536,0,0,0,0,0,0,0,0,0,0,0,0,0,1.0461,1.045,1.0221,0.99886,0.99427,0.99717,0.94151,0.95527,1.0114,1.0092,1.0039,0.99127,1.0058,1.002,0.99532,1.0076,1.016,1.017,1.0409,0.986,1.0147,1.0407,1.0353,1.0152,1.054,1.045,1.0257,1.0488,1.0505,1.0419,0.99081,0.97254,1.0374,0.98324,1.0371,1.0265,1.0477,1.0438,1.0261,-0.34395,0.21816,-0.32928,1.022,-1.1627,-1.2892,0.83414,-0.8031,-0.61239,0.49579,1.4256,0.68609,-2.8131,0.55934,0.92835,0.80227,3.0057,3.0755,-6.2079,-0.066041,-0.059944,2.8893,2.1508,2.0248,-1.6921,1.8589,0.98528,0.74686,-0.70834,-1.1096,0.64549,1.0874,0.96112,0.8595,0.073893,0.66049,-0.62099,0.567,-1.0817,0.55042,1.2353,0.56259,0.53078,0.43694,0.84185,-0.58148,4.311,14.405,-10.625,-20.857,6.3139
1.2759,1.2767,1.2759,1.2765,1.2762,1.2764,1.2762,1.2765,1.2762,1.2763,19.037,19.095,19.05,19.062,19.094,19.11,19.066,19.053,19.021,19.188,19.161,19.158,19.162,19.104,19.05,19.057,19.053,19.044,19.105,19.065,19.087,19.155,19.151,19.055,19.111,19.121,19.069,19.158,19.2,19.157,19.224,19.46,19.184,19.14,19.235,19.28,19.216,19.309,19.005,1.4162,0,6.8682,0,-0.44849,0,0,0,0,0,1.4162,0,6.8679,0,-0.44849,0,0,0,0,0,0,0,0,0,0,0,0,0,0,0,0,0,0,0,0,0,0,0,0,0,0,0,0,0,1.4255,-3.536,0,0,0,0,0,0,0,0,0,0,0,0,0,1.0461,1.045,1.0221,0.99886,0.99427,0.99717,0.94151,0.95527,1.0114,1.0092,1.0039,0.99127,1.0058,1.002,0.99532,1.0076,1.016,1.017,1.0409,0.986,1.0147,1.0407,1.0353,1.0152,1.054,1.045,1.0257,1.0488,1.0505,1.0419,0.99081,0.97254,1.0374,0.98324,1.0371,1.0265,1.0477,1.0438,1.0261,-0.34401,0.21821,-0.32915,1.0217,-1.1626,-1.2891,0.83417,-0.80294,-0.61241,0.49571,1.4253,0.68593,-2.8133,0.55928,0.92833,0.80226,3.0058,3.0754,-6.2079,-0.066024,-0.05995,2.8892,2.1507,2.0248,-1.692,1.8588,0.98531,0.74686,-0.70835,-1.1096,0.64505,1.0877,0.96151,0.85951,0.073855,0.66044,-0.62099,0.56721,-1.0815,0.55018,1.2353,0.56267,0.53085,0.43699,0.84197,-0.58148,4.311,14.405,-10.625,-20.857,6.3139
1.276,1.2766,1.2759,1.2765,1.2762,1.2764,1.2762,1.2765,1.2762,1.2763,19.165,19.223,19.177,19.19,19.221,19.238,19.194,19.18,19.149,19.316,19.289,19.285,19.29,19.231,19.178,19.185,19.181,19.171,19.232,19.192,19.215,19.283,19.279,19.183,19.238,19.248,19.196,19.285,19.327,19.285,19.352,19.587,19.312,19.268,19.362,19.407,19.343,19.437,19.133,1.4162,0,6.8682,0,-0.44849,0,0,0,0,0,1.4162,0,6.8679,0,-0.44849,0,0,0,0,0,0,0,0,0,0,0,0,0,0,0,0,0,0,0,0,0,0,0,0,0,0,0,0,0,1.4255,-3.536,0,0,0,0,0,0,0,0,0,0,0,0,0,1.0461,1.045,1.0221,0.99886,0.99427,0.99717,0.94151,0.95527,1.0114,1.0092,1.0039,0.99127,1.0058,1.002,0.99532,1.0076,1.016,1.017,1.0409,0.986,1.0147,1.0407,1.0353,1.0152,1.054,1.045,1.0257,1.0488,1.0505,1.0419,0.99081,0.97254,1.0374,0.98325,1.0371,1.0265,1.0477,1.0438,1.0261,-0.3441,0.21829,-0.32897,1.0213,-1.1625,-1.289,0.8342,-0.80272,-0.61245,0.49561,1.4248,0.68572,-2.8136,0.55921,0.92829,0.80226,3.006,3.0753,-6.2078,-0.066003,-0.059957,2.8892,2.1507,2.0247,-1.692,1.8587,0.98534,0.74688,-0.70837,-1.1095,0.64449,1.0882,0.96202,0.85953,0.073806,0.66038,-0.621,0.56748,-1.0813,0.54989,1.2353,0.56277,0.53094,0.43705,0.84212,-0.58149,4.311,14.405,-10.625,-20.857,6.3139
1.2761,1.2765,1.276,1.2765,1.2761,1.2764,1.2762,1.2765,1.2762,1.2763,19.293,19.35,19.305,19.317,19.349,19.365,19.321,19.308,19.276,19.443,19.416,19.413,19.418,19.359,19.305,19.312,19.308,19.299,19.36,19.32,19.343,19.41,19.406,19.31,19.366,19.376,19.324,19.413,19.455,19.412,19.479,19.715,19.439,19.396,19.49,19.535,19.471,19.564,19.261,1.4162,0,6.8682,0,-0.44849,0,0,0,0,0,1.4162,0,6.8679,0,-0.44849,0,0,0,0,0,0,0,0,0,0,0,0,0,0,0,0,0,0,0,0,0,0,0,0,0,0,0,0,0,1.4255,-3.536,0,0,0,0,0,0,0,0,0,0,0,0,0,1.0461,1.045,1.0221,0.99886,0.99427,0.99717,0.94151,0.95527,1.0114,1.0092,1.0039,0.99127,1.0058,1.002,0.99532,1.0076,1.016,1.017,1.0409,0.986,1.0147,1.0407,1.0353,1.0152,1.054,1.045,1.0257,1.0488,1.0505,1.0419,0.99081,0.97254,1.0374,0.98325,1.0371,1.0265,1.0477,1.0438,1.0261,-0.34422,0.21838,-0.32876,1.0209,-1.1624,-1.2888,0.83425,-0.80245,-0.61249,0.49548,1.4243,0.68546,-2.814,0.55912,0.92825,0.80225,3.0062,3.0752,-6.2077,-0.065977,-0.059967,2.8891,2.1506,2.0247,-1.692,1.8585,0.98539,0.74689,-0.7084,-1.1095,0.6438,1.0887,0.96264,0.85955,0.073746,0.66031,-0.621,0.56782,-1.081,0.54952,1.2353,0.5629,0.53106,0.43714,0.84232,-0.58151,4.311,14.405,-10.625,-20.857,6.3139
1.2762,1.2763,1.2761,1.2765,1.2761,1.2763,1.2762,1.2765,1.2762,1.2763,19.42,19.478,19.432,19.445,19.477,19.493,19.449,19.435,19.404,19.571,19.544,19.541,19.545,19.487,19.433,19.44,19.436,19.426,19.488,19.448,19.47,19.538,19.534,19.438,19.494,19.504,19.451,19.541,19.583,19.54,19.607,19.842,19.567,19.523,19.618,19.662,19.599,19.692,19.388,1.4162,0,6.8681,0,-0.44849,0,0,0,0,0,1.4162,0,6.8679,0,-0.44849,0,0,0,0,0,0,0,0,0,0,0,0,0,0,0,0,0,0,0,0,0,0,0,0,0,0,0,0,0,1.4255,-3.536,0,0,0,0,0,0,0,0,0,0,0,0,0,1.0461,1.045,1.0221,0.99886,0.99427,0.99717,0.94151,0.95527,1.0114,1.0092,1.0039,0.99127,1.0058,1.002,0.99532,1.0076,1.016,1.017,1.0409,0.986,1.0147,1.0407,1.0353,1.0152,1.054,1.045,1.0257,1.0488,1.0505,1.0419,0.99081,0.97254,1.0374,0.98325,1.0371,1.0265,1.0477,1.0438,1.0261,-0.34436,0.21849,-0.32849,1.0204,-1.1622,-1.2887,0.8343,-0.80214,-0.61254,0.49533,1.4236,0.68516,-2.8145,0.55902,0.9282,0.80225,3.0065,3.075,-6.2077,-0.065946,-0.059978,2.889,2.1505,2.0246,-1.692,1.8583,0.98544,0.74691,-0.70843,-1.1094,0.64299,1.0894,0.96338,0.85957,0.073676,0.66022,-0.62101,0.56822,-1.0806,0.54908,1.2353,0.56306,0.5312,0.43723,0.84255,-0.58154,4.311,14.405,-10.625,-20.857,6.3139
1.2763,1.2762,1.2762,1.2765,1.2761,1.2763,1.2762,1.2765,1.2761,1.2763,19.548,19.606,19.56,19.573,19.604,19.621,19.577,19.563,19.531,19.699,19.671,19.668,19.673,19.614,19.561,19.568,19.564,19.554,19.615,19.575,19.598,19.666,19.662,19.565,19.621,19.631,19.579,19.668,19.71,19.667,19.735,19.97,19.695,19.651,19.745,19.79,19.726,19.819,19.516,1.4162,0,6.8681,0,-0.44849,0,0,0,0,0,1.4162,0,6.8679,0,-0.44849,0,0,0,0,0,0,0,0,0,0,0,0,0,0,0,0,0,0,0,0,0,0,0,0,0,0,0,0,0,1.4255,-3.536,0,0,0,0,0,0,0,0,0,0,0,0,0,1.0461,1.045,1.0221,0.99886,0.99427,0.99717,0.94151,0.95527,1.0114,1.0092,1.0039,0.99127,1.0058,1.002,0.99532,1.0076,1.016,1.017,1.0409,0.986,1.0147,1.0407,1.0353,1.0152,1.054,1.045,1.0257,1.0488,1.0505,1.0419,0.99081,0.97254,1.0374,0.98325,1.0371,1.0265,1.0477,1.0438,1.0261,-0.34452,0.21861,-0.32819,1.0198,-1.162,-1.2885,0.83437,-0.80177,-0.6126,0.49516,1.4228,0.68481,-2.815,0.5589,0.92815,0.80224,3.0068,3.0748,-6.2076,-0.06591,-0.059992,2.8889,2.1504,2.0245,-1.6919,1.8581,0.9855,0.74693,-0.70847,-1.1093,0.64205,1.0901,0.96424,0.8596,0.073594,0.66012,-0.62102,0.56868,-1.0803,0.54858,1.2352,0.56324,0.53137,0.43735,0.84282,-0.58159,4.311,14.405,-10.625,-20.857,6.3139
1.2764,1.276,1.2763,1.2765,1.276,1.2763,1.2762,1.2765,1.2761,1.2763,19.675,19.733,19.688,19.7,19.732,19.748,19.704,19.691,19.659,19.826,19.799,19.796,19.8,19.742,19.688,19.695,19.691,19.682,19.743,19.703,19.726,19.793,19.789,19.693,19.749,19.759,19.707,19.796,19.838,19.795,19.862,20.098,19.822,19.778,19.873,19.918,19.854,19.947,19.644,1.4162,0,6.8681,0,-0.44849,0,0,0,0,0,1.4162,0,6.8679,0,-0.44849,0,0,0,0,0,0,0,0,0,0,0,0,0,0,0,0,0,0,0,0,0,0,0,0,0,0,0,0,0,1.4255,-3.536,0,0,0,0,0,0,0,0,0,0,0,0,0,1.0461,1.045,1.0221,0.99886,0.99427,0.99717,0.94151,0.95527,1.0114,1.0092,1.0039,0.99127,1.0058,1.002,0.99532,1.0076,1.016,1.017,1.0409,0.986,1.0147,1.0407,1.0353,1.0152,1.054,1.045,1.0257,1.0488,1.0505,1.0419,0.99081,0.97254,1.0374,0.98325,1.0371,1.0265,1.0477,1.0438,1.0261,-0.34468,0.21875,-0.32787,1.0192,-1.1619,-1.2882,0.83443,-0.80138,-0.61266,0.49498,1.422,0.68445,-2.8156,0.55878,0.92809,0.80224,3.0072,3.0747,-6.2075,-0.065873,-0.060005,2.8888,2.1503,2.0244,-1.6919,1.8579,0.98557,0.74695,-0.7085,-1.1093,0.64108,1.0909,0.96512,0.85963,0.07351,0.66002,-0.62104,0.56915,-1.0799,0.54806,1.2352,0.56342,0.53153,0.43746,0.8431,-0.58163,4.311,14.405,-10.625,-20.857,6.3139
1.2766,1.2759,1.2764,1.2765,1.276,1.2762,1.2762,1.2765,1.2761,1.2763,19.803,19.861,19.815,19.828,19.86,19.876,19.832,19.818,19.787,19.954,19.927,19.923,19.928,19.87,19.816,19.823,19.819,19.809,19.87,19.831,19.853,19.921,19.917,19.821,19.877,19.887,19.834,19.923,19.966,19.923,19.99,20.225,19.95,19.906,20.001,20.045,19.981,20.075,19.771,1.4162,0,6.868,0,-0.44849,0,0,0,0,0,1.4162,0,6.8679,0,-0.44849,0,0,0,0,0,0,0,0,0,0,0,0,0,0,0,0,0,0,0,0,0,0,0,0,0,0,0,0,0,1.4255,-3.536,0,0,0,0,0,0,0,0,0,0,0,0,0,1.0461,1.045,1.0221,0.99886,0.99427,0.99717,0.94151,0.95527,1.0114,1.0092,1.0039,0.99127,1.0058,1.002,0.99532,1.0076,1.016,1.017,1.0409,0.986,1.0147,1.0407,1.0353,1.0152,1.054,1.045,1.0257,1.0488,1.0505,1.0419,0.99081,0.97255,1.0374,0.98325,1.0371,1.0265,1.0477,1.0438,1.0261,-0.34483,0.21887,-0.32759,1.0187,-1.1617,-1.2881,0.8345,-0.80104,-0.61272,0.49483,1.4213,0.68413,-2.8161,0.55866,0.92804,0.80223,3.0075,3.0745,-6.2075,-0.06584,-0.060018,2.8887,2.1502,2.0244,-1.6918,1.8577,0.98563,0.74697,-0.70854,-1.1092,0.64021,1.0916,0.96591,0.85966,0.073434,0.65993,-0.62105,0.56957,-1.0795,0.54759,1.2352,0.56359,0.53169,0.43757,0.84335,-0.58168,4.311,14.405,-10.625,-20.857,6.3139
1.2767,1.2758,1.2765,1.2765,1.276,1.2762,1.2762,1.2765,1.2761,1.2763,19.931,19.988,19.943,19.955,19.987,20.003,19.959,19.946,19.914,20.081,20.054,20.051,20.056,19.997,19.944,19.951,19.947,19.937,19.998,19.958,19.981,20.049,20.044,19.948,20.004,20.014,19.962,20.051,20.093,20.05,20.117,20.353,20.078,20.034,20.128,20.173,20.109,20.202,19.899,1.4162,0,6.868,0,-0.44849,0,0,0,0,0,1.4162,0,6.8679,0,-0.44849,0,0,0,0,0,0,0,0,0,0,0,0,0,0,0,0,0,0,0,0,0,0,0,0,0,0,0,0,0,1.4255,-3.536,0,0,0,0,0,0,0,0,0,0,0,0,0,1.0461,1.045,1.0221,0.99886,0.99427,0.99717,0.94151,0.95527,1.0114,1.0092,1.0039,0.99127,1.0058,1.002,0.99532,1.0076,1.016,1.017,1.0409,0.986,1.0147,1.0407,1.0353,1.0152,1.054,1.045,1.0257,1.0488,1.0505,1.0419,0.99081,0.97255,1.0374,0.98325,1.0371,1.0265,1.0477,1.0438,1.0261,-0.34497,0.21898,-0.32733,1.0182,-1.1616,-1.2879,0.83455,-0.80073,-0.61276,0.49469,1.4207,0.68385,-2.8165,0.55857,0.92799,0.80223,3.0078,3.0743,-6.2074,-0.06581,-0.060029,2.8887,2.1502,2.0243,-1.6918,1.8575,0.98568,0.74699,-0.70857,-1.1092,0.63943,1.0923,0.96661,0.85969,0.073368,0.65985,-0.62106,0.56995,-1.0792,0.54717,1.2352,0.56374,0.53182,0.43766,0.84357,-0.58172,4.311,14.405,-10.625,-20.857,6.3139
1.2767,1.2757,1.2766,1.2765,1.276,1.2762,1.2762,1.2765,1.2761,1.2762,20.058,20.116,20.071,20.083,20.115,20.131,20.087,20.074,20.042,20.209,20.182,20.179,20.183,20.125,20.071,20.078,20.074,20.065,20.126,20.086,20.108,20.176,20.172,20.076,20.132,20.142,20.09,20.179,20.221,20.178,20.245,20.481,20.205,20.161,20.256,20.3,20.237,20.33,20.026,1.4162,0,6.868,0,-0.44849,0,0,0,0,0,1.4162,0,6.868,0,-0.44849,0,0,0,0,0,0,0,0,0,0,0,0,0,0,0,0,0,0,0,0,0,0,0,0,0,0,0,0,0,1.4255,-3.536,0,0,0,0,0,0,0,0,0,0,0,0,0,1.0461,1.045,1.0221,0.99886,0.99427,0.99717,0.94151,0.95527,1.0114,1.0092,1.0039,0.99127,1.0058,1.002,0.99532,1.0076,1.016,1.017,1.0409,0.986,1.0147,1.0407,1.0353,1.0152,1.054,1.045,1.0257,1.0488,1.0505,1.0419,0.99081,0.97255,1.0374,0.98325,1.0371,1.0265,1.0477,1.0438,1.0261,-0.34509,0.21908,-0.32711,1.0178,-1.1615,-1.2877,0.8346,-0.80047,-0.61281,0.49457,1.4202,0.6836,-2.8169,0.55848,0.92795,0.80222,3.008,3.0742,-6.2074,-0.065784,-0.060039,2.8886,2.1501,2.0243,-1.6918,1.8573,0.98572,0.747,-0.7086,-1.1091,0.63876,1.0928,0.96722,0.85971,0.073311,0.65978,-0.62107,0.57028,-1.0789,0.54681,1.2352,0.56387,0.53194,0.43775,0.84377,-0.58176,4.311,14.405,-10.625,-20.857,6.3139
1.2768,1.2756,1.2767,1.2765,1.2759,1.2762,1.2762,1.2765,1.2761,1.2762,20.186,20.244,20.198,20.211,20.242,20.259,20.215,20.201,20.17,20.337,20.31,20.306,20.311,20.252,20.199,20.206,20.202,20.192,20.253,20.213,20.236,20.304,20.3,20.204,20.259,20.269,20.217,20.306,20.348,20.306,20.373,20.608,20.333,20.289,20.383,20.428,20.364,20.458,20.154,1.4162,0,6.868,0,-0.44849,0,0,0,0,0,1.4162,0,6.868,0,-0.44849,0,0,0,0,0,0,0,0,0,0,0,0,0,0,0,0,0,0,0,0,0,0,0,0,0,0,0,0,0,1.4255,-3.536,0,0,0,0,0,0,0,0,0,0,0,0,0,1.0461,1.045,1.0221,0.99886,0.99427,0.99717,0.94151,0.95527,1.0114,1.0092,1.0039,0.99127,1.0058,1.002,0.99532,1.0076,1.016,1.017,1.0409,0.986,1.0147,1.0407,1.0353,1.0152,1.054,1.045,1.0257,1.0488,1.0505,1.0419,0.99081,0.97255,1.0374,0.98325,1.0371,1.0265,1.0477,1.0438,1.0261,-0.34519,0.21916,-0.32691,1.0174,-1.1614,-1.2876,0.83464,-0.80024,-0.61284,0.49446,1.4197,0.68339,-2.8172,0.55841,0.92792,0.80222,3.0082,3.0741,-6.2073,-0.065762,-0.060047,2.8885,2.15,2.0242,-1.6918,1.8572,0.98576,0.74701,-0.70863,-1.1091,0.63819,1.0933,0.96774,0.85973,0.073262,0.65972,-0.62107,0.57055,-1.0787,0.5465,1.2352,0.56398,0.53204,0.43782,0.84394,-0.5818,4.311,14.405,-10.625,-20.857,6.3139
1.2769,1.2755,1.2767,1.2765,1.2759,1.2762,1.2762,1.2765,1.2761,1.2762,20.314,20.371,20.326,20.338,20.37,20.386,20.342,20.329,20.297,20.464,20.437,20.434,20.439,20.38,20.326,20.333,20.33,20.32,20.381,20.341,20.364,20.431,20.427,20.331,20.387,20.397,20.345,20.434,20.476,20.433,20.5,20.736,20.46,20.417,20.511,20.556,20.492,20.585,20.282,1.4162,0,6.8679,0,-0.44849,0,0,0,0,0,1.4162,0,6.868,0,-0.44849,0,0,0,0,0,0,0,0,0,0,0,0,0,0,0,0,0,0,0,0,0,0,0,0,0,0,0,0,0,1.4255,-3.536,0,0,0,0,0,0,0,0,0,0,0,0,0,1.0461,1.045,1.0221,0.99886,0.99427,0.99717,0.94151,0.95527,1.0114,1.0092,1.0039,0.99127,1.0058,1.002,0.99532,1.0076,1.016,1.017,1.0409,0.986,1.0147,1.0407,1.0353,1.0152,1.054,1.045,1.0257,1.0488,1.0505,1.0419,0.99081,0.97255,1.0374,0.98325,1.0371,1.0265,1.0477,1.0438,1.0261,-0.34528,0.21923,-0.32675,1.0171,-1.1613,-1.2875,0.83468,-0.80005,-0.61287,0.49438,1.4193,0.68322,-2.8175,0.55835,0.92789,0.80222,3.0084,3.074,-6.2073,-0.065744,-0.060054,2.8885,2.15,2.0242,-1.6917,1.8571,0.9858,0.74703,-0.70865,-1.1091,0.63772,1.0936,0.96817,0.85975,0.073223,0.65967,-0.62108,0.57078,-1.0785,0.54625,1.2352,0.56407,0.53213,0.43788,0.84408,-0.58184,4.311,14.405,-10.625,-20.857,6.3139
1.2769,1.2755,1.2768,1.2764,1.2759,1.2761,1.2762,1.2765,1.2761,1.2762,20.441,20.499,20.453,20.466,20.498,20.514,20.47,20.456,20.425,20.592,20.565,20.562,20.566,20.508,20.454,20.461,20.457,20.447,20.509,20.469,20.491,20.559,20.555,20.459,20.515,20.525,20.472,20.562,20.604,20.561,20.628,20.863,20.588,20.544,20.639,20.683,20.62,20.713,20.409,1.4162,0,6.8679,0,-0.44849,0,0,0,0,0,1.4162,0,6.868,0,-0.44849,0,0,0,0,0,0,0,0,0,0,0,0,0,0,0,0,0,0,0,0,0,0,0,0,0,0,0,0,0,1.4255,-3.536,0,0,0,0,0,0,0,0,0,0,0,0,0,1.0461,1.045,1.0221,0.99886,0.99427,0.99717,0.94151,0.95527,1.0114,1.0092,1.0039,0.99127,1.0058,1.002,0.99532,1.0076,1.016,1.017,1.0409,0.986,1.0147,1.0407,1.0353,1.0152,1.054,1.045,1.0257,1.0488,1.0505,1.0419,0.99081,0.97255,1.0374,0.98325,1.0371,1.0265,1.0477,1.0438,1.0261,-0.34535,0.21929,-0.32662,1.0169,-1.1613,-1.2874,0.8347,-0.7999,-0.6129,0.49432,1.419,0.68309,-2.8177,0.5583,0.92787,0.80222,3.0085,3.074,-6.2073,-0.06573,-0.06006,2.8885,2.15,2.0242,-1.6917,1.857,0.98582,0.74704,-0.70867,-1.109,0.63735,1.094,0.96851,0.85976,0.073192,0.65964,-0.62109,0.57096,-1.0783,0.54604,1.2352,0.56415,0.53219,0.43793,0.84419,-0.58188,4.311,14.405,-10.625,-20.857,6.3139
1.2769,1.2754,1.2768,1.2764,1.2759,1.2761,1.2762,1.2764,1.2761,1.2762,20.569,20.627,20.581,20.594,20.625,20.642,20.598,20.584,20.552,20.72,20.692,20.689,20.694,20.635,20.582,20.589,20.585,20.575,20.636,20.596,20.619,20.687,20.683,20.586,20.642,20.652,20.6,20.689,20.731,20.689,20.756,20.991,20.716,20.672,20.766,20.811,20.747,20.84,20.537,1.4162,0,6.8679,0,-0.44849,0,0,0,0,0,1.4162,0,6.868,0,-0.44849,0,0,0,0,0,0,0,0,0,0,0,0,0,0,0,0,0,0,0,0,0,0,0,0,0,0,0,0,0,1.4255,-3.536,0,0,0,0,0,0,0,0,0,0,0,0,0,1.0461,1.045,1.0221,0.99886,0.99427,0.99717,0.94151,0.95527,1.0114,1.0092,1.0039,0.99127,1.0058,1.002,0.99532,1.0076,1.016,1.017,1.0409,0.986,1.0147,1.0407,1.0353,1.0152,1.054,1.045,1.0257,1.0488,1.0505,1.0419,0.99081,0.97255,1.0374,0.98325,1.0371,1.0265,1.0477,1.0438,1.0261,-0.3454,0.21934,-0.32652,1.0167,-1.1612,-1.2873,0.83473,-0.79978,-0.61291,0.49427,1.4188,0.68299,-2.8179,0.55827,0.92785,0.80222,3.0086,3.0739,-6.2073,-0.065719,-0.060064,2.8884,2.1499,2.0241,-1.6917,1.857,0.98584,0.74704,-0.70868,-1.109,0.63708,1.0942,0.96876,0.85977,0.07317,0.65961,-0.62109,0.57109,-1.0782,0.54589,1.2351,0.5642,0.53224,0.43797,0.84428,-0.58191,4.311,14.405,-10.625,-20.857,6.3139
1.2769,1.2754,1.2768,1.2764,1.276,1.2761,1.2762,1.2764,1.2761,1.2762,20.696,20.754,20.709,20.721,20.753,20.769,20.725,20.712,20.68,20.847,20.82,20.817,20.821,20.763,20.709,20.716,20.712,20.703,20.764,20.724,20.747,20.814,20.81,20.714,20.77,20.78,20.728,20.817,20.859,20.816,20.883,21.119,20.843,20.799,20.894,20.939,20.875,20.968,20.665,1.4162,0,6.8679,0,-0.44849,0,0,0,0,0,1.4162,0,6.868,0,-0.44849,0,0,0,0,0,0,0,0,0,0,0,0,0,0,0,0,0,0,0,0,0,0,0,0,0,0,0,0,0,1.4255,-3.536,0,0,0,0,0,0,0,0,0,0,0,0,0,1.0461,1.045,1.0221,0.99886,0.99427,0.99717,0.94151,0.95527,1.0114,1.0092,1.0039,0.99127,1.0058,1.002,0.99532,1.0076,1.016,1.017,1.0409,0.986,1.0147,1.0407,1.0353,1.0152,1.054,1.045,1.0257,1.0488,1.0505,1.0419,0.99081,0.97255,1.0374,0.98325,1.0371,1.0265,1.0477,1.0438,1.0261,-0.34544,0.21937,-0.32646,1.0166,-1.1612,-1.2873,0.83475,-0.79971,-0.61292,0.49424,1.4187,0.68293,-2.818,0.55825,0.92785,0.80222,3.0087,3.0739,-6.2073,-0.065712,-0.060067,2.8884,2.1499,2.0241,-1.6917,1.8569,0.98586,0.74705,-0.7087,-1.109,0.63691,1.0943,0.96892,0.85978,0.073158,0.6596,-0.6211,0.57118,-1.0781,0.5458,1.2351,0.56424,0.53228,0.43799,0.84434,-0.58194,4.311,14.405,-10.625,-20.857,6.3139
1.2769,1.2754,1.2768,1.2764,1.276,1.2761,1.2762,1.2764,1.2761,1.2762,20.824,20.882,20.836,20.849,20.881,20.897,20.853,20.839,20.808,20.975,20.948,20.945,20.949,20.891,20.837,20.844,20.84,20.83,20.891,20.852,20.874,20.942,20.938,20.842,20.898,20.908,20.855,20.944,20.987,20.944,21.011,21.246,20.971,20.927,21.022,21.066,21.003,21.096,20.792,1.4162,0,6.8679,0,-0.44849,0,0,0,0,0,1.4162,0,6.868,0,-0.44849,0,0,0,0,0,0,0,0,0,0,0,0,0,0,0,0,0,0,0,0,0,0,0,0,0,0,0,0,0,1.4255,-3.536,0,0,0,0,0,0,0,0,0,0,0,0,0,1.0461,1.045,1.0221,0.99886,0.99427,0.99717,0.94151,0.95527,1.0114,1.0092,1.0039,0.99127,1.0058,1.002,0.99532,1.0076,1.016,1.017,1.0409,0.986,1.0147,1.0407,1.0353,1.0152,1.054,1.045,1.0257,1.0488,1.0505,1.0419,0.99081,0.97255,1.0374,0.98325,1.0371,1.0265,1.0477,1.0438,1.0261,-0.34546,0.21939,-0.32642,1.0166,-1.1613,-1.2873,0.83476,-0.79967,-0.61293,0.49423,1.4186,0.68291,-2.8181,0.55824,0.92784,0.80222,3.0087,3.0739,-6.2073,-0.065709,-0.060069,2.8884,2.1499,2.0241,-1.6917,1.8569,0.98587,0.74705,-0.70871,-1.109,0.63683,1.0944,0.96899,0.85979,0.073154,0.6596,-0.6211,0.57121,-1.0781,0.54575,1.2351,0.56426,0.5323,0.438,0.84437,-0.58198,4.311,14.405,-10.625,-20.857,6.3139
1.2769,1.2754,1.2768,1.2764,1.276,1.2761,1.2762,1.2764,1.2761,1.2762,20.952,21.009,20.964,20.976,21.008,21.024,20.98,20.967,20.935,21.102,21.075,21.072,21.077,21.018,20.965,20.972,20.968,20.958,21.019,20.979,21.002,21.07,21.065,20.969,21.025,21.035,20.983,21.072,21.114,21.071,21.138,21.374,21.099,21.055,21.149,21.194,21.13,21.223,20.92,1.4162,0,6.8679,0,-0.44849,0,0,0,0,0,1.4162,0,6.868,0,-0.44849,0,0,0,0,0,0,0,0,0,0,0,0,0,0,0,0,0,0,0,0,0,0,0,0,0,0,0,0,0,1.4255,-3.536,0,0,0,0,0,0,0,0,0,0,0,0,0,1.0461,1.045,1.0221,0.99886,0.99427,0.99717,0.94151,0.95527,1.0114,1.0092,1.0039,0.99127,1.0058,1.002,0.99532,1.0076,1.016,1.017,1.0409,0.986,1.0147,1.0407,1.0353,1.0152,1.054,1.045,1.0257,1.0488,1.0505,1.0419,0.99081,0.97255,1.0374,0.98325,1.0371,1.0265,1.0477,1.0438,1.0261,-0.34547,0.2194,-0.32641,1.0166,-1.1613,-1.2873,0.83476,-0.79967,-0.61293,0.49424,1.4186,0.68292,-2.8181,0.55824,0.92785,0.80222,3.0088,3.0739,-6.2073,-0.06571,-0.060069,2.8884,2.1499,2.0241,-1.6917,1.8569,0.98587,0.74706,-0.70871,-1.109,0.63686,1.0944,0.96897,0.85979,0.073159,0.6596,-0.6211,0.57119,-1.0781,0.54576,1.2351,0.56426,0.5323,0.43801,0.84437,-0.582,4.311,14.405,-10.625,-20.857,6.3139
1.2769,1.2755,1.2768,1.2763,1.276,1.2761,1.2762,1.2763,1.2761,1.2762,21.079,21.137,21.092,21.104,21.136,21.152,21.108,21.095,21.063,21.23,21.203,21.2,21.204,21.146,21.092,21.099,21.095,21.086,21.147,21.107,21.129,21.197,21.193,21.097,21.153,21.163,21.111,21.2,21.242,21.199,21.266,21.502,21.226,21.182,21.277,21.321,21.258,21.351,21.047,1.4162,0,6.8679,0,-0.44849,0,0,0,0,0,1.4162,0,6.868,0,-0.44849,0,0,0,0,0,0,0,0,0,0,0,0,0,0,0,0,0,0,0,0,0,0,0,0,0,0,0,0,0,1.4255,-3.536,0,0,0,0,0,0,0,0,0,0,0,0,0,1.0461,1.045,1.0221,0.99886,0.99427,0.99717,0.94151,0.95527,1.0114,1.0092,1.0039,0.99127,1.0058,1.002,0.99532,1.0076,1.016,1.017,1.0409,0.986,1.0147,1.0407,1.0353,1.0152,1.054,1.045,1.0257,1.0488,1.0505,1.0419,0.99081,0.97255,1.0374,0.98325,1.0371,1.0265,1.0477,1.0438,1.0261,-0.34546,0.21939,-0.32644,1.0167,-1.1614,-1.2873,0.83476,-0.79972,-0.61292,0.49427,1.4187,0.68298,-2.818,0.55826,0.92786,0.80222,3.0087,3.0739,-6.2074,-0.065715,-0.060068,2.8884,2.1499,2.0241,-1.6918,1.857,0.98586,0.74706,-0.70872,-1.109,0.63699,1.0943,0.96886,0.85979,0.073173,0.65962,-0.62111,0.57113,-1.0781,0.54582,1.2351,0.56424,0.53228,0.438,0.84435,-0.58203,4.311,14.405,-10.625,-20.857,6.3139
1.2769,1.2755,1.2768,1.2763,1.2761,1.2761,1.2763,1.2763,1.2761,1.2762,21.207,21.265,21.219,21.232,21.263,21.28,21.236,21.222,21.191,21.358,21.331,21.327,21.332,21.273,21.22,21.227,21.223,21.213,21.274,21.234,21.257,21.325,21.321,21.225,21.281,21.29,21.238,21.327,21.369,21.327,21.394,21.629,21.354,21.31,21.404,21.449,21.385,21.479,21.175,1.4162,0,6.8679,0,-0.44849,0,0,0,0,0,1.4162,0,6.868,0,-0.44849,0,0,0,0,0,0,0,0,0,0,0,0,0,0,0,0,0,0,0,0,0,0,0,0,0,0,0,0,0,1.4255,-3.536,0,0,0,0,0,0,0,0,0,0,0,0,0,1.0461,1.045,1.0221,0.99886,0.99427,0.99717,0.94151,0.95527,1.0114,1.0092,1.0039,0.99127,1.0058,1.002,0.99532,1.0076,1.016,1.017,1.0409,0.986,1.0147,1.0407,1.0353,1.0152,1.054,1.045,1.0257,1.0488,1.0505,1.0419,0.99081,0.97255,1.0374,0.98325,1.0371,1.0265,1.0477,1.0438,1.0261,-0.34543,0.21937,-0.32649,1.0169,-1.1614,-1.2873,0.83475,-0.7998,-0.61291,0.49432,1.4189,0.68307,-2.8179,0.55829,0.92787,0.80222,3.0087,3.074,-6.2074,-0.065723,-0.060066,2.8885,2.15,2.0241,-1.6918,1.857,0.98585,0.74705,-0.70872,-1.109,0.63722,1.0941,0.96865,0.85979,0.073197,0.65965,-0.62111,0.57102,-1.0782,0.54594,1.2351,0.5642,0.53225,0.43798,0.84429,-0.58206,4.311,14.405,-10.625,-20.857,6.3139
1.2768,1.2756,1.2768,1.2763,1.2761,1.2761,1.2763,1.2763,1.2761,1.2762,21.335,21.392,21.347,21.359,21.391,21.407,21.363,21.35,21.318,21.485,21.458,21.455,21.46,21.401,21.347,21.354,21.351,21.341,21.402,21.362,21.385,21.453,21.448,21.352,21.408,21.418,21.366,21.455,21.497,21.454,21.521,21.757,21.481,21.438,21.532,21.577,21.513,21.606,21.303,1.4162,0,6.8679,0,-0.44849,0,0,0,0,0,1.4162,0,6.868,0,-0.44849,0,0,0,0,0,0,0,0,0,0,0,0,0,0,0,0,0,0,0,0,0,0,0,0,0,0,0,0,0,1.4255,-3.536,0,0,0,0,0,0,0,0,0,0,0,0,0,1.0461,1.045,1.0221,0.99886,0.99427,0.99717,0.94151,0.95527,1.0114,1.0092,1.0039,0.99127,1.0058,1.002,0.99532,1.0076,1.016,1.017,1.0409,0.986,1.0147,1.0407,1.0353,1.0152,1.054,1.045,1.0257,1.0488,1.0505,1.0419,0.99081,0.97255,1.0374,0.98325,1.0371,1.0265,1.0477,1.0438,1.0261,-0.34539,0.21934,-0.32658,1.0171,-1.1616,-1.2874,0.83474,-0.79991,-0.61289,0.49438,1.4192,0.68319,-2.8177,0.55833,0.92789,0.80222,3.0086,3.074,-6.2074,-0.065735,-0.060062,2.8885,2.15,2.0242,-1.6918,1.8571,0.98583,0.74705,-0.70871,-1.1091,0.63754,1.0938,0.96836,0.85978,0.073229,0.65969,-0.62111,0.57086,-1.0783,0.5461,1.2352,0.56415,0.5322,0.43795,0.84421,-0.58208,4.311,14.405,-10.625,-20.857,6.3139
1.2768,1.2757,1.2767,1.2762,1.2761,1.2761,1.2763,1.2762,1.2762,1.2762,21.462,21.52,21.474,21.487,21.519,21.535,21.491,21.477,21.446,21.613,21.586,21.583,21.587,21.529,21.475,21.482,21.478,21.468,21.53,21.49,21.512,21.58,21.576,21.48,21.536,21.546,21.494,21.583,21.625,21.582,21.649,21.884,21.609,21.565,21.66,21.704,21.641,21.734,21.43,1.4162,0,6.8679,0,-0.44849,0,0,0,0,0,1.4162,0,6.868,0,-0.44849,0,0,0,0,0,0,0,0,0,0,0,0,0,0,0,0,0,0,0,0,0,0,0,0,0,0,0,0,0,1.4255,-3.536,0,0,0,0,0,0,0,0,0,0,0,0,0,1.0461,1.045,1.0221,0.99886,0.99427,0.99717,0.94151,0.95527,1.0114,1.0092,1.0039,0.99127,1.0058,1.002,0.99532,1.0076,1.016,1.017,1.0409,0.986,1.0147,1.0407,1.0353,1.0152,1.054,1.045,1.0257,1.0488,1.0505,1.0419,0.99081,0.97255,1.0374,0.98325,1.0371,1.0265,1.0477,1.0438,1.0261,-0.34533,0.2193,-0.3267,1.0174,-1.1617,-1.2875,0.83472,-0.80007,-0.61286,0.49447,1.4195,0.68336,-2.8175,0.55839,0.92792,0.80223,3.0084,3.0741,-6.2075,-0.065751,-0.060057,2.8886,2.15,2.0242,-1.6918,1.8572,0.98581,0.74705,-0.70871,-1.1091,0.63797,1.0935,0.96798,0.85978,0.07327,0.65975,-0.62111,0.57064,-1.0785,0.54632,1.2352,0.56407,0.53213,0.4379,0.84411,-0.5821,4.311,14.405,-10.625,-20.857,6.3139
1.2767,1.2758,1.2767,1.2762,1.2762,1.2761,1.2763,1.2762,1.2762,1.2763,21.59,21.648,21.602,21.615,21.646,21.663,21.619,21.605,21.573,21.741,21.713,21.71,21.715,21.656,21.603,21.61,21.606,21.596,21.657,21.617,21.64,21.708,21.704,21.607,21.663,21.673,21.621,21.71,21.752,21.71,21.777,22.012,21.737,21.693,21.787,21.832,21.768,21.861,21.558,1.4162,0,6.8679,0,-0.44849,0,0,0,0,0,1.4162,0,6.868,0,-0.44849,0,0,0,0,0,0,0,0,0,0,0,0,0,0,0,0,0,0,0,0,0,0,0,0,0,0,0,0,0,1.4255,-3.536,0,0,0,0,0,0,0,0,0,0,0,0,0,1.0461,1.045,1.0221,0.99886,0.99427,0.99717,0.94151,0.95527,1.0114,1.0092,1.0039,0.99127,1.0058,1.002,0.99532,1.0076,1.016,1.017,1.0409,0.986,1.0147,1.0407,1.0353,1.0152,1.054,1.045,1.0257,1.0488,1.0505,1.0419,0.99081,0.97255,1.0374,0.98325,1.0371,1.0265,1.0477,1.0438,1.0261,-0.34525,0.21924,-0.32685,1.0177,-1.1618,-1.2876,0.83469,-0.80027,-0.61283,0.49457,1.42,0.68356,-2.8172,0.55846,0.92795,0.80223,3.0083,3.0742,-6.2076,-0.065771,-0.06005,2.8886,2.1501,2.0243,-1.6919,1.8573,0.98578,0.74704,-0.7087,-1.1091,0.6385,1.0931,0.9675,0.85977,0.07332,0.65981,-0.62111,0.57038,-1.0787,0.5466,1.2352,0.56398,0.53205,0.43785,0.84397,-0.58212,4.311,14.405,-10.625,-20.857,6.3139
1.2766,1.2759,1.2766,1.2762,1.2762,1.2762,1.2763,1.2762,1.2762,1.2763,21.717,21.775,21.73,21.742,21.774,21.79,21.746,21.733,21.701,21.868,21.841,21.838,21.843,21.784,21.73,21.737,21.733,21.724,21.785,21.745,21.768,21.835,21.831,21.735,21.791,21.801,21.749,21.838,21.88,21.837,21.904,22.14,21.864,21.82,21.915,21.96,21.896,21.989,21.686,1.4162,0,6.8679,0,-0.44849,0,0,0,0,0,1.4162,0,6.868,0,-0.44849,0,0,0,0,0,0,0,0,0,0,0,0,0,0,0,0,0,0,0,0,0,0,0,0,0,0,0,0,0,1.4255,-3.536,0,0,0,0,0,0,0,0,0,0,0,0,0,1.0461,1.045,1.0221,0.99886,0.99427,0.99717,0.94151,0.95527,1.0114,1.0092,1.0039,0.99127,1.0058,1.002,0.99532,1.0076,1.016,1.017,1.0409,0.986,1.0147,1.0407,1.0353,1.0152,1.054,1.045,1.0257,1.0488,1.0505,1.0419,0.99081,0.97255,1.0374,0.98325,1.0371,1.0265,1.0477,1.0438,1.0261,-0.34516,0.21917,-0.32703,1.0181,-1.162,-1.2877,0.83466,-0.8005,-0.61279,0.49469,1.4205,0.6838,-2.8169,0.55854,0.928,0.80224,3.0081,3.0744,-6.2077,-0.065795,-0.060042,2.8887,2.1502,2.0243,-1.6919,1.8575,0.98574,0.74703,-0.70869,-1.1092,0.63912,1.0926,0.96694,0.85975,0.073378,0.65988,-0.6211,0.57008,-1.0789,0.54692,1.2352,0.56387,0.53195,0.43778,0.84381,-0.58214,4.311,14.405,-10.625,-20.857,6.3139
1.2765,1.276,1.2765,1.2761,1.2763,1.2762,1.2763,1.2761,1.2763,1.2763,21.845,21.903,21.857,21.87,21.902,21.918,21.874,21.86,21.829,21.996,21.969,21.966,21.97,21.912,21.858,21.865,21.861,21.851,21.912,21.873,21.895,21.963,21.959,21.863,21.919,21.929,21.876,21.966,22.008,21.965,22.032,22.267,21.992,21.948,22.043,22.087,22.024,22.117,21.813,1.4162,0,6.8679,0,-0.44849,0,0,0,0,0,1.4162,0,6.868,0,-0.44849,0,0,0,0,0,0,0,0,0,0,0,0,0,0,0,0,0,0,0,0,0,0,0,0,0,0,0,0,0,1.4255,-3.536,0,0,0,0,0,0,0,0,0,0,0,0,0,1.0461,1.045,1.0221,0.99886,0.99427,0.99717,0.94151,0.95527,1.0114,1.0092,1.0039,0.99127,1.0058,1.002,0.99532,1.0076,1.016,1.017,1.0409,0.986,1.0147,1.0407,1.0353,1.0152,1.054,1.045,1.0257,1.0488,1.0505,1.0419,0.99081,0.97254,1.0374,0.98325,1.0371,1.0265,1.0477,1.0438,1.0261,-0.34505,0.21909,-0.32724,1.0186,-1.1622,-1.2878,0.83462,-0.80077,-0.61275,0.49483,1.4211,0.68408,-2.8165,0.55864,0.92804,0.80224,3.0078,3.0745,-6.2077,-0.065822,-0.060033,2.8888,2.1502,2.0244,-1.692,1.8577,0.9857,0.74702,-0.70867,-1.1092,0.63985,1.092,0.96628,0.85974,0.073446,0.65997,-0.6211,0.56972,-1.0792,0.5473,1.2352,0.56374,0.53183,0.4377,0.84362,-0.58216,4.311,14.405,-10.625,-20.857,6.3139
1.2764,1.2762,1.2764,1.2761,1.2764,1.2762,1.2763,1.2761,1.2763,1.2763,21.973,22.03,21.985,21.997,22.029,22.046,22.001,21.988,21.956,22.123,22.096,22.093,22.098,22.039,21.986,21.993,21.989,21.979,22.04,22,22.023,22.091,22.086,21.99,22.046,22.056,22.004,22.093,22.135,22.092,22.159,22.395,22.12,22.076,22.17,22.215,22.151,22.244,21.941,1.4162,0,6.8679,0,-0.44849,0,0,0,0,0,1.4162,0,6.868,0,-0.44849,0,0,0,0,0,0,0,0,0,0,0,0,0,0,0,0,0,0,0,0,0,0,0,0,0,0,0,0,0,1.4255,-3.536,0,0,0,0,0,0,0,0,0,0,0,0,0,1.0461,1.045,1.0221,0.99886,0.99427,0.99717,0.94151,0.95527,1.0114,1.0092,1.0039,0.99127,1.0058,1.002,0.99532,1.0076,1.016,1.017,1.0409,0.986,1.0147,1.0407,1.0353,1.0152,1.054,1.045,1.0257,1.0488,1.0505,1.0419,0.99081,0.97254,1.0374,0.98325,1.0371,1.0265,1.0477,1.0438,1.0261,-0.34493,0.219,-0.32748,1.0191,-1.1624,-1.288,0.83458,-0.80109,-0.6127,0.49499,1.4217,0.68439,-2.816,0.55874,0.92809,0.80225,3.0076,3.0747,-6.2078,-0.065853,-0.060023,2.8888,2.1503,2.0244,-1.692,1.8579,0.98565,0.747,-0.70865,-1.1093,0.64068,1.0913,0.96554,0.85972,0.073523,0.66006,-0.6211,0.56931,-1.0795,0.54774,1.2352,0.56359,0.5317,0.43761,0.8434,-0.58217,4.311,14.405,-10.625,-20.857,6.3139
1.2762,1.2763,1.2763,1.2761,1.2765,1.2762,1.2764,1.276,1.2764,1.2763,22.1,22.158,22.113,22.125,22.157,22.173,22.129,22.116,22.084,22.251,22.224,22.221,22.225,22.167,22.113,22.12,22.116,22.107,22.168,22.128,22.15,22.218,22.214,22.118,22.174,22.184,22.132,22.221,22.263,22.22,22.287,22.523,22.247,22.203,22.298,22.343,22.279,22.372,22.068,1.4162,0,6.8679,0,-0.44849,0,0,0,0,0,1.4162,0,6.868,0,-0.44849,0,0,0,0,0,0,0,0,0,0,0,0,0,0,0,0,0,0,0,0,0,0,0,0,0,0,0,0,0,1.4255,-3.536,0,0,0,0,0,0,0,0,0,0,0,0,0,1.0461,1.045,1.0221,0.99886,0.99427,0.99717,0.94151,0.95527,1.0114,1.0092,1.0039,0.99127,1.0058,1.002,0.99532,1.0076,1.016,1.017,1.0409,0.986,1.0147,1.0407,1.0353,1.0152,1.054,1.045,1.0257,1.0488,1.0505,1.0419,0.99081,0.97254,1.0374,0.98325,1.0371,1.0265,1.0477,1.0438,1.0261,-0.34479,0.21889,-0.32776,1.0197,-1.1626,-1.2882,0.83453,-0.80144,-0.61264,0.49517,1.4225,0.68474,-2.8155,0.55886,0.92815,0.80226,3.0073,3.0748,-6.2079,-0.065888,-0.060011,2.8889,2.1504,2.0245,-1.6921,1.8581,0.9856,0.74699,-0.70863,-1.1093,0.6416,1.0906,0.9647,0.8597,0.073609,0.66017,-0.62109,0.56886,-1.0799,0.54822,1.2352,0.56343,0.53155,0.43751,0.84315,-0.58218,4.311,14.405,-10.625,-20.857,6.3139
1.2761,1.2765,1.2762,1.276,1.2765,1.2762,1.2764,1.276,1.2764,1.2763,22.228,22.286,22.24,22.253,22.284,22.301,22.257,22.243,22.212,22.379,22.352,22.348,22.353,22.294,22.241,22.248,22.244,22.234,22.295,22.255,22.278,22.346,22.342,22.246,22.301,22.311,22.259,22.348,22.39,22.348,22.415,22.65,22.375,22.331,22.425,22.47,22.406,22.5,22.196,1.4162,0,6.8679,0,-0.44849,0,0,0,0,0,1.4162,0,6.868,0,-0.44849,0,0,0,0,0,0,0,0,0,0,0,0,0,0,0,0,0,0,0,0,0,0,0,0,0,0,0,0,0,1.4255,-3.536,0,0,0,0,0,0,0,0,0,0,0,0,0,1.0461,1.045,1.0221,0.99886,0.99427,0.99717,0.94151,0.95527,1.0114,1.0092,1.0039,0.99127,1.0058,1.002,0.99532,1.0076,1.016,1.017,1.0409,0.986,1.0147,1.0407,1.0353,1.0152,1.054,1.045,1.0257,1.0488,1.0505,1.0419,0.99081,0.97254,1.0374,0.98325,1.0371,1.0265,1.0477,1.0438,1.0261,-0.34465,0.21878,-0.32804,1.0203,-1.1629,-1.2884,0.83448,-0.80179,-0.61258,0.49535,1.4233,0.6851,-2.815,0.55899,0.92821,0.80226,3.007,3.075,-6.2081,-0.065924,-0.059999,2.889,2.1505,2.0246,-1.6921,1.8583,0.98554,0.74697,-0.7086,-1.1094,0.64255,1.0898,0.96384,0.85967,0.073696,0.66028,-0.62109,0.56839,-1.0803,0.54872,1.2353,0.56326,0.5314,0.43741,0.8429,-0.58219,4.311,14.405,-10.625,-20.857,6.3139
1.276,1.2766,1.2761,1.276,1.2766,1.2763,1.2764,1.2759,1.2765,1.2763,22.356,22.413,22.368,22.38,22.412,22.428,22.384,22.371,22.339,22.506,22.479,22.476,22.481,22.422,22.368,22.375,22.372,22.362,22.423,22.383,22.406,22.473,22.469,22.373,22.429,22.439,22.387,22.476,22.518,22.475,22.542,22.778,22.502,22.459,22.553,22.598,22.534,22.627,22.324,1.4162,0,6.868,0,-0.44849,0,0,0,0,0,1.4162,0,6.868,0,-0.44849,0,0,0,0,0,0,0,0,0,0,0,0,0,0,0,0,0,0,0,0,0,0,0,0,0,0,0,0,0,1.4255,-3.536,0,0,0,0,0,0,0,0,0,0,0,0,0,1.0461,1.045,1.0221,0.99886,0.99427,0.99717,0.94151,0.95527,1.0114,1.0092,1.0039,0.99127,1.0058,1.002,0.99532,1.0076,1.016,1.017,1.0409,0.986,1.0147,1.0407,1.0353,1.0152,1.054,1.045,1.0257,1.0488,1.0505,1.0419,0.99081,0.97254,1.0374,0.98325,1.0371,1.0265,1.0477,1.0438,1.0261,-0.34452,0.21868,-0.32829,1.0209,-1.1631,-1.2885,0.83443,-0.80212,-0.61253,0.49551,1.4239,0.68542,-2.8145,0.5591,0.92826,0.80227,3.0067,3.0752,-6.2081,-0.065956,-0.059988,2.8891,2.1506,2.0247,-1.6922,1.8585,0.98549,0.74696,-0.70858,-1.1095,0.6434,1.0892,0.96308,0.85965,0.073774,0.66037,-0.62108,0.56798,-1.0806,0.54916,1.2353,0.5631,0.53126,0.43732,0.84267,-0.5822,4.311,14.405,-10.625,-20.857,6.3139
1.2759,1.2768,1.276,1.276,1.2766,1.2763,1.2764,1.2759,1.2765,1.2763,22.483,22.541,22.495,22.508,22.54,22.556,22.512,22.498,22.467,22.634,22.607,22.604,22.608,22.55,22.496,22.503,22.499,22.489,22.551,22.511,22.533,22.601,22.597,22.501,22.557,22.567,22.515,22.604,22.646,22.603,22.67,22.905,22.63,22.586,22.681,22.725,22.662,22.755,22.451,1.4162,0,6.868,0,-0.44849,0,0,0,0,0,1.4162,0,6.868,0,-0.44849,0,0,0,0,0,0,0,0,0,0,0,0,0,0,0,0,0,0,0,0,0,0,0,0,0,0,0,0,0,1.4255,-3.536,0,0,0,0,0,0,0,0,0,0,0,0,0,1.0461,1.045,1.0221,0.99886,0.99427,0.99717,0.94151,0.95527,1.0114,1.0092,1.0039,0.99127,1.0058,1.002,0.99532,1.0076,1.016,1.017,1.0409,0.986,1.0147,1.0407,1.0353,1.0152,1.054,1.045,1.0257,1.0488,1.0505,1.0419,0.99081,0.97254,1.0374,0.98325,1.0371,1.0265,1.0477,1.0438,1.0261,-0.3444,0.21859,-0.32852,1.0213,-1.1632,-1.2887,0.83439,-0.8024,-0.61248,0.49565,1.4246,0.68571,-2.8141,0.55919,0.92831,0.80228,3.0064,3.0753,-6.2082,-0.065985,-0.059978,2.8892,2.1507,2.0247,-1.6922,1.8587,0.98544,0.74695,-0.70856,-1.1095,0.64416,1.0886,0.96239,0.85963,0.073842,0.66046,-0.62108,0.56761,-1.0809,0.54956,1.2353,0.56297,0.53113,0.43723,0.84247,-0.5822,4.311,14.405,-10.625,-20.857,6.3139
1.2758,1.2769,1.276,1.2759,1.2767,1.2763,1.2764,1.2759,1.2765,1.2763,22.611,22.669,22.623,22.636,22.667,22.684,22.64,22.626,22.595,22.762,22.734,22.731,22.736,22.677,22.624,22.631,22.627,22.617,22.678,22.638,22.661,22.729,22.725,22.628,22.684,22.694,22.642,22.731,22.773,22.731,22.798,23.033,22.758,22.714,22.808,22.853,22.789,22.882,22.579,1.4162,0,6.868,0,-0.44849,0,0,0,0,0,1.4162,0,6.868,0,-0.44849,0,0,0,0,0,0,0,0,0,0,0,0,0,0,0,0,0,0,0,0,0,0,0,0,0,0,0,0,0,1.4255,-3.536,0,0,0,0,0,0,0,0,0,0,0,0,0,1.0461,1.045,1.0221,0.99886,0.99427,0.99717,0.94151,0.95527,1.0114,1.0092,1.0039,0.99127,1.0058,1.002,0.99532,1.0076,1.016,1.017,1.0409,0.986,1.0147,1.0407,1.0353,1.0152,1.054,1.045,1.0257,1.0488,1.0505,1.0419,0.99081,0.97254,1.0374,0.98325,1.0371,1.0265,1.0477,1.0438,1.0261,-0.3443,0.21851,-0.32872,1.0218,-1.1634,-1.2888,0.83435,-0.80266,-0.61244,0.49578,1.4251,0.68596,-2.8137,0.55928,0.92835,0.80228,3.0062,3.0755,-6.2083,-0.06601,-0.059969,2.8893,2.1507,2.0248,-1.6922,1.8588,0.9854,0.74694,-0.70854,-1.1095,0.64481,1.088,0.9618,0.85962,0.073901,0.66053,-0.62107,0.56728,-1.0812,0.54991,1.2353,0.56285,0.53102,0.43716,0.84229,-0.5822,4.311,14.405,-10.625,-20.857,6.3139
1.2757,1.277,1.2759,1.2759,1.2767,1.2763,1.2764,1.2759,1.2765,1.2763,22.738,22.796,22.751,22.763,22.795,22.811,22.767,22.754,22.722,22.889,22.862,22.859,22.864,22.805,22.751,22.758,22.754,22.745,22.806,22.766,22.789,22.856,22.852,22.756,22.812,22.822,22.77,22.859,22.901,22.858,22.925,23.161,22.885,22.842,22.936,22.981,22.917,23.01,22.707,1.4162,0,6.868,0,-0.44849,0,0,0,0,0,1.4162,0,6.868,0,-0.44849,0,0,0,0,0,0,0,0,0,0,0,0,0,0,0,0,0,0,0,0,0,0,0,0,0,0,0,0,0,1.4255,-3.536,0,0,0,0,0,0,0,0,0,0,0,0,0,1.0461,1.045,1.0221,0.99886,0.99427,0.99717,0.94151,0.95527,1.0114,1.0092,1.0039,0.99127,1.0058,1.002,0.99532,1.0076,1.016,1.017,1.0409,0.986,1.0147,1.0407,1.0353,1.0152,1.054,1.045,1.0257,1.0488,1.0505,1.0419,0.99081,0.97254,1.0374,0.98324,1.0371,1.0265,1.0477,1.0438,1.0261,-0.34421,0.21844,-0.32889,1.0221,-1.1635,-1.2889,0.83431,-0.80287,-0.61241,0.49588,1.4255,0.68617,-2.8134,0.55935,0.92839,0.80228,3.006,3.0756,-6.2084,-0.066031,-0.059962,2.8893,2.1508,2.0248,-1.6923,1.859,0.98537,0.74692,-0.70853,-1.1096,0.64538,1.0876,0.96129,0.8596,0.073951,0.66059,-0.62107,0.56701,-1.0814,0.55021,1.2353,0.56274,0.53093,0.43709,0.84214,-0.58219,4.311,14.405,-10.625,-20.857,6.3139
1.2757,1.277,1.2758,1.2759,1.2767,1.2763,1.2764,1.2759,1.2766,1.2763,22.866,22.924,22.878,22.891,22.923,22.939,22.895,22.881,22.85,23.017,22.99,22.987,22.991,22.933,22.879,22.886,22.882,22.872,22.933,22.894,22.916,22.984,22.98,22.884,22.94,22.95,22.897,22.987,23.029,22.986,23.053,23.288,23.013,22.969,23.064,23.108,23.044,23.138,22.834,1.4162,0,6.868,0,-0.44849,0,0,0,0,0,1.4162,0,6.868,0,-0.44849,0,0,0,0,0,0,0,0,0,0,0,0,0,0,0,0,0,0,0,0,0,0,0,0,0,0,0,0,0,1.4255,-3.536,0,0,0,0,0,0,0,0,0,0,0,0,0,1.0461,1.045,1.0221,0.99886,0.99427,0.99717,0.94151,0.95527,1.0114,1.0092,1.0039,0.99127,1.0058,1.002,0.99532,1.0076,1.016,1.017,1.0409,0.986,1.0147,1.0407,1.0353,1.0152,1.054,1.045,1.0257,1.0488,1.0505,1.0419,0.99081,0.97254,1.0374,0.98324,1.0371,1.0265,1.0477,1.0438,1.0261,-0.34413,0.21838,-0.32904,1.0224,-1.1636,-1.289,0.83428,-0.80305,-0.61238,0.49597,1.4259,0.68634,-2.8131,0.55941,0.92842,0.80229,3.0059,3.0757,-6.2084,-0.066049,-0.059955,2.8894,2.1508,2.0249,-1.6923,1.8591,0.98534,0.74692,-0.70851,-1.1096,0.64584,1.0872,0.96087,0.85959,0.073991,0.66064,-0.62106,0.56678,-1.0816,0.55046,1.2353,0.56265,0.53085,0.43704,0.84201,-0.58218,4.311,14.405,-10.625,-20.857,6.3139
1.2756,1.2771,1.2758,1.2759,1.2768,1.2763,1.2764,1.2759,1.2766,1.2763,22.994,23.051,23.006,23.018,23.05,23.067,23.022,23.009,22.977,23.144,23.117,23.114,23.119,23.06,23.007,23.014,23.01,23,23.061,23.021,23.044,23.112,23.107,23.011,23.067,23.077,23.025,23.114,23.156,23.113,23.18,23.416,23.14,23.097,23.191,23.236,23.172,23.265,22.962,1.4162,0,6.868,0,-0.44849,0,0,0,0,0,1.4162,0,6.868,0,-0.44849,0,0,0,0,0,0,0,0,0,0,0,0,0,0,0,0,0,0,0,0,0,0,0,0,0,0,0,0,0,1.4255,-3.536,0,0,0,0,0,0,0,0,0,0,0,0,0,1.0461,1.045,1.0221,0.99886,0.99427,0.99717,0.94151,0.95527,1.0114,1.0092,1.0039,0.99127,1.0058,1.002,0.99532,1.0076,1.016,1.017,1.0409,0.986,1.0147,1.0407,1.0353,1.0152,1.054,1.045,1.0257,1.0488,1.0505,1.0419,0.99081,0.97254,1.0374,0.98324,1.0371,1.0265,1.0477,1.0438,1.0261,-0.34407,0.21833,-0.32916,1.0226,-1.1637,-1.2891,0.83426,-0.80319,-0.61236,0.49603,1.4262,0.68648,-2.8129,0.55946,0.92844,0.80229,3.0057,3.0757,-6.2084,-0.066063,-0.05995,2.8894,2.1509,2.0249,-1.6923,1.8592,0.98532,0.74691,-0.7085,-1.1096,0.64621,1.0869,0.96053,0.85958,0.074022,0.66068,-0.62106,0.5666,-1.0817,0.55066,1.2353,0.56258,0.53079,0.43699,0.8419,-0.58216,4.311,14.405,-10.625,-20.857,6.3139
1.2756,1.2771,1.2758,1.2759,1.2768,1.2764,1.2764,1.2759,1.2766,1.2763,23.121,23.179,23.134,23.146,23.178,23.194,23.15,23.137,23.105,23.272,23.245,23.242,23.246,23.188,23.134,23.141,23.137,23.128,23.189,23.149,23.171,23.239,23.235,23.139,23.195,23.205,23.153,23.242,23.284,23.241,23.308,23.544,23.268,23.224,23.319,23.364,23.3,23.393,23.089,1.4162,0,6.868,0,-0.44849,0,0,0,0,0,1.4162,0,6.868,0,-0.44849,0,0,0,0,0,0,0,0,0,0,0,0,0,0,0,0,0,0,0,0,0,0,0,0,0,0,0,0,0,1.4255,-3.536,0,0,0,0,0,0,0,0,0,0,0,0,0,1.0461,1.045,1.0221,0.99886,0.99427,0.99717,0.94151,0.95527,1.0114,1.0092,1.0039,0.99127,1.0058,1.002,0.99532,1.0076,1.016,1.017,1.0409,0.986,1.0147,1.0407,1.0353,1.0152,1.054,1.045,1.0257,1.0488,1.0505,1.0419,0.99081,0.97254,1.0374,0.98324,1.0371,1.0265,1.0477,1.0438,1.0261,-0.34402,0.21829,-0.32925,1.0228,-1.1637,-1.2892,0.83424,-0.8033,-0.61234,0.49608,1.4264,0.68657,-2.8128,0.55949,0.92845,0.80229,3.0056,3.0758,-6.2085,-0.066073,-0.059946,2.8895,2.1509,2.0249,-1.6923,1.8592,0.9853,0.7469,-0.70848,-1.1097,0.64648,1.0867,0.96029,0.85957,0.074043,0.66071,-0.62105,0.56647,-1.0818,0.5508,1.2353,0.56253,0.53074,0.43696,0.84182,-0.58214,4.311,14.405,-10.625,-20.857,6.3139
1.2755,1.2772,1.2757,1.2759,1.2768,1.2764,1.2764,1.2759,1.2766,1.2763,23.249,23.307,23.261,23.274,23.305,23.322,23.278,23.264,23.233,23.4,23.373,23.369,23.374,23.315,23.262,23.269,23.265,23.255,23.316,23.277,23.299,23.367,23.363,23.267,23.322,23.332,23.28,23.369,23.412,23.369,23.436,23.671,23.396,23.352,23.446,23.491,23.427,23.521,23.217,1.4162,0,6.868,0,-0.44849,0,0,0,0,0,1.4162,0,6.868,0,-0.44849,0,0,0,0,0,0,0,0,0,0,0,0,0,0,0,0,0,0,0,0,0,0,0,0,0,0,0,0,0,1.4255,-3.536,0,0,0,0,0,0,0,0,0,0,0,0,0,1.0461,1.045,1.0221,0.99886,0.99427,0.99717,0.94151,0.95527,1.0114,1.0092,1.0039,0.99127,1.0058,1.002,0.99532,1.0076,1.016,1.017,1.0409,0.986,1.0147,1.0407,1.0353,1.0152,1.054,1.045,1.0257,1.0488,1.0505,1.0419,0.99081,0.97254,1.0374,0.98324,1.0371,1.0265,1.0477,1.0438,1.0261,-0.34398,0.21826,-0.32932,1.0229,-1.1637,-1.2892,0.83422,-0.80338,-0.61233,0.49611,1.4266,0.68663,-2.8127,0.55951,0.92846,0.80229,3.0056,3.0758,-6.2085,-0.06608,-0.059944,2.8895,2.1509,2.0249,-1.6923,1.8593,0.98528,0.74689,-0.70847,-1.1097,0.64666,1.0865,0.96013,0.85956,0.074055,0.66073,-0.62105,0.56639,-1.0819,0.5509,1.2353,0.56249,0.5307,0.43693,0.84176,-0.58212,4.311,14.405,-10.625,-20.857,6.3139
1.2755,1.2772,1.2757,1.2759,1.2768,1.2764,1.2764,1.2759,1.2766,1.2763,23.377,23.434,23.389,23.401,23.433,23.449,23.405,23.392,23.36,23.527,23.5,23.497,23.502,23.443,23.389,23.396,23.393,23.383,23.444,23.404,23.427,23.495,23.49,23.394,23.45,23.46,23.408,23.497,23.539,23.496,23.563,23.799,23.523,23.48,23.574,23.619,23.555,23.648,23.345,1.4162,0,6.868,0,-0.44849,0,0,0,0,0,1.4162,0,6.868,0,-0.44849,0,0,0,0,0,0,0,0,0,0,0,0,0,0,0,0,0,0,0,0,0,0,0,0,0,0,0,0,0,1.4255,-3.536,0,0,0,0,0,0,0,0,0,0,0,0,0,1.0461,1.045,1.0221,0.99886,0.99427,0.99717,0.94151,0.95527,1.0114,1.0092,1.0039,0.99127,1.0058,1.002,0.99532,1.0076,1.016,1.017,1.0409,0.986,1.0147,1.0407,1.0353,1.0152,1.054,1.045,1.0257,1.0488,1.0505,1.0419,0.99081,0.97254,1.0374,0.98324,1.0371,1.0265,1.0477,1.0438,1.0261,-0.34396,0.21824,-0.32935,1.0229,-1.1637,-1.2893,0.83421,-0.80341,-0.61233,0.49612,1.4266,0.68666,-2.8126,0.55952,0.92847,0.80229,3.0055,3.0758,-6.2085,-0.066083,-0.059942,2.8895,2.1509,2.0249,-1.6923,1.8593,0.98528,0.74689,-0.70846,-1.1097,0.64674,1.0865,0.96005,0.85955,0.074058,0.66074,-0.62104,0.56635,-1.082,0.55095,1.2353,0.56247,0.53068,0.43692,0.84173,-0.58209,4.311,14.405,-10.625,-20.857,6.3139
1.2756,1.2772,1.2757,1.276,1.2767,1.2764,1.2764,1.2759,1.2766,1.2763,23.504,23.562,23.516,23.529,23.561,23.577,23.533,23.519,23.488,23.655,23.628,23.625,23.629,23.571,23.517,23.524,23.52,23.51,23.572,23.532,23.554,23.622,23.618,23.522,23.578,23.588,23.536,23.625,23.667,23.624,23.691,23.927,23.651,23.607,23.702,23.746,23.682,23.776,23.472,1.4162,0,6.868,0,-0.44849,0,0,0,0,0,1.4162,0,6.868,0,-0.44849,0,0,0,0,0,0,0,0,0,0,0,0,0,0,0,0,0,0,0,0,0,0,0,0,0,0,0,0,0,1.4255,-3.536,0,0,0,0,0,0,0,0,0,0,0,0,0,1.0461,1.045,1.0221,0.99886,0.99427,0.99717,0.94151,0.95527,1.0114,1.0092,1.0039,0.99127,1.0058,1.002,0.99532,1.0076,1.016,1.017,1.0409,0.986,1.0147,1.0407,1.0353,1.0152,1.054,1.045,1.0257,1.0488,1.0505,1.0419,0.99081,0.97254,1.0374,0.98324,1.0371,1.0265,1.0477,1.0438,1.0261,-0.34395,0.21823,-0.32937,1.0229,-1.1637,-1.2893,0.8342,-0.80341,-0.61233,0.49611,1.4266,0.68665,-2.8126,0.55952,0.92847,0.80229,3.0055,3.0758,-6.2084,-0.066082,-0.059941,2.8895,2.1509,2.0249,-1.6923,1.8593,0.98527,0.74689,-0.70845,-1.1097,0.64672,1.0865,0.96006,0.85955,0.074051,0.66073,-0.62104,0.56636,-1.082,0.55095,1.2353,0.56247,0.53068,0.43691,0.84172,-0.58206,4.311,14.405,-10.625,-20.857,6.3139
1.2756,1.2771,1.2757,1.276,1.2767,1.2764,1.2764,1.276,1.2765,1.2763,23.632,23.69,23.644,23.657,23.688,23.705,23.661,23.647,23.616,23.783,23.756,23.752,23.757,23.698,23.645,23.652,23.648,23.638,23.699,23.659,23.682,23.75,23.746,23.649,23.705,23.715,23.663,23.752,23.794,23.752,23.819,24.054,23.779,23.735,23.829,23.874,23.81,23.904,23.6,1.4162,0,6.868,0,-0.44849,0,0,0,0,0,1.4162,0,6.868,0,-0.44849,0,0,0,0,0,0,0,0,0,0,0,0,0,0,0,0,0,0,0,0,0,0,0,0,0,0,0,0,0,1.4255,-3.536,0,0,0,0,0,0,0,0,0,0,0,0,0,1.0461,1.045,1.0221,0.99886,0.99427,0.99717,0.94151,0.95527,1.0114,1.0092,1.0039,0.99127,1.0058,1.002,0.99532,1.0076,1.016,1.017,1.0409,0.986,1.0147,1.0407,1.0353,1.0152,1.054,1.045,1.0257,1.0488,1.0505,1.0419,0.99081,0.97254,1.0374,0.98324,1.0371,1.0265,1.0477,1.0438,1.0261,-0.34396,0.21823,-0.32935,1.0228,-1.1636,-1.2893,0.8342,-0.80338,-0.61233,0.49608,1.4265,0.68659,-2.8127,0.5595,0.92846,0.80229,3.0056,3.0758,-6.2084,-0.066078,-0.059942,2.8895,2.1509,2.0249,-1.6923,1.8592,0.98528,0.74689,-0.70845,-1.1097,0.64661,1.0866,0.96016,0.85955,0.074035,0.66071,-0.62104,0.56642,-1.0819,0.5509,1.2353,0.56249,0.53069,0.43692,0.84174,-0.58202,4.311,14.405,-10.625,-20.857,6.3139
1.2756,1.2771,1.2758,1.276,1.2767,1.2764,1.2764,1.276,1.2765,1.2763,23.759,23.817,23.772,23.784,23.816,23.832,23.788,23.775,23.743,23.91,23.883,23.88,23.885,23.826,23.772,23.779,23.775,23.766,23.827,23.787,23.81,23.877,23.873,23.777,23.833,23.843,23.791,23.88,23.922,23.879,23.946,24.182,23.906,23.863,23.957,24.002,23.938,24.031,23.728,1.4162,0,6.868,0,-0.44849,0,0,0,0,0,1.4162,0,6.868,0,-0.44849,0,0,0,0,0,0,0,0,0,0,0,0,0,0,0,0,0,0,0,0,0,0,0,0,0,0,0,0,0,1.4255,-3.536,0,0,0,0,0,0,0,0,0,0,0,0,0,1.0461,1.045,1.0221,0.99886,0.99427,0.99717,0.94151,0.95527,1.0114,1.0092,1.0039,0.99127,1.0058,1.002,0.99532,1.0076,1.016,1.017,1.0409,0.986,1.0147,1.0407,1.0353,1.0152,1.054,1.045,1.0257,1.0488,1.0505,1.0419,0.99081,0.97254,1.0374,0.98324,1.0371,1.0265,1.0477,1.0438,1.0261,-0.34398,0.21824,-0.32931,1.0227,-1.1635,-1.2892,0.83421,-0.80331,-0.61235,0.49604,1.4264,0.68651,-2.8128,0.55947,0.92844,0.80229,3.0056,3.0757,-6.2084,-0.06607,-0.059944,2.8894,2.1509,2.0249,-1.6923,1.8592,0.98529,0.74689,-0.70844,-1.1097,0.6464,1.0867,0.96035,0.85955,0.074009,0.66068,-0.62103,0.56653,-1.0819,0.5508,1.2353,0.56252,0.53072,0.43693,0.84178,-0.58198,4.311,14.405,-10.625,-20.857,6.3139
1.2757,1.277,1.2758,1.2761,1.2766,1.2764,1.2763,1.276,1.2765,1.2763,23.887,23.945,23.899,23.912,23.944,23.96,23.916,23.902,23.871,24.038,24.011,24.008,24.012,23.954,23.9,23.907,23.903,23.893,23.954,23.915,23.937,24.005,24.001,23.905,23.961,23.971,23.918,24.008,24.05,24.007,24.074,24.309,24.034,23.99,24.085,24.129,24.065,24.159,23.855,1.4162,0,6.868,0,-0.44849,0,0,0,0,0,1.4162,0,6.868,0,-0.44849,0,0,0,0,0,0,0,0,0,0,0,0,0,0,0,0,0,0,0,0,0,0,0,0,0,0,0,0,0,1.4255,-3.536,0,0,0,0,0,0,0,0,0,0,0,0,0,1.0461,1.045,1.0221,0.99886,0.99427,0.99717,0.94151,0.95527,1.0114,1.0092,1.0039,0.99127,1.0058,1.002,0.99532,1.0076,1.016,1.017,1.0409,0.986,1.0147,1.0407,1.0353,1.0152,1.054,1.045,1.0257,1.0488,1.0505,1.0419,0.99081,0.97254,1.0374,0.98324,1.0371,1.0265,1.0477,1.0438,1.0261,-0.34401,0.21826,-0.32924,1.0225,-1.1634,-1.2892,0.83421,-0.8032,-0.61237,0.49597,1.4261,0.68638,-2.8129,0.55943,0.92842,0.80229,3.0057,3.0757,-6.2083,-0.066058,-0.059947,2.8894,2.1509,2.0249,-1.6922,1.8591,0.9853,0.74689,-0.70844,-1.1096,0.64609,1.087,0.96062,0.85955,0.073974,0.66064,-0.62103,0.56668,-1.0818,0.55065,1.2353,0.56256,0.53076,0.43696,0.84184,-0.58194,4.311,14.405,-10.625,-20.857,6.3139
1.2757,1.2769,1.2758,1.2761,1.2765,1.2764,1.2763,1.2761,1.2765,1.2763,24.015,24.072,24.027,24.04,24.071,24.088,24.043,24.03,23.998,24.165,24.138,24.135,24.14,24.081,24.028,24.035,24.031,24.021,24.082,24.042,24.065,24.133,24.128,24.032,24.088,24.098,24.046,24.135,24.177,24.134,24.201,24.437,24.161,24.118,24.212,24.257,24.193,24.286,23.983,1.4162,0,6.868,0,-0.44849,0,0,0,0,0,1.4162,0,6.868,0,-0.44849,0,0,0,0,0,0,0,0,0,0,0,0,0,0,0,0,0,0,0,0,0,0,0,0,0,0,0,0,0,1.4255,-3.536,0,0,0,0,0,0,0,0,0,0,0,0,0,1.0461,1.045,1.0221,0.99886,0.99427,0.99717,0.94151,0.95527,1.0114,1.0092,1.0039,0.99127,1.0058,1.002,0.99532,1.0076,1.016,1.017,1.0409,0.986,1.0147,1.0407,1.0353,1.0152,1.054,1.045,1.0257,1.0488,1.0505,1.0419,0.99081,0.97254,1.0374,0.98324,1.0371,1.0265,1.0477,1.0438,1.0261,-0.34406,0.21829,-0.32914,1.0222,-1.1632,-1.2891,0.83422,-0.80306,-0.61239,0.49589,1.4258,0.68622,-2.8132,0.55938,0.92839,0.80228,3.0058,3.0756,-6.2082,-0.066043,-0.059951,2.8894,2.1508,2.0248,-1.6922,1.859,0.98532,0.74689,-0.70844,-1.1096,0.64569,1.0873,0.96098,0.85955,0.073929,0.66059,-0.62103,0.56688,-1.0816,0.55046,1.2353,0.56263,0.53082,0.43699,0.84193,-0.58189,4.311,14.405,-10.625,-20.857,6.3139
1.2758,1.2768,1.2759,1.2762,1.2765,1.2764,1.2763,1.2762,1.2764,1.2763,24.142,24.2,24.155,24.167,24.199,24.215,24.171,24.158,24.126,24.293,24.266,24.263,24.267,24.209,24.155,24.162,24.158,24.149,24.21,24.17,24.192,24.26,24.256,24.16,24.216,24.226,24.174,24.263,24.305,24.262,24.329,24.565,24.289,24.245,24.34,24.385,24.321,24.414,24.11,1.4162,0,6.868,0,-0.44849,0,0,0,0,0,1.4162,0,6.868,0,-0.44849,0,0,0,0,0,0,0,0,0,0,0,0,0,0,0,0,0,0,0,0,0,0,0,0,0,0,0,0,0,1.4255,-3.536,0,0,0,0,0,0,0,0,0,0,0,0,0,1.0461,1.045,1.0221,0.99886,0.99427,0.99717,0.94151,0.95527,1.0114,1.0092,1.0039,0.99127,1.0058,1.002,0.99532,1.0076,1.016,1.017,1.0409,0.986,1.0147,1.0407,1.0353,1.0152,1.054,1.045,1.0257,1.0488,1.0505,1.0419,0.99081,0.97254,1.0374,0.98324,1.0371,1.0265,1.0477,1.0438,1.0261,-0.34412,0.21833,-0.32902,1.0219,-1.163,-1.289,0.83424,-0.80288,-0.61242,0.49578,1.4254,0.68602,-2.8134,0.55931,0.92836,0.80228,3.006,3.0755,-6.2081,-0.066025,-0.059957,2.8893,2.1508,2.0248,-1.6922,1.8589,0.98534,0.74689,-0.70844,-1.1096,0.64519,1.0877,0.96143,0.85956,0.073876,0.66053,-0.62102,0.56713,-1.0814,0.55021,1.2353,0.56271,0.53089,0.43704,0.84204,-0.58183,4.311,14.405,-10.625,-20.857,6.3139
1.2759,1.2767,1.276,1.2762,1.2764,1.2764,1.2763,1.2762,1.2764,1.2763,24.27,24.328,24.282,24.295,24.326,24.343,24.299,24.285,24.254,24.421,24.394,24.39,24.395,24.336,24.283,24.29,24.286,24.276,24.337,24.298,24.32,24.388,24.384,24.288,24.343,24.353,24.301,24.39,24.433,24.39,24.457,24.692,24.417,24.373,24.468,24.512,24.448,24.542,24.238,1.4162,0,6.868,0,-0.44849,0,0,0,0,0,1.4162,0,6.868,0,-0.44849,0,0,0,0,0,0,0,0,0,0,0,0,0,0,0,0,0,0,0,0,0,0,0,0,0,0,0,0,0,1.4255,-3.536,0,0,0,0,0,0,0,0,0,0,0,0,0,1.0461,1.045,1.0221,0.99886,0.99427,0.99717,0.94151,0.95527,1.0114,1.0092,1.0039,0.99127,1.0058,1.002,0.99532,1.0076,1.016,1.017,1.0409,0.986,1.0147,1.0407,1.0353,1.0152,1.054,1.045,1.0257,1.0488,1.0505,1.0419,0.99081,0.97254,1.0374,0.98325,1.0371,1.0265,1.0477,1.0438,1.0261,-0.34419,0.21838,-0.32887,1.0215,-1.1628,-1.2889,0.83426,-0.80267,-0.61246,0.49566,1.4249,0.68578,-2.8137,0.55923,0.92832,0.80228,3.0061,3.0754,-6.208,-0.066002,-0.059963,2.8892,2.1507,2.0247,-1.6921,1.8587,0.98537,0.7469,-0.70844,-1.1095,0.6446,1.0881,0.96196,0.85957,0.073812,0.66045,-0.62102,0.56742,-1.0812,0.54991,1.2353,0.5628,0.53098,0.43709,0.84218,-0.58177,4.311,14.405,-10.625,-20.857,6.3139
1.276,1.2766,1.276,1.2763,1.2763,1.2763,1.2762,1.2763,1.2763,1.2763,24.398,24.455,24.41,24.422,24.454,24.47,24.426,24.413,24.381,24.548,24.521,24.518,24.523,24.464,24.41,24.417,24.414,24.404,24.465,24.425,24.448,24.516,24.511,24.415,24.471,24.481,24.429,24.518,24.56,24.517,24.584,24.82,24.544,24.501,24.595,24.64,24.576,24.669,24.366,1.4162,0,6.868,0,-0.44849,0,0,0,0,0,1.4162,0,6.868,0,-0.44849,0,0,0,0,0,0,0,0,0,0,0,0,0,0,0,0,0,0,0,0,0,0,0,0,0,0,0,0,0,1.4255,-3.536,0,0,0,0,0,0,0,0,0,0,0,0,0,1.0461,1.045,1.0221,0.99886,0.99427,0.99717,0.94151,0.95527,1.0114,1.0092,1.0039,0.99127,1.0058,1.002,0.99532,1.0076,1.016,1.017,1.0409,0.986,1.0147,1.0407,1.0353,1.0152,1.054,1.045,1.0257,1.0488,1.0505,1.0419,0.99081,0.97254,1.0374,0.98325,1.0371,1.0265,1.0477,1.0438,1.0261,-0.34428,0.21844,-0.32869,1.021,-1.1626,-1.2888,0.83429,-0.80242,-0.61251,0.49552,1.4243,0.68551,-2.8141,0.55914,0.92828,0.80227,3.0063,3.0752,-6.2079,-0.065976,-0.059971,2.8892,2.1506,2.0247,-1.692,1.8586,0.98541,0.7469,-0.70844,-1.1095,0.6439,1.0887,0.96258,0.85958,0.073739,0.66037,-0.62102,0.56777,-1.081,0.54956,1.2353,0.56292,0.53108,0.43715,0.84234,-0.58171,4.311,14.405,-10.625,-20.857,6.3139
1.2761,1.2764,1.2761,1.2764,1.2762,1.2763,1.2762,1.2764,1.2762,1.2763,24.525,24.583,24.537,24.55,24.582,24.598,24.554,24.54,24.509,24.676,24.649,24.646,24.65,24.592,24.538,24.545,24.541,24.531,24.593,24.553,24.575,24.643,24.639,24.543,24.599,24.609,24.557,24.646,24.688,24.645,24.712,24.948,24.672,24.628,24.723,24.767,24.704,24.797,24.493,1.4162,0,6.868,0,-0.44849,0,0,0,0,0,1.4162,0,6.868,0,-0.44849,0,0,0,0,0,0,0,0,0,0,0,0,0,0,0,0,0,0,0,0,0,0,0,0,0,0,0,0,0,1.4255,-3.536,0,0,0,0,0,0,0,0,0,0,0,0,0,1.0461,1.045,1.0221,0.99886,0.99427,0.99717,0.94151,0.95527,1.0114,1.0092,1.0039,0.99127,1.0058,1.002,0.99532,1.0076,1.016,1.017,1.0409,0.986,1.0147,1.0407,1.0353,1.0152,1.054,1.045,1.0257,1.0488,1.0505,1.0419,0.99081,0.97254,1.0374,0.98325,1.0371,1.0265,1.0477,1.0438,1.0261,-0.34438,0.21851,-0.32849,1.0205,-1.1623,-1.2887,0.83432,-0.80213,-0.61256,0.49536,1.4236,0.6852,-2.8145,0.55904,0.92822,0.80226,3.0066,3.0751,-6.2078,-0.065946,-0.05998,2.8891,2.1505,2.0246,-1.692,1.8584,0.98545,0.74691,-0.70845,-1.1094,0.64312,1.0893,0.96329,0.85959,0.073657,0.66027,-0.62102,0.56816,-1.0807,0.54916,1.2353,0.56305,0.53119,0.43723,0.84253,-0.58165,4.311,14.405,-10.625,-20.857,6.3139
1.2763,1.2762,1.2762,1.2765,1.2761,1.2763,1.2762,1.2765,1.2762,1.2763,24.653,24.711,24.665,24.678,24.709,24.726,24.682,24.668,24.637,24.804,24.777,24.773,24.778,24.719,24.666,24.673,24.669,24.659,24.72,24.68,24.703,24.771,24.767,24.671,24.726,24.736,24.684,24.773,24.815,24.773,24.84,25.075,24.8,24.756,24.85,24.895,24.831,24.924,24.621,1.4162,0,6.868,0,-0.44849,0,0,0,0,0,1.4162,0,6.868,0,-0.44849,0,0,0,0,0,0,0,0,0,0,0,0,0,0,0,0,0,0,0,0,0,0,0,0,0,0,0,0,0,1.4255,-3.536,0,0,0,0,0,0,0,0,0,0,0,0,0,1.0461,1.045,1.0221,0.99886,0.99427,0.99717,0.94151,0.95527,1.0114,1.0092,1.0039,0.99127,1.0058,1.002,0.99532,1.0076,1.016,1.017,1.0409,0.986,1.0147,1.0407,1.0353,1.0152,1.054,1.045,1.0257,1.0488,1.0505,1.0419,0.99081,0.97254,1.0374,0.98325,1.0371,1.0265,1.0477,1.0438,1.0261,-0.34449,0.2186,-0.32826,1.0199,-1.162,-1.2885,0.83435,-0.80181,-0.61261,0.49518,1.4229,0.68485,-2.815,0.55892,0.92816,0.80226,3.0068,3.0749,-6.2077,-0.065913,-0.05999,2.889,2.1505,2.0245,-1.6919,1.8581,0.9855,0.74692,-0.70845,-1.1094,0.64223,1.09,0.96408,0.8596,0.073566,0.66016,-0.62101,0.5686,-1.0803,0.54871,1.2353,0.5632,0.53133,0.43731,0.84274,-0.58158,4.311,14.405,-10.625,-20.857,6.3139
1.2764,1.2761,1.2763,1.2765,1.276,1.2763,1.2762,1.2766,1.2761,1.2763,24.781,24.838,24.793,24.805,24.837,24.853,24.809,24.796,24.764,24.931,24.904,24.901,24.906,24.847,24.793,24.8,24.796,24.787,24.848,24.808,24.831,24.898,24.894,24.798,24.854,24.864,24.812,24.901,24.943,24.9,24.967,25.203,24.927,24.884,24.978,25.023,24.959,25.052,24.749,1.4162,0,6.8679,0,-0.44849,0,0,0,0,0,1.4162,0,6.868,0,-0.44849,0,0,0,0,0,0,0,0,0,0,0,0,0,0,0,0,0,0,0,0,0,0,0,0,0,0,0,0,0,1.4255,-3.536,0,0,0,0,0,0,0,0,0,0,0,0,0,1.0461,1.045,1.0221,0.99886,0.99427,0.99717,0.94151,0.95527,1.0114,1.0092,1.0039,0.99127,1.0058,1.002,0.99532,1.0076,1.016,1.017,1.0409,0.986,1.0147,1.0407,1.0353,1.0152,1.054,1.045,1.0257,1.0488,1.0505,1.0419,0.99081,0.97254,1.0374,0.98325,1.0371,1.0265,1.0477,1.0438,1.0261,-0.34461,0.21868,-0.32802,1.0193,-1.1617,-1.2883,0.83439,-0.80148,-0.61267,0.49499,1.4222,0.68449,-2.8155,0.5588,0.9281,0.80225,3.0071,3.0747,-6.2075,-0.065878,-0.060001,2.8889,2.1504,2.0245,-1.6918,1.8579,0.98555,0.74693,-0.70846,-1.1093,0.64131,1.0907,0.96491,0.85961,0.073471,0.66005,-0.62101,0.56905,-1.08,0.54825,1.2352,0.56335,0.53146,0.4374,0.84296,-0.58151,4.311,14.405,-10.625,-20.857,6.3139
1.2765,1.2759,1.2764,1.2766,1.2759,1.2763,1.2761,1.2766,1.276,1.2763,24.908,24.966,24.92,24.933,24.965,24.981,24.937,24.923,24.892,25.059,25.032,25.029,25.033,24.975,24.921,24.928,24.924,24.914,24.976,24.936,24.958,25.026,25.022,24.926,24.982,24.992,24.939,25.029,25.071,25.028,25.095,25.33,25.055,25.011,25.106,25.15,25.087,25.18,24.876,1.4162,0,6.8679,0,-0.44849,0,0,0,0,0,1.4162,0,6.868,0,-0.44849,0,0,0,0,0,0,0,0,0,0,0,0,0,0,0,0,0,0,0,0,0,0,0,0,0,0,0,0,0,1.4255,-3.536,0,0,0,0,0,0,0,0,0,0,0,0,0,1.0461,1.045,1.0221,0.99886,0.99427,0.99717,0.94151,0.95527,1.0114,1.0092,1.0039,0.99127,1.0058,1.002,0.99532,1.0076,1.016,1.017,1.0409,0.986,1.0147,1.0407,1.0353,1.0152,1.054,1.045,1.0257,1.0488,1.0505,1.0419,0.99081,0.97255,1.0374,0.98325,1.0371,1.0265,1.0477,1.0438,1.0261,-0.34473,0.21876,-0.32779,1.0187,-1.1615,-1.2882,0.83442,-0.80117,-0.61272,0.49482,1.4215,0.68415,-2.816,0.55868,0.92805,0.80224,3.0074,3.0745,-6.2074,-0.065847,-0.060011,2.8888,2.1503,2.0244,-1.6918,1.8577,0.98559,0.74693,-0.70847,-1.1092,0.64046,1.0914,0.96567,0.85963,0.073384,0.65994,-0.62101,0.56947,-1.0797,0.54782,1.2352,0.56349,0.53159,0.43748,0.84317,-0.58144,4.311,14.405,-10.625,-20.857,6.3139
1.2767,1.2758,1.2765,1.2767,1.2758,1.2763,1.2761,1.2767,1.276,1.2763,25.036,25.093,25.048,25.061,25.092,25.109,25.064,25.051,25.019,25.186,25.159,25.156,25.161,25.102,25.049,25.056,25.052,25.042,25.103,25.063,25.086,25.154,25.15,25.053,25.109,25.119,25.067,25.156,25.198,25.155,25.222,25.458,25.183,25.139,25.233,25.278,25.214,25.307,25.004,1.4162,0,6.8679,0,-0.44849,0,0,0,0,0,1.4162,0,6.868,0,-0.44849,0,0,0,0,0,0,0,0,0,0,0,0,0,0,0,0,0,0,0,0,0,0,0,0,0,0,0,0,0,1.4255,-3.536,0,0,0,0,0,0,0,0,0,0,0,0,0,1.0461,1.045,1.0221,0.99886,0.99427,0.99717,0.94151,0.95527,1.0114,1.0092,1.0039,0.99127,1.0058,1.002,0.99532,1.0076,1.016,1.017,1.0409,0.986,1.0147,1.0407,1.0353,1.0152,1.054,1.045,1.0257,1.0488,1.0505,1.0419,0.99081,0.97255,1.0374,0.98325,1.0371,1.0265,1.0477,1.0438,1.0261,-0.34483,0.21883,-0.32759,1.0182,-1.1612,-1.2881,0.83445,-0.80089,-0.61277,0.49467,1.4208,0.68385,-2.8164,0.55858,0.928,0.80224,3.0076,3.0744,-6.2073,-0.065817,-0.06002,2.8887,2.1502,2.0243,-1.6917,1.8575,0.98563,0.74694,-0.70847,-1.1092,0.63969,1.092,0.96637,0.85964,0.073305,0.65985,-0.62101,0.56986,-1.0794,0.54742,1.2352,0.56362,0.53171,0.43755,0.84336,-0.58139,4.311,14.405,-10.625,-20.857,6.3139
1.2768,1.2756,1.2766,1.2767,1.2757,1.2763,1.2761,1.2768,1.2759,1.2763,25.163,25.221,25.176,25.188,25.22,25.236,25.192,25.179,25.147,25.314,25.287,25.284,25.288,25.23,25.176,25.183,25.179,25.17,25.231,25.191,25.214,25.281,25.277,25.181,25.237,25.247,25.195,25.284,25.326,25.283,25.35,25.586,25.31,25.266,25.361,25.406,25.342,25.435,25.131,1.4162,0,6.8679,0,-0.44849,0,0,0,0,0,1.4162,0,6.868,0,-0.44849,0,0,0,0,0,0,0,0,0,0,0,0,0,0,0,0,0,0,0,0,0,0,0,0,0,0,0,0,0,1.4255,-3.536,0,0,0,0,0,0,0,0,0,0,0,0,0,1.0461,1.045,1.0221,0.99886,0.99427,0.99717,0.94151,0.95527,1.0114,1.0092,1.0039,0.99127,1.0058,1.002,0.99532,1.0076,1.016,1.017,1.0409,0.986,1.0147,1.0407,1.0353,1.0152,1.054,1.045,1.0257,1.0488,1.0505,1.0419,0.99081,0.97255,1.0374,0.98325,1.0371,1.0265,1.0477,1.0438,1.0261,-0.34492,0.2189,-0.3274,1.0177,-1.161,-1.2879,0.83448,-0.80063,-0.61281,0.49453,1.4203,0.68357,-2.8167,0.55849,0.92795,0.80223,3.0078,3.0742,-6.2072,-0.065791,-0.060028,2.8886,2.1501,2.0243,-1.6917,1.8573,0.98567,0.74695,-0.70848,-1.1091,0.63898,1.0926,0.967,0.85965,0.073234,0.65976,-0.62101,0.57021,-1.0791,0.54706,1.2352,0.56374,0.53181,0.43762,0.84353,-0.58134,4.311,14.405,-10.625,-20.857,6.3139
1.2769,1.2755,1.2766,1.2768,1.2756,1.2762,1.2761,1.2768,1.2759,1.2762,25.291,25.349,25.303,25.316,25.347,25.364,25.32,25.306,25.275,25.442,25.415,25.411,25.416,25.357,25.304,25.311,25.307,25.297,25.358,25.319,25.341,25.409,25.405,25.309,25.365,25.375,25.322,25.411,25.453,25.411,25.478,25.713,25.438,25.394,25.489,25.533,25.469,25.563,25.259,1.4162,0,6.8679,0,-0.44849,0,0,0,0,0,1.4162,0,6.868,0,-0.44849,0,0,0,0,0,0,0,0,0,0,0,0,0,0,0,0,0,0,0,0,0,0,0,0,0,0,0,0,0,1.4255,-3.536,0,0,0,0,0,0,0,0,0,0,0,0,0,1.0461,1.045,1.0221,0.99886,0.99427,0.99717,0.94151,0.95527,1.0114,1.0092,1.0039,0.99127,1.0058,1.002,0.99532,1.0076,1.016,1.017,1.0409,0.986,1.0147,1.0407,1.0353,1.0152,1.054,1.045,1.0257,1.0488,1.0505,1.0419,0.9908,0.97255,1.0374,0.98325,1.0371,1.0265,1.0477,1.0438,1.0261,-0.34501,0.21896,-0.32723,1.0173,-1.1608,-1.2878,0.83451,-0.8004,-0.61285,0.4944,1.4197,0.68333,-2.8171,0.5584,0.92791,0.80223,3.008,3.0741,-6.2071,-0.065767,-0.060035,2.8886,2.1501,2.0242,-1.6916,1.8572,0.98571,0.74696,-0.70849,-1.1091,0.63835,1.0931,0.96757,0.85966,0.073171,0.65969,-0.62101,0.57052,-1.0789,0.54674,1.2352,0.56385,0.53191,0.43768,0.84368,-0.5813,4.311,14.405,-10.625,-20.857,6.3139
1.2769,1.2754,1.2767,1.2768,1.2756,1.2762,1.276,1.2769,1.2759,1.2762,25.419,25.476,25.431,25.443,25.475,25.491,25.447,25.434,25.402,25.569,25.542,25.539,25.544,25.485,25.432,25.439,25.435,25.425,25.486,25.446,25.469,25.537,25.532,25.436,25.492,25.502,25.45,25.539,25.581,25.538,25.605,25.841,25.565,25.522,25.616,25.661,25.597,25.69,25.387,1.4162,0,6.8679,0,-0.44849,0,0,0,0,0,1.4162,0,6.868,0,-0.44849,0,0,0,0,0,0,0,0,0,0,0,0,0,0,0,0,0,0,0,0,0,0,0,0,0,0,0,0,0,1.4255,-3.536,0,0,0,0,0,0,0,0,0,0,0,0,0,1.0461,1.045,1.0221,0.99886,0.99427,0.99717,0.94151,0.95527,1.0114,1.0092,1.0039,0.99127,1.0058,1.002,0.99532,1.0076,1.016,1.017,1.0409,0.986,1.0147,1.0407,1.0353,1.0152,1.054,1.045,1.0257,1.0488,1.0505,1.0419,0.9908,0.97255,1.0374,0.98325,1.0371,1.0265,1.0477,1.0438,1.0261,-0.34508,0.21902,-0.32707,1.017,-1.1606,-1.2877,0.83454,-0.80019,-0.61289,0.49429,1.4193,0.68311,-2.8174,0.55833,0.92787,0.80222,3.0082,3.074,-6.207,-0.065746,-0.060042,2.8885,2.15,2.0242,-1.6916,1.857,0.98574,0.74696,-0.70849,-1.1091,0.63779,1.0935,0.96807,0.85967,0.073115,0.65962,-0.62101,0.5708,-1.0787,0.54645,1.2352,0.56395,0.532,0.43774,0.84382,-0.58127,4.311,14.405,-10.625,-20.857,6.3139
1.277,1.2753,1.2767,1.2769,1.2755,1.2762,1.276,1.2769,1.2758,1.2762,25.546,25.604,25.559,25.571,25.603,25.619,25.575,25.561,25.53,25.697,25.67,25.667,25.671,25.613,25.559,25.566,25.562,25.552,25.614,25.574,25.596,25.664,25.66,25.564,25.62,25.63,25.578,25.667,25.709,25.666,25.733,25.968,25.693,25.649,25.744,25.788,25.725,25.818,25.514,1.4162,0,6.8679,0,-0.44849,0,0,0,0,0,1.4162,0,6.868,0,-0.44849,0,0,0,0,0,0,0,0,0,0,0,0,0,0,0,0,0,0,0,0,0,0,0,0,0,0,0,0,0,1.4255,-3.536,0,0,0,0,0,0,0,0,0,0,0,0,0,1.0461,1.045,1.0221,0.99886,0.99427,0.99717,0.94151,0.95527,1.0114,1.0092,1.0039,0.99127,1.0058,1.002,0.99532,1.0076,1.016,1.017,1.0409,0.986,1.0147,1.0407,1.0353,1.0152,1.054,1.045,1.0257,1.0488,1.0505,1.0419,0.9908,0.97255,1.0374,0.98325,1.0371,1.0265,1.0477,1.0438,1.0261,-0.34515,0.21907,-0.32694,1.0166,-1.1605,-1.2876,0.83456,-0.80001,-0.61292,0.49419,1.4189,0.68292,-2.8177,0.55827,0.92784,0.80222,3.0083,3.0739,-6.207,-0.065728,-0.060048,2.8884,2.1499,2.0241,-1.6915,1.8569,0.98576,0.74697,-0.7085,-1.109,0.6373,1.0939,0.96851,0.85968,0.073068,0.65956,-0.62101,0.57104,-1.0785,0.5462,1.2352,0.56403,0.53207,0.43779,0.84394,-0.58124,4.311,14.405,-10.625,-20.857,6.3139
1.2771,1.2752,1.2768,1.2769,1.2755,1.2762,1.276,1.277,1.2758,1.2762,25.674,25.732,25.686,25.699,25.73,25.747,25.703,25.689,25.658,25.825,25.798,25.794,25.799,25.74,25.687,25.694,25.69,25.68,25.741,25.701,25.724,25.792,25.788,25.692,25.747,25.757,25.705,25.794,25.836,25.794,25.861,26.096,25.821,25.777,25.871,25.916,25.852,25.945,25.642,1.4162,0,6.8679,0,-0.44849,0,0,0,0,0,1.4162,0,6.868,0,-0.44849,0,0,0,0,0,0,0,0,0,0,0,0,0,0,0,0,0,0,0,0,0,0,0,0,0,0,0,0,0,1.4255,-3.536,0,0,0,0,0,0,0,0,0,0,0,0,0,1.0461,1.045,1.0221,0.99886,0.99427,0.99717,0.94151,0.95527,1.0114,1.0092,1.0039,0.99127,1.0058,1.002,0.99532,1.0076,1.016,1.017,1.0409,0.986,1.0147,1.0407,1.0353,1.0152,1.054,1.045,1.0257,1.0488,1.0505,1.0419,0.9908,0.97255,1.0374,0.98325,1.0371,1.0265,1.0477,1.0438,1.0261,-0.34521,0.21911,-0.32682,1.0164,-1.1604,-1.2875,0.83458,-0.79986,-0.61294,0.49411,1.4185,0.68276,-2.8179,0.55821,0.92781,0.80221,3.0085,3.0738,-6.2069,-0.065712,-0.060053,2.8884,2.1499,2.0241,-1.6915,1.8568,0.98579,0.74698,-0.70851,-1.109,0.63688,1.0942,0.96889,0.85969,0.073028,0.65951,-0.62101,0.57125,-1.0783,0.54598,1.2352,0.5641,0.53214,0.43783,0.84405,-0.58123,4.311,14.405,-10.625,-20.857,6.3139
1.2771,1.2752,1.2768,1.2769,1.2755,1.2762,1.276,1.277,1.2758,1.2762,25.802,25.859,25.814,25.826,25.858,25.874,25.83,25.817,25.785,25.952,25.925,25.922,25.927,25.868,25.814,25.821,25.817,25.808,25.869,25.829,25.852,25.919,25.915,25.819,25.875,25.885,25.833,25.922,25.964,25.921,25.988,26.224,25.948,25.904,25.999,26.044,25.98,26.073,25.77,1.4162,0,6.8679,0,-0.44849,0,0,0,0,0,1.4162,0,6.868,0,-0.44849,0,0,0,0,0,0,0,0,0,0,0,0,0,0,0,0,0,0,0,0,0,0,0,0,0,0,0,0,0,1.4255,-3.536,0,0,0,0,0,0,0,0,0,0,0,0,0,1.0461,1.045,1.0221,0.99886,0.99427,0.99717,0.94151,0.95527,1.0114,1.0092,1.0039,0.99127,1.0058,1.002,0.99532,1.0076,1.016,1.017,1.0409,0.986,1.0147,1.0407,1.0353,1.0152,1.054,1.045,1.0257,1.0488,1.0505,1.0419,0.9908,0.97255,1.0374,0.98325,1.0371,1.0265,1.0477,1.0438,1.0261,-0.34526,0.21915,-0.32672,1.0161,-1.1603,-1.2875,0.8346,-0.79973,-0.61296,0.49404,1.4183,0.68263,-2.8181,0.55817,0.92779,0.80221,3.0086,3.0737,-6.2069,-0.065699,-0.060057,2.8884,2.1499,2.0241,-1.6915,1.8567,0.98581,0.74698,-0.70852,-1.109,0.63654,1.0945,0.9692,0.85969,0.072996,0.65947,-0.62101,0.57142,-1.0782,0.5458,1.2351,0.56416,0.53219,0.43787,0.84414,-0.58122,4.311,14.405,-10.625,-20.857,6.3139
1.2772,1.2751,1.2769,1.2769,1.2754,1.2762,1.276,1.277,1.2758,1.2762,25.929,25.987,25.941,25.954,25.986,26.002,25.958,25.944,25.913,26.08,26.053,26.05,26.054,25.996,25.942,25.949,25.945,25.935,25.997,25.957,25.979,26.047,26.043,25.947,26.003,26.013,25.96,26.05,26.092,26.049,26.116,26.351,26.076,26.032,26.127,26.171,26.108,26.201,25.897,1.4162,0,6.8679,0,-0.44849,0,0,0,0,0,1.4162,0,6.868,0,-0.44849,0,0,0,0,0,0,0,0,0,0,0,0,0,0,0,0,0,0,0,0,0,0,0,0,0,0,0,0,0,1.4255,-3.536,0,0,0,0,0,0,0,0,0,0,0,0,0,1.0461,1.045,1.0221,0.99886,0.99427,0.99717,0.94151,0.95527,1.0114,1.0092,1.0039,0.99127,1.0058,1.002,0.99532,1.0076,1.016,1.017,1.0409,0.986,1.0147,1.0407,1.0353,1.0152,1.054,1.045,1.0257,1.0488,1.0505,1.0419,0.9908,0.97255,1.0374,0.98325,1.0371,1.0265,1.0477,1.0438,1.0261,-0.3453,0.21918,-0.32664,1.016,-1.1602,-1.2874,0.83461,-0.79963,-0.61298,0.49399,1.418,0.68253,-2.8182,0.55813,0.92778,0.80221,3.0087,3.0737,-6.2068,-0.065689,-0.060061,2.8883,2.1498,2.024,-1.6915,1.8567,0.98582,0.74699,-0.70852,-1.1089,0.63626,1.0947,0.96945,0.8597,0.072972,0.65944,-0.62101,0.57155,-1.0781,0.54566,1.2351,0.56421,0.53224,0.4379,0.84421,-0.58121,4.311,14.405,-10.625,-20.857,6.3139
1.2772,1.2751,1.2769,1.2769,1.2754,1.2762,1.276,1.277,1.2758,1.2762,26.057,26.115,26.069,26.082,26.113,26.13,26.085,26.072,26.04,26.207,26.18,26.177,26.182,26.123,26.07,26.077,26.073,26.063,26.124,26.084,26.107,26.175,26.171,26.074,26.13,26.14,26.088,26.177,26.219,26.176,26.243,26.479,26.204,26.16,26.254,26.299,26.235,26.328,26.025,1.4162,0,6.8679,0,-0.44849,0,0,0,0,0,1.4162,0,6.868,0,-0.44849,0,0,0,0,0,0,0,0,0,0,0,0,0,0,0,0,0,0,0,0,0,0,0,0,0,0,0,0,0,1.4255,-3.536,0,0,0,0,0,0,0,0,0,0,0,0,0,1.0461,1.045,1.0221,0.99886,0.99427,0.99717,0.94151,0.95527,1.0114,1.0092,1.0039,0.99127,1.0058,1.002,0.99532,1.0076,1.016,1.017,1.0409,0.986,1.0147,1.0407,1.0353,1.0152,1.054,1.045,1.0257,1.0488,1.0505,1.0419,0.9908,0.97255,1.0374,0.98325,1.0371,1.0265,1.0477,1.0438,1.0261,-0.34533,0.21921,-0.32658,1.0158,-1.1602,-1.2874,0.83462,-0.79955,-0.61299,0.49396,1.4179,0.68245,-2.8183,0.5581,0.92776,0.8022,3.0087,3.0736,-6.2068,-0.065681,-0.060063,2.8883,2.1498,2.024,-1.6915,1.8566,0.98584,0.74699,-0.70853,-1.1089,0.63606,1.0949,0.96963,0.85971,0.072955,0.65942,-0.62102,0.57165,-1.078,0.54555,1.2351,0.56425,0.53227,0.43792,0.84427,-0.58122,4.311,14.405,-10.625,-20.857,6.3139
1.2772,1.275,1.2769,1.2769,1.2754,1.2762,1.276,1.277,1.2758,1.2762,26.184,26.242,26.197,26.209,26.241,26.257,26.213,26.2,26.168,26.335,26.308,26.305,26.309,26.251,26.197,26.204,26.2,26.191,26.252,26.212,26.235,26.302,26.298,26.202,26.258,26.268,26.216,26.305,26.347,26.304,26.371,26.607,26.331,26.287,26.382,26.427,26.363,26.456,26.153,1.4162,0,6.8679,0,-0.44849,0,0,0,0,0,1.4162,0,6.868,0,-0.44849,0,0,0,0,0,0,0,0,0,0,0,0,0,0,0,0,0,0,0,0,0,0,0,0,0,0,0,0,0,1.4255,-3.536,0,0,0,0,0,0,0,0,0,0,0,0,0,1.0461,1.045,1.0221,0.99886,0.99427,0.99717,0.94151,0.95527,1.0114,1.0092,1.0039,0.99127,1.0058,1.002,0.99532,1.0076,1.016,1.017,1.0409,0.986,1.0147,1.0407,1.0353,1.0152,1.054,1.045,1.0257,1.0488,1.0505,1.0419,0.9908,0.97255,1.0374,0.98325,1.0371,1.0265,1.0477,1.0438,1.0261,-0.34536,0.21923,-0.32653,1.0158,-1.1602,-1.2873,0.83463,-0.7995,-0.613,0.49393,1.4178,0.68241,-2.8184,0.55809,0.92775,0.8022,3.0088,3.0736,-6.2068,-0.065676,-0.060065,2.8883,2.1498,2.024,-1.6914,1.8566,0.98585,0.74699,-0.70854,-1.1089,0.63593,1.095,0.96975,0.85971,0.072947,0.6594,-0.62102,0.57171,-1.078,0.54548,1.2351,0.56428,0.5323,0.43794,0.84431,-0.58123,4.311,14.405,-10.625,-20.857,6.3139
1.2772,1.275,1.2769,1.2769,1.2754,1.2762,1.276,1.277,1.2758,1.2762,26.312,26.37,26.324,26.337,26.368,26.385,26.341,26.327,26.296,26.463,26.436,26.432,26.437,26.378,26.325,26.332,26.328,26.318,26.379,26.34,26.362,26.43,26.426,26.33,26.386,26.396,26.343,26.432,26.474,26.432,26.499,26.734,26.459,26.415,26.51,26.554,26.491,26.584,26.28,1.4162,0,6.8679,0,-0.44849,0,0,0,0,0,1.4162,0,6.868,0,-0.44849,0,0,0,0,0,0,0,0,0,0,0,0,0,0,0,0,0,0,0,0,0,0,0,0,0,0,0,0,0,1.4255,-3.536,0,0,0,0,0,0,0,0,0,0,0,0,0,1.0461,1.045,1.0221,0.99886,0.99427,0.99717,0.94151,0.95527,1.0114,1.0092,1.0039,0.99127,1.0058,1.002,0.99532,1.0076,1.016,1.017,1.0409,0.986,1.0147,1.0407,1.0353,1.0152,1.054,1.045,1.0257,1.0488,1.0505,1.0419,0.9908,0.97255,1.0374,0.98325,1.0371,1.0265,1.0477,1.0438,1.0261,-0.34537,0.21924,-0.3265,1.0157,-1.1602,-1.2873,0.83464,-0.79947,-0.613,0.49393,1.4177,0.68239,-2.8184,0.55808,0.92775,0.8022,3.0088,3.0736,-6.2068,-0.065674,-0.060066,2.8883,2.1498,2.024,-1.6915,1.8566,0.98585,0.747,-0.70854,-1.1089,0.63587,1.095,0.9698,0.85972,0.072946,0.6594,-0.62102,0.57174,-1.0779,0.54544,1.2351,0.56429,0.53231,0.43795,0.84434,-0.58125,4.311,14.405,-10.625,-20.857,6.3139
1.2772,1.2751,1.2769,1.2769,1.2755,1.2762,1.276,1.277,1.2758,1.2762,26.44,26.497,26.452,26.464,26.496,26.512,26.468,26.455,26.423,26.59,26.563,26.56,26.565,26.506,26.453,26.46,26.456,26.446,26.507,26.467,26.49,26.558,26.553,26.457,26.513,26.523,26.471,26.56,26.602,26.559,26.626,26.862,26.587,26.543,26.637,26.682,26.618,26.711,26.408,1.4162,0,6.8679,0,-0.44849,0,0,0,0,0,1.4162,0,6.868,0,-0.44849,0,0,0,0,0,0,0,0,0,0,0,0,0,0,0,0,0,0,0,0,0,0,0,0,0,0,0,0,0,1.4255,-3.536,0,0,0,0,0,0,0,0,0,0,0,0,0,1.0461,1.045,1.0221,0.99886,0.99427,0.99717,0.94151,0.95527,1.0114,1.0092,1.0039,0.99127,1.0058,1.002,0.99532,1.0076,1.016,1.017,1.0409,0.986,1.0147,1.0407,1.0353,1.0152,1.054,1.045,1.0257,1.0488,1.0505,1.0419,0.9908,0.97255,1.0374,0.98325,1.0371,1.0265,1.0477,1.0438,1.0261,-0.34538,0.21925,-0.32649,1.0157,-1.1602,-1.2873,0.83465,-0.79947,-0.613,0.49393,1.4178,0.6824,-2.8184,0.55808,0.92775,0.8022,3.0088,3.0736,-6.2068,-0.065675,-0.060067,2.8883,2.1498,2.024,-1.6915,1.8566,0.98585,0.747,-0.70855,-1.1089,0.63589,1.095,0.96979,0.85972,0.072954,0.6594,-0.62102,0.57173,-1.0779,0.54544,1.2351,0.5643,0.53231,0.43796,0.84435,-0.58128,4.311,14.405,-10.625,-20.857,6.3139
1.2772,1.2751,1.2769,1.2769,1.2755,1.2762,1.276,1.2769,1.2758,1.2762,26.567,26.625,26.58,26.592,26.624,26.64,26.596,26.582,26.551,26.718,26.691,26.688,26.692,26.634,26.58,26.587,26.583,26.574,26.635,26.595,26.617,26.685,26.681,26.585,26.641,26.651,26.599,26.688,26.73,26.687,26.754,26.99,26.714,26.67,26.765,26.809,26.746,26.839,26.535,1.4162,0,6.8679,0,-0.44849,0,0,0,0,0,1.4162,0,6.868,0,-0.44849,0,0,0,0,0,0,0,0,0,0,0,0,0,0,0,0,0,0,0,0,0,0,0,0,0,0,0,0,0,1.4255,-3.536,0,0,0,0,0,0,0,0,0,0,0,0,0,1.0461,1.045,1.0221,0.99886,0.99427,0.99717,0.94151,0.95527,1.0114,1.0092,1.0039,0.99127,1.0058,1.002,0.99532,1.0076,1.016,1.017,1.0409,0.986,1.0147,1.0407,1.0353,1.0152,1.054,1.045,1.0257,1.0488,1.0505,1.0419,0.9908,0.97255,1.0374,0.98325,1.0371,1.0265,1.0477,1.0438,1.0261,-0.34538,0.21925,-0.3265,1.0158,-1.1603,-1.2873,0.83465,-0.7995,-0.61299,0.49396,1.4178,0.68244,-2.8184,0.5581,0.92776,0.8022,3.0088,3.0736,-6.2068,-0.065678,-0.060066,2.8883,2.1498,2.024,-1.6915,1.8566,0.98585,0.747,-0.70856,-1.1089,0.63597,1.095,0.96972,0.85972,0.072969,0.65941,-0.62103,0.57168,-1.0779,0.54547,1.2351,0.56429,0.53231,0.43796,0.84434,-0.58131,4.311,14.405,-10.625,-20.857,6.3139
1.2772,1.2751,1.2769,1.2768,1.2755,1.2762,1.276,1.2769,1.2758,1.2762,26.695,26.753,26.707,26.72,26.751,26.768,26.724,26.71,26.679,26.846,26.819,26.815,26.82,26.761,26.708,26.715,26.711,26.701,26.762,26.722,26.745,26.813,26.809,26.713,26.768,26.778,26.726,26.815,26.857,26.815,26.882,27.117,26.842,26.798,26.892,26.937,26.873,26.966,26.663,1.4162,0,6.8679,0,-0.44849,0,0,0,0,0,1.4162,0,6.868,0,-0.44849,0,0,0,0,0,0,0,0,0,0,0,0,0,0,0,0,0,0,0,0,0,0,0,0,0,0,0,0,0,1.4255,-3.536,0,0,0,0,0,0,0,0,0,0,0,0,0,1.0461,1.045,1.0221,0.99886,0.99427,0.99717,0.94151,0.95527,1.0114,1.0092,1.0039,0.99127,1.0058,1.002,0.99532,1.0076,1.016,1.017,1.0409,0.986,1.0147,1.0407,1.0353,1.0152,1.054,1.045,1.0257,1.0488,1.0505,1.0419,0.9908,0.97255,1.0374,0.98325,1.0371,1.0265,1.0477,1.0438,1.0261,-0.34536,0.21925,-0.32652,1.0159,-1.1604,-1.2873,0.83465,-0.79955,-0.61298,0.49399,1.418,0.68251,-2.8183,0.55812,0.92777,0.8022,3.0087,3.0737,-6.2069,-0.065684,-0.060065,2.8883,2.1498,2.024,-1.6915,1.8567,0.98585,0.747,-0.70857,-1.1089,0.63613,1.0948,0.96958,0.85972,0.072992,0.65944,-0.62103,0.5716,-1.078,0.54554,1.2351,0.56427,0.53229,0.43795,0.84431,-0.58136,4.311,14.405,-10.625,-20.857,6.3139
1.2771,1.2752,1.2769,1.2768,1.2756,1.2762,1.2761,1.2769,1.2758,1.2762,26.823,26.88,26.835,26.847,26.879,26.895,26.851,26.838,26.806,26.973,26.946,26.943,26.948,26.889,26.835,26.842,26.838,26.829,26.89,26.85,26.873,26.94,26.936,26.84,26.896,26.906,26.854,26.943,26.985,26.942,27.009,27.245,26.969,26.925,27.02,27.065,27.001,27.094,26.791,1.4162,0,6.8679,0,-0.44849,0,0,0,0,0,1.4162,0,6.868,0,-0.44849,0,0,0,0,0,0,0,0,0,0,0,0,0,0,0,0,0,0,0,0,0,0,0,0,0,0,0,0,0,1.4255,-3.536,0,0,0,0,0,0,0,0,0,0,0,0,0,1.0461,1.045,1.0221,0.99886,0.99427,0.99717,0.94151,0.95527,1.0114,1.0092,1.0039,0.99127,1.0058,1.002,0.99532,1.0076,1.016,1.017,1.0409,0.986,1.0147,1.0407,1.0353,1.0152,1.054,1.045,1.0257,1.0488,1.0505,1.0419,0.9908,0.97255,1.0374,0.98325,1.0371,1.0265,1.0477,1.0438,1.0261,-0.34534,0.21924,-0.32657,1.0161,-1.1605,-1.2874,0.83465,-0.79962,-0.61297,0.49405,1.4182,0.68261,-2.8182,0.55815,0.92779,0.8022,3.0087,3.0737,-6.2069,-0.065693,-0.060063,2.8883,2.1499,2.0241,-1.6915,1.8567,0.98584,0.74701,-0.70857,-1.109,0.63636,1.0947,0.96937,0.85972,0.073023,0.65947,-0.62104,0.57149,-1.0781,0.54565,1.2351,0.56423,0.53226,0.43793,0.84427,-0.58141,4.311,14.405,-10.625,-20.857,6.3139
1.2771,1.2752,1.2768,1.2768,1.2756,1.2762,1.2761,1.2768,1.2759,1.2762,26.95,27.008,26.962,26.975,27.007,27.023,26.979,26.965,26.934,27.101,27.074,27.071,27.075,27.017,26.963,26.97,26.966,26.956,27.018,26.978,27,27.068,27.064,26.968,27.024,27.034,26.981,27.071,27.113,27.07,27.137,27.372,27.097,27.053,27.148,27.192,27.129,27.222,26.918,1.4162,0,6.8679,0,-0.44849,0,0,0,0,0,1.4162,0,6.868,0,-0.44849,0,0,0,0,0,0,0,0,0,0,0,0,0,0,0,0,0,0,0,0,0,0,0,0,0,0,0,0,0,1.4255,-3.536,0,0,0,0,0,0,0,0,0,0,0,0,0,1.0461,1.045,1.0221,0.99886,0.99427,0.99717,0.94151,0.95527,1.0114,1.0092,1.0039,0.99127,1.0058,1.002,0.99532,1.0076,1.016,1.017,1.0409,0.986,1.0147,1.0407,1.0353,1.0152,1.054,1.045,1.0257,1.0488,1.0505,1.0419,0.9908,0.97255,1.0374,0.98325,1.0371,1.0265,1.0477,1.0438,1.0261,-0.34532,0.21922,-0.32663,1.0163,-1.1606,-1.2874,0.83465,-0.79973,-0.61295,0.49411,1.4184,0.68274,-2.818,0.55819,0.92781,0.80221,3.0086,3.0738,-6.207,-0.065704,-0.06006,2.8884,2.1499,2.0241,-1.6916,1.8568,0.98582,0.74701,-0.70858,-1.109,0.63666,1.0944,0.96911,0.85972,0.073061,0.65951,-0.62104,0.57133,-1.0782,0.54579,1.2351,0.56419,0.53222,0.43791,0.84421,-0.58147,4.311,14.405,-10.625,-20.857,6.3139
1.277,1.2753,1.2768,1.2767,1.2757,1.2762,1.2761,1.2767,1.2759,1.2762,27.078,27.136,27.09,27.103,27.134,27.151,27.106,27.093,27.061,27.229,27.201,27.198,27.203,27.144,27.091,27.098,27.094,27.084,27.145,27.105,27.128,27.196,27.192,27.095,27.151,27.161,27.109,27.198,27.24,27.197,27.264,27.5,27.225,27.181,27.275,27.32,27.256,27.349,27.046,1.4162,0,6.8679,0,-0.44849,0,0,0,0,0,1.4162,0,6.868,0,-0.44849,0,0,0,0,0,0,0,0,0,0,0,0,0,0,0,0,0,0,0,0,0,0,0,0,0,0,0,0,0,1.4255,-3.536,0,0,0,0,0,0,0,0,0,0,0,0,0,1.0461,1.045,1.0221,0.99886,0.99427,0.99717,0.94151,0.95527,1.0114,1.0092,1.0039,0.99127,1.0058,1.002,0.99532,1.0076,1.016,1.017,1.0409,0.986,1.0147,1.0407,1.0353,1.0152,1.054,1.045,1.0257,1.0488,1.0505,1.0419,0.9908,0.97255,1.0374,0.98325,1.0371,1.0265,1.0477,1.0438,1.0261,-0.34528,0.2192,-0.32671,1.0166,-1.1608,-1.2875,0.83464,-0.79986,-0.61292,0.49419,1.4187,0.68289,-2.8178,0.55824,0.92783,0.80221,3.0085,3.0739,-6.2071,-0.065718,-0.060057,2.8884,2.1499,2.0241,-1.6916,1.8569,0.98581,0.74701,-0.70859,-1.109,0.63703,1.0942,0.96878,0.85972,0.073108,0.65956,-0.62105,0.57115,-1.0783,0.54597,1.2351,0.56414,0.53218,0.43789,0.84414,-0.58153,4.311,14.405,-10.625,-20.857,6.3139
1.2769,1.2754,1.2767,1.2766,1.2758,1.2762,1.2761,1.2767,1.276,1.2762,27.205,27.263,27.218,27.23,27.262,27.278,27.234,27.221,27.189,27.356,27.329,27.326,27.33,27.272,27.218,27.225,27.221,27.212,27.273,27.233,27.256,27.323,27.319,27.223,27.279,27.289,27.237,27.326,27.368,27.325,27.392,27.628,27.352,27.308,27.403,27.448,27.384,27.477,27.174,1.4162,0,6.8679,0,-0.44849,0,0,0,0,0,1.4162,0,6.868,0,-0.44849,0,0,0,0,0,0,0,0,0,0,0,0,0,0,0,0,0,0,0,0,0,0,0,0,0,0,0,0,0,1.4255,-3.536,0,0,0,0,0,0,0,0,0,0,0,0,0,1.0461,1.045,1.0221,0.99886,0.99427,0.99717,0.94151,0.95527,1.0114,1.0092,1.0039,0.99127,1.0058,1.002,0.99532,1.0076,1.016,1.017,1.0409,0.986,1.0147,1.0407,1.0353,1.0152,1.054,1.045,1.0257,1.0488,1.0505,1.0419,0.99081,0.97255,1.0374,0.98325,1.0371,1.0265,1.0477,1.0438,1.0261,-0.34523,0.21917,-0.3268,1.0169,-1.161,-1.2875,0.83463,-0.80001,-0.61289,0.49429,1.4191,0.68308,-2.8176,0.55831,0.92786,0.80221,3.0084,3.074,-6.2072,-0.065735,-0.060052,2.8885,2.15,2.0242,-1.6917,1.857,0.98579,0.74701,-0.70859,-1.109,0.63747,1.0938,0.96838,0.85972,0.073162,0.65962,-0.62105,0.57092,-1.0784,0.54618,1.2352,0.56407,0.53212,0.43785,0.84405,-0.5816,4.311,14.405,-10.625,-20.857,6.3139
1.2769,1.2755,1.2767,1.2766,1.2759,1.2762,1.2762,1.2766,1.276,1.2762,27.333,27.391,27.345,27.358,27.389,27.406,27.362,27.348,27.317,27.484,27.457,27.453,27.458,27.399,27.346,27.353,27.349,27.339,27.4,27.361,27.383,27.451,27.447,27.351,27.407,27.417,27.364,27.453,27.496,27.453,27.52,27.755,27.48,27.436,27.531,27.575,27.511,27.605,27.301,1.4162,0,6.8679,0,-0.44849,0,0,0,0,0,1.4162,0,6.868,0,-0.44849,0,0,0,0,0,0,0,0,0,0,0,0,0,0,0,0,0,0,0,0,0,0,0,0,0,0,0,0,0,1.4255,-3.536,0,0,0,0,0,0,0,0,0,0,0,0,0,1.0461,1.045,1.0221,0.99886,0.99427,0.99717,0.94151,0.95527,1.0114,1.0092,1.0039,0.99127,1.0058,1.002,0.99532,1.0076,1.016,1.017,1.0409,0.986,1.0147,1.0407,1.0353,1.0152,1.054,1.045,1.0257,1.0488,1.0505,1.0419,0.99081,0.97255,1.0374,0.98325,1.0371,1.0265,1.0477,1.0438,1.0261,-0.34518,0.21914,-0.32692,1.0172,-1.1612,-1.2876,0.83462,-0.80019,-0.61286,0.4944,1.4195,0.68329,-2.8173,0.55838,0.9279,0.80221,3.0082,3.0741,-6.2073,-0.065755,-0.060047,2.8885,2.15,2.0242,-1.6917,1.8572,0.98576,0.74701,-0.7086,-1.1091,0.63799,1.0934,0.96792,0.85972,0.073224,0.65968,-0.62106,0.57066,-1.0786,0.54643,1.2352,0.56399,0.53205,0.43782,0.84394,-0.58168,4.311,14.405,-10.625,-20.857,6.3139
1.2768,1.2757,1.2766,1.2765,1.276,1.2762,1.2762,1.2765,1.2761,1.2762,27.461,27.518,27.473,27.485,27.517,27.533,27.489,27.476,27.444,27.611,27.584,27.581,27.586,27.527,27.474,27.481,27.477,27.467,27.528,27.488,27.511,27.579,27.574,27.478,27.534,27.544,27.492,27.581,27.623,27.58,27.647,27.883,27.607,27.564,27.658,27.703,27.639,27.732,27.429,1.4162,0,6.8679,0,-0.44849,0,0,0,0,0,1.4162,0,6.868,0,-0.44849,0,0,0,0,0,0,0,0,0,0,0,0,0,0,0,0,0,0,0,0,0,0,0,0,0,0,0,0,0,1.4255,-3.536,0,0,0,0,0,0,0,0,0,0,0,0,0,1.0461,1.045,1.0221,0.99886,0.99427,0.99717,0.94151,0.95527,1.0114,1.0092,1.0039,0.99127,1.0058,1.002,0.99532,1.0076,1.016,1.017,1.0409,0.986,1.0147,1.0407,1.0353,1.0152,1.054,1.045,1.0257,1.0488,1.0505,1.0419,0.99081,0.97255,1.0374,0.98325,1.0371,1.0265,1.0477,1.0438,1.0261,-0.34511,0.2191,-0.32705,1.0176,-1.1614,-1.2877,0.83461,-0.80039,-0.61282,0.49453,1.42,0.68353,-2.817,0.55846,0.92794,0.80222,3.0081,3.0742,-6.2074,-0.065777,-0.060041,2.8886,2.1501,2.0242,-1.6918,1.8573,0.98574,0.74701,-0.70861,-1.1091,0.63858,1.093,0.96739,0.85972,0.073294,0.65976,-0.62107,0.57037,-1.0788,0.54671,1.2352,0.5639,0.53197,0.43777,0.84382,-0.58177,4.311,14.405,-10.625,-20.857,6.3139
1.2767,1.2758,1.2766,1.2764,1.2761,1.2762,1.2762,1.2764,1.2761,1.2763,27.588,27.646,27.601,27.613,27.645,27.661,27.617,27.603,27.572,27.739,27.712,27.709,27.713,27.655,27.601,27.608,27.604,27.595,27.656,27.616,27.638,27.706,27.702,27.606,27.662,27.672,27.62,27.709,27.751,27.708,27.775,28.011,27.735,27.691,27.786,27.83,27.767,27.86,27.556,1.4162,0,6.8679,0,-0.44849,0,0,0,0,0,1.4162,0,6.868,0,-0.44849,0,0,0,0,0,0,0,0,0,0,0,0,0,0,0,0,0,0,0,0,0,0,0,0,0,0,0,0,0,1.4255,-3.536,0,0,0,0,0,0,0,0,0,0,0,0,0,1.0461,1.045,1.0221,0.99886,0.99427,0.99717,0.94151,0.95527,1.0114,1.0092,1.0039,0.99127,1.0058,1.002,0.99532,1.0076,1.016,1.017,1.0409,0.986,1.0147,1.0407,1.0353,1.0152,1.054,1.045,1.0257,1.0488,1.0505,1.0419,0.99081,0.97255,1.0374,0.98325,1.0371,1.0265,1.0477,1.0438,1.0261,-0.34504,0.21905,-0.3272,1.0181,-1.1617,-1.2878,0.8346,-0.80063,-0.61278,0.49467,1.4206,0.6838,-2.8167,0.55854,0.92798,0.80222,3.0079,3.0743,-6.2075,-0.065802,-0.060034,2.8887,2.1502,2.0243,-1.6918,1.8575,0.98571,0.747,-0.70862,-1.1092,0.63924,1.0924,0.96681,0.85971,0.073372,0.65985,-0.62108,0.57004,-1.0791,0.54703,1.2352,0.5638,0.53188,0.43772,0.84368,-0.58187,4.311,14.405,-10.625,-20.857,6.3139
1.2765,1.276,1.2765,1.2763,1.2762,1.2762,1.2763,1.2763,1.2762,1.2763,27.716,27.774,27.728,27.741,27.772,27.789,27.745,27.731,27.7,27.867,27.84,27.836,27.841,27.782,27.729,27.736,27.732,27.722,27.783,27.743,27.766,27.834,27.83,27.734,27.789,27.799,27.747,27.836,27.878,27.836,27.903,28.138,27.863,27.819,27.913,27.958,27.894,27.987,27.684,1.4162,0,6.8679,0,-0.44849,0,0,0,0,0,1.4162,0,6.868,0,-0.44849,0,0,0,0,0,0,0,0,0,0,0,0,0,0,0,0,0,0,0,0,0,0,0,0,0,0,0,0,0,1.4255,-3.536,0,0,0,0,0,0,0,0,0,0,0,0,0,1.0461,1.045,1.0221,0.99886,0.99427,0.99717,0.94151,0.95527,1.0114,1.0092,1.0039,0.99127,1.0058,1.002,0.99532,1.0076,1.016,1.017,1.0409,0.986,1.0147,1.0407,1.0353,1.0152,1.054,1.045,1.0257,1.0488,1.0505,1.0419,0.99081,0.97255,1.0374,0.98325,1.0371,1.0265,1.0477,1.0438,1.0261,-0.34496,0.219,-0.32737,1.0186,-1.162,-1.2879,0.83458,-0.80088,-0.61273,0.49483,1.4212,0.6841,-2.8163,0.55864,0.92803,0.80223,3.0077,3.0745,-6.2076,-0.06583,-0.060027,2.8887,2.1502,2.0244,-1.6919,1.8577,0.98567,0.747,-0.70862,-1.1092,0.63997,1.0919,0.96615,0.85971,0.073458,0.65994,-0.62108,0.56967,-1.0793,0.54739,1.2352,0.56369,0.53178,0.43766,0.84353,-0.58197,4.311,14.405,-10.625,-20.857,6.3139
1.2764,1.2761,1.2764,1.2762,1.2763,1.2762,1.2763,1.2762,1.2763,1.2763,27.844,27.901,27.856,27.868,27.9,27.916,27.872,27.859,27.827,27.994,27.967,27.964,27.969,27.91,27.856,27.863,27.859,27.85,27.911,27.871,27.894,27.961,27.957,27.861,27.917,27.927,27.875,27.964,28.006,27.963,28.03,28.266,27.99,27.947,28.041,28.086,28.022,28.115,27.812,1.4162,0,6.8679,0,-0.44849,0,0,0,0,0,1.4162,0,6.868,0,-0.44849,0,0,0,0,0,0,0,0,0,0,0,0,0,0,0,0,0,0,0,0,0,0,0,0,0,0,0,0,0,1.4255,-3.536,0,0,0,0,0,0,0,0,0,0,0,0,0,1.0461,1.045,1.0221,0.99886,0.99427,0.99717,0.94151,0.95527,1.0114,1.0092,1.0039,0.99127,1.0058,1.002,0.99532,1.0076,1.016,1.017,1.0409,0.986,1.0147,1.0407,1.0353,1.0152,1.054,1.045,1.0257,1.0488,1.0505,1.0419,0.99081,0.97254,1.0374,0.98325,1.0371,1.0265,1.0477,1.0438,1.0261,-0.34487,0.21894,-0.32755,1.0192,-1.1623,-1.288,0.83456,-0.80117,-0.61267,0.495,1.4218,0.68443,-2.8159,0.55875,0.92808,0.80223,3.0075,3.0747,-6.2078,-0.06586,-0.060019,2.8888,2.1503,2.0244,-1.692,1.8579,0.98564,0.747,-0.70863,-1.1093,0.64077,1.0912,0.96543,0.8597,0.073552,0.66004,-0.62109,0.56927,-1.0796,0.54778,1.2352,0.56356,0.53167,0.43759,0.84336,-0.58208,4.311,14.405,-10.625,-20.857,6.3139
1.2763,1.2763,1.2763,1.2761,1.2764,1.2762,1.2764,1.2761,1.2764,1.2763,27.971,28.029,27.983,27.996,28.028,28.044,28,27.986,27.955,28.122,28.095,28.092,28.096,28.038,27.984,27.991,27.987,27.977,28.039,27.999,28.021,28.089,28.085,27.989,28.045,28.055,28.002,28.092,28.134,28.091,28.158,28.393,28.118,28.074,28.169,28.213,28.15,28.243,27.939,1.4162,0,6.8679,0,-0.44849,0,0,0,0,0,1.4162,0,6.868,0,-0.44849,0,0,0,0,0,0,0,0,0,0,0,0,0,0,0,0,0,0,0,0,0,0,0,0,0,0,0,0,0,1.4255,-3.536,0,0,0,0,0,0,0,0,0,0,0,0,0,1.0461,1.045,1.0221,0.99886,0.99427,0.99717,0.94151,0.95527,1.0114,1.0092,1.0039,0.99127,1.0058,1.002,0.99532,1.0076,1.016,1.017,1.0409,0.986,1.0147,1.0407,1.0353,1.0152,1.054,1.045,1.0257,1.0488,1.0505,1.0419,0.99081,0.97254,1.0374,0.98325,1.0371,1.0265,1.0477,1.0438,1.0261,-0.34477,0.21887,-0.32775,1.0198,-1.1627,-1.2882,0.83454,-0.80147,-0.61262,0.49519,1.4226,0.68479,-2.8154,0.55887,0.92814,0.80224,3.0072,3.0748,-6.2079,-0.065894,-0.060009,2.8889,2.1504,2.0245,-1.6921,1.8581,0.98559,0.747,-0.70864,-1.1093,0.64164,1.0906,0.96465,0.8597,0.073653,0.66016,-0.6211,0.56883,-1.0799,0.54821,1.2352,0.56343,0.53155,0.43752,0.84317,-0.5822,4.311,14.405,-10.625,-20.857,6.3139
1.2761,1.2765,1.2762,1.276,1.2766,1.2762,1.2764,1.2759,1.2764,1.2763,28.099,28.157,28.111,28.124,28.155,28.172,28.128,28.114,28.082,28.25,28.222,28.219,28.224,28.165,28.112,28.119,28.115,28.105,28.166,28.126,28.149,28.217,28.213,28.116,28.172,28.182,28.13,28.219,28.261,28.218,28.286,28.521,28.246,28.202,28.296,28.341,28.277,28.37,28.067,1.4162,0,6.8679,0,-0.44849,0,0,0,0,0,1.4162,0,6.868,0,-0.44849,0,0,0,0,0,0,0,0,0,0,0,0,0,0,0,0,0,0,0,0,0,0,0,0,0,0,0,0,0,1.4255,-3.536,0,0,0,0,0,0,0,0,0,0,0,0,0,1.0461,1.045,1.0221,0.99886,0.99427,0.99717,0.94151,0.95527,1.0114,1.0092,1.0039,0.99127,1.0058,1.002,0.99532,1.0076,1.016,1.017,1.0409,0.986,1.0147,1.0407,1.0353,1.0152,1.054,1.045,1.0257,1.0488,1.0505,1.0419,0.99081,0.97254,1.0374,0.98325,1.0371,1.0265,1.0477,1.0438,1.0261,-0.34467,0.21881,-0.32796,1.0204,-1.163,-1.2883,0.83451,-0.80178,-0.61256,0.49537,1.4233,0.68514,-2.8149,0.55899,0.9282,0.80224,3.007,3.075,-6.2081,-0.065927,-0.06,2.889,2.1505,2.0246,-1.6922,1.8583,0.98555,0.74699,-0.70864,-1.1094,0.64251,1.0899,0.96388,0.85969,0.073753,0.66027,-0.62111,0.56839,-1.0802,0.54864,1.2352,0.56329,0.53143,0.43745,0.84298,-0.58232,4.311,14.405,-10.625,-20.857,6.3139
1.276,1.2767,1.2761,1.2759,1.2767,1.2762,1.2764,1.2758,1.2765,1.2763,28.226,28.284,28.239,28.251,28.283,28.299,28.255,28.242,28.21,28.377,28.35,28.347,28.351,28.293,28.239,28.246,28.242,28.233,28.294,28.254,28.277,28.344,28.34,28.244,28.3,28.31,28.258,28.347,28.389,28.346,28.413,28.649,28.373,28.329,28.424,28.469,28.405,28.498,28.195,1.4162,0,6.8679,0,-0.44849,0,0,0,0,0,1.4162,0,6.868,0,-0.44849,0,0,0,0,0,0,0,0,0,0,0,0,0,0,0,0,0,0,0,0,0,0,0,0,0,0,0,0,0,1.4255,-3.536,0,0,0,0,0,0,0,0,0,0,0,0,0,1.0461,1.045,1.0221,0.99886,0.99427,0.99717,0.94151,0.95527,1.0114,1.0092,1.0039,0.99127,1.0058,1.002,0.99532,1.0076,1.016,1.017,1.0409,0.986,1.0147,1.0407,1.0353,1.0152,1.054,1.045,1.0257,1.0488,1.0505,1.0419,0.99081,0.97254,1.0374,0.98325,1.0371,1.0265,1.0477,1.0438,1.0261,-0.34458,0.21875,-0.32814,1.0209,-1.1633,-1.2885,0.83449,-0.80206,-0.61251,0.49554,1.424,0.68547,-2.8145,0.5591,0.92825,0.80225,3.0067,3.0752,-6.2082,-0.065957,-0.059992,2.8891,2.1506,2.0247,-1.6922,1.8585,0.98551,0.74699,-0.70865,-1.1095,0.64332,1.0893,0.96316,0.85968,0.073845,0.66037,-0.62112,0.56799,-1.0805,0.54903,1.2353,0.56317,0.53132,0.43739,0.84281,-0.58242,4.311,14.405,-10.625,-20.857,6.3139
1.2759,1.2768,1.2761,1.2758,1.2768,1.2763,1.2765,1.2757,1.2766,1.2763,28.354,28.412,28.366,28.379,28.411,28.427,28.383,28.369,28.338,28.505,28.478,28.474,28.479,28.42,28.367,28.374,28.37,28.36,28.421,28.382,28.404,28.472,28.468,28.372,28.428,28.438,28.385,28.475,28.517,28.474,28.541,28.776,28.501,28.457,28.552,28.596,28.532,28.626,28.322,1.4162,0,6.868,0,-0.44849,0,0,0,0,0,1.4162,0,6.868,0,-0.44849,0,0,0,0,0,0,0,0,0,0,0,0,0,0,0,0,0,0,0,0,0,0,0,0,0,0,0,0,0,1.4255,-3.536,0,0,0,0,0,0,0,0,0,0,0,0,0,1.0461,1.045,1.0221,0.99886,0.99427,0.99717,0.94151,0.95527,1.0114,1.0092,1.0039,0.99127,1.0058,1.002,0.99532,1.0076,1.016,1.017,1.0409,0.986,1.0147,1.0407,1.0353,1.0152,1.054,1.045,1.0257,1.0488,1.0505,1.0419,0.99081,0.97254,1.0374,0.98325,1.0371,1.0265,1.0477,1.0438,1.0261,-0.3445,0.21869,-0.32832,1.0214,-1.1636,-1.2886,0.83447,-0.80232,-0.61246,0.49569,1.4246,0.68576,-2.8141,0.5592,0.9283,0.80226,3.0065,3.0754,-6.2084,-0.065985,-0.059984,2.8892,2.1507,2.0247,-1.6923,1.8587,0.98548,0.74699,-0.70866,-1.1095,0.64405,1.0887,0.9625,0.85968,0.073928,0.66046,-0.62112,0.56762,-1.0808,0.54939,1.2353,0.56305,0.53122,0.43733,0.84264,-0.58252,4.311,14.405,-10.625,-20.857,6.3139
1.2758,1.277,1.276,1.2757,1.2769,1.2763,1.2765,1.2756,1.2766,1.2763,28.482,28.539,28.494,28.506,28.538,28.555,28.51,28.497,28.465,28.632,28.605,28.602,28.607,28.548,28.495,28.502,28.498,28.488,28.549,28.509,28.532,28.6,28.595,28.499,28.555,28.565,28.513,28.602,28.644,28.601,28.668,28.904,28.628,28.585,28.679,28.724,28.66,28.753,28.45,1.4162,0,6.868,0,-0.44849,0,0,0,0,0,1.4162,0,6.868,0,-0.44849,0,0,0,0,0,0,0,0,0,0,0,0,0,0,0,0,0,0,0,0,0,0,0,0,0,0,0,0,0,1.4255,-3.536,0,0,0,0,0,0,0,0,0,0,0,0,0,1.0461,1.045,1.0221,0.99886,0.99427,0.99717,0.94151,0.95527,1.0114,1.0092,1.0039,0.99127,1.0058,1.002,0.99532,1.0076,1.016,1.017,1.0409,0.986,1.0147,1.0407,1.0353,1.0152,1.054,1.045,1.0257,1.0488,1.0505,1.0419,0.99081,0.97254,1.0374,0.98325,1.0371,1.0265,1.0477,1.0438,1.0261,-0.34442,0.21864,-0.32848,1.0219,-1.1639,-1.2887,0.83445,-0.80256,-0.61242,0.49583,1.4251,0.68603,-2.8138,0.55929,0.92835,0.80226,3.0063,3.0755,-6.2085,-0.06601,-0.059977,2.8893,2.1507,2.0248,-1.6924,1.8589,0.98545,0.74699,-0.70866,-1.1096,0.64471,1.0882,0.96191,0.85967,0.074003,0.66055,-0.62113,0.56729,-1.081,0.54972,1.2353,0.56294,0.53113,0.43727,0.8425,-0.5826,4.311,14.405,-10.625,-20.857,6.3139
1.2757,1.2771,1.2759,1.2756,1.277,1.2763,1.2765,1.2756,1.2767,1.2763,28.609,28.667,28.622,28.634,28.666,28.682,28.638,28.625,28.593,28.76,28.733,28.73,28.734,28.676,28.622,28.629,28.625,28.616,28.677,28.637,28.659,28.727,28.723,28.627,28.683,28.693,28.641,28.73,28.772,28.729,28.796,29.032,28.756,28.712,28.807,28.852,28.788,28.881,28.577,1.4162,0,6.868,0,-0.44849,0,0,0,0,0,1.4162,0,6.8679,0,-0.44849,0,0,0,0,0,0,0,0,0,0,0,0,0,0,0,0,0,0,0,0,0,0,0,0,0,0,0,0,0,1.4255,-3.536,0,0,0,0,0,0,0,0,0,0,0,0,0,1.0461,1.045,1.0221,0.99886,0.99427,0.99717,0.94151,0.95527,1.0114,1.0092,1.0039,0.99127,1.0058,1.002,0.99532,1.0076,1.016,1.017,1.0409,0.986,1.0147,1.0407,1.0353,1.0152,1.054,1.045,1.0257,1.0488,1.0505,1.0419,0.99081,0.97254,1.0374,0.98325,1.0371,1.0265,1.0477,1.0438,1.0261,-0.34435,0.2186,-0.32862,1.0223,-1.1641,-1.2888,0.83443,-0.80277,-0.61238,0.49596,1.4256,0.68627,-2.8135,0.55937,0.92839,0.80226,3.0062,3.0756,-6.2086,-0.066032,-0.059971,2.8893,2.1508,2.0248,-1.6924,1.859,0.98542,0.74698,-0.70866,-1.1096,0.64531,1.0877,0.96138,0.85967,0.07407,0.66063,-0.62113,0.567,-1.0812,0.55001,1.2353,0.56285,0.53104,0.43722,0.84236,-0.58267,4.311,14.405,-10.625,-20.857,6.3139
1.2756,1.2772,1.2759,1.2756,1.2771,1.2763,1.2766,1.2755,1.2767,1.2763,28.737,28.795,28.749,28.762,28.793,28.81,28.766,28.752,28.721,28.888,28.861,28.857,28.862,28.803,28.75,28.757,28.753,28.743,28.804,28.764,28.787,28.855,28.851,28.755,28.81,28.82,28.768,28.857,28.899,28.857,28.924,29.159,28.884,28.84,28.934,28.979,28.915,29.009,28.705,1.4162,0,6.868,0,-0.44849,0,0,0,0,0,1.4162,0,6.8679,0,-0.44849,0,0,0,0,0,0,0,0,0,0,0,0,0,0,0,0,0,0,0,0,0,0,0,0,0,0,0,0,0,1.4255,-3.536,0,0,0,0,0,0,0,0,0,0,0,0,0,1.0461,1.045,1.0221,0.99886,0.99427,0.99717,0.94151,0.95527,1.0114,1.0092,1.0039,0.99127,1.0058,1.002,0.99532,1.0076,1.016,1.017,1.0409,0.986,1.0147,1.0407,1.0353,1.0152,1.054,1.045,1.0257,1.0488,1.0505,1.0419,0.99081,0.97254,1.0374,0.98324,1.0371,1.0265,1.0477,1.0438,1.0261,-0.34429,0.21855,-0.32875,1.0226,-1.1643,-1.2889,0.83442,-0.80296,-0.61235,0.49607,1.4261,0.68648,-2.8132,0.55944,0.92842,0.80227,3.006,3.0757,-6.2087,-0.066052,-0.059965,2.8894,2.1508,2.0249,-1.6925,1.8592,0.98539,0.74698,-0.70866,-1.1096,0.64584,1.0873,0.96091,0.85966,0.074127,0.66069,-0.62114,0.56673,-1.0814,0.55028,1.2353,0.56277,0.53097,0.43717,0.84225,-0.58273,4.311,14.405,-10.625,-20.857,6.3139
1.2755,1.2773,1.2758,1.2755,1.2771,1.2763,1.2766,1.2755,1.2768,1.2763,28.865,28.922,28.877,28.889,28.921,28.937,28.893,28.88,28.848,29.015,28.988,28.985,28.99,28.931,28.877,28.884,28.88,28.871,28.932,28.892,28.915,28.982,28.978,28.882,28.938,28.948,28.896,28.985,29.027,28.984,29.051,29.287,29.011,28.968,29.062,29.107,29.043,29.136,28.833,1.4162,0,6.868,0,-0.44849,0,0,0,0,0,1.4162,0,6.8679,0,-0.44849,0,0,0,0,0,0,0,0,0,0,0,0,0,0,0,0,0,0,0,0,0,0,0,0,0,0,0,0,0,1.4255,-3.536,0,0,0,0,0,0,0,0,0,0,0,0,0,1.0461,1.045,1.0221,0.99886,0.99427,0.99717,0.94151,0.95527,1.0114,1.0092,1.0039,0.99127,1.0058,1.002,0.99532,1.0076,1.016,1.017,1.0409,0.986,1.0147,1.0407,1.0353,1.0152,1.054,1.045,1.0257,1.0488,1.0505,1.0419,0.99081,0.97254,1.0374,0.98324,1.0371,1.0265,1.0477,1.0438,1.0261,-0.34423,0.21852,-0.32886,1.0229,-1.1644,-1.2889,0.8344,-0.80312,-0.61232,0.49616,1.4264,0.68667,-2.8129,0.5595,0.92845,0.80227,3.0059,3.0758,-6.2087,-0.066069,-0.05996,2.8894,2.1509,2.0249,-1.6925,1.8593,0.98537,0.74698,-0.70866,-1.1097,0.6463,1.0869,0.9605,0.85966,0.074177,0.66075,-0.62114,0.56651,-1.0816,0.55051,1.2353,0.56269,0.5309,0.43713,0.84214,-0.58278,4.311,14.405,-10.625,-20.857,6.3139
1.2755,1.2774,1.2758,1.2755,1.2772,1.2763,1.2766,1.2754,1.2768,1.2763,28.992,29.05,29.004,29.017,29.049,29.065,29.021,29.007,28.976,29.143,29.116,29.113,29.117,29.059,29.005,29.012,29.008,28.998,29.06,29.02,29.042,29.11,29.106,29.01,29.066,29.076,29.023,29.113,29.155,29.112,29.179,29.414,29.139,29.095,29.19,29.234,29.17,29.264,28.96,1.4162,0,6.868,0,-0.44849,0,0,0,0,0,1.4162,0,6.8679,0,-0.44849,0,0,0,0,0,0,0,0,0,0,0,0,0,0,0,0,0,0,0,0,0,0,0,0,0,0,0,0,0,1.4255,-3.536,0,0,0,0,0,0,0,0,0,0,0,0,0,1.0461,1.045,1.0221,0.99886,0.99427,0.99717,0.94151,0.95527,1.0114,1.0092,1.0039,0.99127,1.0058,1.002,0.99532,1.0076,1.016,1.017,1.0409,0.986,1.0147,1.0407,1.0353,1.0152,1.054,1.045,1.0257,1.0488,1.0505,1.0419,0.99081,0.97254,1.0374,0.98324,1.0371,1.0265,1.0477,1.0438,1.0261,-0.34418,0.21848,-0.32896,1.0232,-1.1646,-1.289,0.83439,-0.80326,-0.61229,0.49624,1.4268,0.68682,-2.8127,0.55955,0.92848,0.80228,3.0057,3.0759,-6.2088,-0.066084,-0.059956,2.8895,2.1509,2.0249,-1.6925,1.8594,0.98535,0.74697,-0.70866,-1.1097,0.64669,1.0866,0.96015,0.85965,0.074218,0.6608,-0.62114,0.56631,-1.0817,0.5507,1.2353,0.56263,0.53084,0.4371,0.84205,-0.58282,4.311,14.405,-10.625,-20.857,6.3139
1.2754,1.2774,1.2757,1.2754,1.2772,1.2763,1.2766,1.2754,1.2768,1.2763,29.12,29.177,29.132,29.145,29.176,29.193,29.149,29.135,29.103,29.271,29.243,29.24,29.245,29.186,29.133,29.14,29.136,29.126,29.187,29.147,29.17,29.238,29.234,29.137,29.193,29.203,29.151,29.24,29.282,29.239,29.307,29.542,29.266,29.223,29.317,29.362,29.298,29.391,29.088,1.4162,0,6.868,0,-0.44849,0,0,0,0,0,1.4162,0,6.8679,0,-0.44849,0,0,0,0,0,0,0,0,0,0,0,0,0,0,0,0,0,0,0,0,0,0,0,0,0,0,0,0,0,1.4255,-3.536,0,0,0,0,0,0,0,0,0,0,0,0,0,1.0461,1.045,1.0221,0.99886,0.99427,0.99717,0.94151,0.95527,1.0114,1.0092,1.0039,0.99127,1.0058,1.002,0.99532,1.0076,1.016,1.017,1.0409,0.986,1.0147,1.0407,1.0353,1.0152,1.054,1.045,1.0257,1.0488,1.0505,1.0419,0.99081,0.97254,1.0374,0.98324,1.0371,1.0265,1.0477,1.0438,1.0261,-0.34414,0.21845,-0.32904,1.0234,-1.1647,-1.2891,0.83437,-0.80338,-0.61227,0.49631,1.427,0.68695,-2.8126,0.55959,0.9285,0.80228,3.0057,3.076,-6.2089,-0.066096,-0.059952,2.8895,2.151,2.025,-1.6926,1.8595,0.98533,0.74697,-0.70866,-1.1097,0.64702,1.0864,0.95986,0.85965,0.07425,0.66084,-0.62114,0.56615,-1.0818,0.55087,1.2353,0.56257,0.53079,0.43707,0.84197,-0.58285,4.311,14.405,-10.625,-20.857,6.3139
1.2754,1.2775,1.2757,1.2754,1.2773,1.2763,1.2766,1.2754,1.2768,1.2763,29.247,29.305,29.26,29.272,29.304,29.32,29.276,29.263,29.231,29.398,29.371,29.368,29.372,29.314,29.26,29.267,29.263,29.254,29.315,29.275,29.298,29.365,29.361,29.265,29.321,29.331,29.279,29.368,29.41,29.367,29.434,29.67,29.394,29.351,29.445,29.49,29.426,29.519,29.216,1.4162,0,6.868,0,-0.44849,0,0,0,0,0,1.4162,0,6.8679,0,-0.44849,0,0,0,0,0,0,0,0,0,0,0,0,0,0,0,0,0,0,0,0,0,0,0,0,0,0,0,0,0,1.4255,-3.536,0,0,0,0,0,0,0,0,0,0,0,0,0,1.0461,1.045,1.0221,0.99886,0.99427,0.99717,0.94151,0.95527,1.0114,1.0092,1.0039,0.99127,1.0058,1.002,0.99532,1.0076,1.016,1.017,1.0409,0.986,1.0147,1.0407,1.0353,1.0152,1.054,1.045,1.0257,1.0488,1.0505,1.0419,0.99081,0.97254,1.0374,0.98324,1.0371,1.0265,1.0477,1.0438,1.0261,-0.34411,0.21843,-0.32911,1.0236,-1.1648,-1.2891,0.83436,-0.80347,-0.61226,0.49636,1.4272,0.68705,-2.8124,0.55963,0.92852,0.80228,3.0056,3.076,-6.2089,-0.066105,-0.059949,2.8895,2.151,2.025,-1.6926,1.8595,0.98532,0.74697,-0.70865,-1.1097,0.64727,1.0862,0.95964,0.85964,0.074274,0.66087,-0.62114,0.56603,-1.0819,0.551,1.2353,0.56253,0.53076,0.43704,0.8419,-0.58287,4.311,14.405,-10.625,-20.857,6.3139
1.2753,1.2775,1.2757,1.2754,1.2773,1.2763,1.2766,1.2753,1.2769,1.2763,29.375,29.433,29.387,29.4,29.432,29.448,29.404,29.39,29.359,29.526,29.499,29.496,29.5,29.442,29.388,29.395,29.391,29.381,29.442,29.403,29.425,29.493,29.489,29.393,29.448,29.459,29.406,29.496,29.538,29.495,29.562,29.797,29.522,29.478,29.573,29.617,29.553,29.647,29.343,1.4162,0,6.868,0,-0.44849,0,0,0,0,0,1.4162,0,6.8679,0,-0.44849,0,0,0,0,0,0,0,0,0,0,0,0,0,0,0,0,0,0,0,0,0,0,0,0,0,0,0,0,0,1.4255,-3.536,0,0,0,0,0,0,0,0,0,0,0,0,0,1.0461,1.045,1.0221,0.99886,0.99427,0.99717,0.94151,0.95527,1.0114,1.0092,1.0039,0.99127,1.0058,1.002,0.99532,1.0076,1.016,1.017,1.0409,0.986,1.0147,1.0407,1.0353,1.0152,1.054,1.045,1.0257,1.0488,1.0505,1.0419,0.99081,0.97254,1.0374,0.98324,1.0371,1.0265,1.0477,1.0438,1.0261,-0.34408,0.21841,-0.32917,1.0237,-1.1648,-1.2892,0.83435,-0.80354,-0.61225,0.49639,1.4274,0.68711,-2.8123,0.55965,0.92853,0.80228,3.0055,3.0761,-6.2089,-0.066112,-0.059947,2.8896,2.151,2.025,-1.6926,1.8596,0.98531,0.74696,-0.70865,-1.1097,0.64746,1.086,0.95947,0.85964,0.074289,0.66089,-0.62114,0.56594,-1.082,0.5511,1.2353,0.5625,0.53073,0.43702,0.84185,-0.58287,4.311,14.405,-10.625,-20.857,6.3139
1.2753,1.2775,1.2757,1.2754,1.2773,1.2763,1.2766,1.2753,1.2769,1.2763,29.503,29.56,29.515,29.527,29.559,29.576,29.531,29.518,29.486,29.653,29.626,29.623,29.628,29.569,29.516,29.523,29.519,29.509,29.57,29.53,29.553,29.621,29.616,29.52,29.576,29.586,29.534,29.623,29.665,29.622,29.689,29.925,29.649,29.606,29.7,29.745,29.681,29.774,29.471,1.4162,0,6.868,0,-0.44849,0,0,0,0,0,1.4162,0,6.8679,0,-0.44849,0,0,0,0,0,0,0,0,0,0,0,0,0,0,0,0,0,0,0,0,0,0,0,0,0,0,0,0,0,1.4255,-3.536,0,0,0,0,0,0,0,0,0,0,0,0,0,1.0461,1.045,1.0221,0.99886,0.99427,0.99717,0.94151,0.95527,1.0114,1.0092,1.0039,0.99127,1.0058,1.002,0.99532,1.0076,1.016,1.017,1.0409,0.986,1.0147,1.0407,1.0353,1.0152,1.054,1.045,1.0257,1.0488,1.0505,1.0419,0.99081,0.97254,1.0374,0.98324,1.0371,1.0265,1.0477,1.0438,1.0261,-0.34406,0.21839,-0.32921,1.0238,-1.1648,-1.2892,0.83434,-0.80358,-0.61224,0.49641,1.4275,0.68716,-2.8123,0.55966,0.92854,0.80229,3.0055,3.0761,-6.2089,-0.066116,-0.059945,2.8896,2.151,2.025,-1.6926,1.8596,0.9853,0.74696,-0.70864,-1.1097,0.64758,1.0859,0.95937,0.85963,0.074296,0.6609,-0.62114,0.56589,-1.082,0.55117,1.2353,0.56247,0.5307,0.437,0.84182,-0.58287,4.311,14.405,-10.625,-20.857,6.3139
1.2753,1.2775,1.2757,1.2754,1.2773,1.2763,1.2766,1.2754,1.2769,1.2763,29.63,29.688,29.643,29.655,29.687,29.703,29.659,29.646,29.614,29.781,29.754,29.751,29.755,29.697,29.643,29.65,29.646,29.637,29.698,29.658,29.68,29.748,29.744,29.648,29.704,29.714,29.662,29.751,29.793,29.75,29.817,30.053,29.777,29.733,29.828,29.873,29.809,29.902,29.598,1.4162,0,6.868,0,-0.44849,0,0,0,0,0,1.4162,0,6.8679,0,-0.44849,0,0,0,0,0,0,0,0,0,0,0,0,0,0,0,0,0,0,0,0,0,0,0,0,0,0,0,0,0,1.4255,-3.536,0,0,0,0,0,0,0,0,0,0,0,0,0,1.0461,1.045,1.0221,0.99886,0.99427,0.99717,0.94151,0.95527,1.0114,1.0092,1.0039,0.99127,1.0058,1.002,0.99532,1.0076,1.016,1.017,1.0409,0.986,1.0147,1.0407,1.0353,1.0152,1.054,1.045,1.0257,1.0488,1.0505,1.0419,0.99081,0.97254,1.0374,0.98324,1.0371,1.0265,1.0477,1.0438,1.0261,-0.34405,0.21838,-0.32923,1.0238,-1.1648,-1.2892,0.83434,-0.8036,-0.61224,0.49642,1.4275,0.68717,-2.8122,0.55967,0.92854,0.80229,3.0055,3.0761,-6.2089,-0.066118,-0.059944,2.8896,2.151,2.025,-1.6926,1.8596,0.98529,0.74696,-0.70864,-1.1098,0.64763,1.0859,0.95933,0.85963,0.074295,0.66091,-0.62113,0.56587,-1.0821,0.5512,1.2353,0.56246,0.53069,0.43699,0.84179,-0.58285,4.311,14.405,-10.625,-20.857,6.3139
1.2753,1.2775,1.2757,1.2754,1.2772,1.2763,1.2766,1.2754,1.2768,1.2763,29.758,29.816,29.77,29.783,29.814,29.831,29.787,29.773,29.742,29.909,29.882,29.878,29.883,29.824,29.771,29.778,29.774,29.764,29.825,29.785,29.808,29.876,29.872,29.776,29.831,29.841,29.789,29.878,29.92,29.878,29.945,30.18,29.905,29.861,29.955,30,29.936,30.03,29.726,1.4162,0,6.868,0,-0.44849,0,0,0,0,0,1.4162,0,6.8679,0,-0.44849,0,0,0,0,0,0,0,0,0,0,0,0,0,0,0,0,0,0,0,0,0,0,0,0,0,0,0,0,0,1.4255,-3.536,0,0,0,0,0,0,0,0,0,0,0,0,0,1.0461,1.045,1.0221,0.99886,0.99427,0.99717,0.94151,0.95527,1.0114,1.0092,1.0039,0.99127,1.0058,1.002,0.99532,1.0076,1.016,1.017,1.0409,0.986,1.0147,1.0407,1.0353,1.0152,1.054,1.045,1.0257,1.0488,1.0505,1.0419,0.99081,0.97254,1.0374,0.98324,1.0371,1.0265,1.0477,1.0438,1.0261,-0.34404,0.21837,-0.32924,1.0237,-1.1648,-1.2892,0.83433,-0.8036,-0.61224,0.49641,1.4275,0.68715,-2.8122,0.55966,0.92854,0.80229,3.0055,3.0761,-6.2089,-0.066117,-0.059944,2.8896,2.151,2.025,-1.6926,1.8596,0.98529,0.74695,-0.70863,-1.1098,0.64761,1.0859,0.95935,0.85963,0.074284,0.6609,-0.62113,0.56588,-1.0821,0.5512,1.2353,0.56246,0.53069,0.43699,0.84178,-0.58282,4.311,14.405,-10.625,-20.857,6.3139
1.2753,1.2775,1.2757,1.2755,1.2772,1.2763,1.2766,1.2754,1.2768,1.2763,29.886,29.943,29.898,29.91,29.942,29.958,29.914,29.901,29.869,30.036,30.009,30.006,30.011,29.952,29.898,29.905,29.902,29.892,29.953,29.913,29.936,30.003,29.999,29.903,29.959,29.969,29.917,30.006,30.048,30.005,30.072,30.308,30.032,29.989,30.083,30.128,30.064,30.157,29.854,1.4162,0,6.868,0,-0.44849,0,0,0,0,0,1.4162,0,6.8679,0,-0.44849,0,0,0,0,0,0,0,0,0,0,0,0,0,0,0,0,0,0,0,0,0,0,0,0,0,0,0,0,0,1.4255,-3.536,0,0,0,0,0,0,0,0,0,0,0,0,0,1.0461,1.045,1.0221,0.99886,0.99427,0.99717,0.94151,0.95527,1.0114,1.0092,1.0039,0.99127,1.0058,1.002,0.99532,1.0076,1.016,1.017,1.0409,0.986,1.0147,1.0407,1.0353,1.0152,1.054,1.045,1.0257,1.0488,1.0505,1.0419,0.99081,0.97254,1.0374,0.98324,1.0371,1.0265,1.0477,1.0438,1.0261,-0.34404,0.21837,-0.32924,1.0237,-1.1647,-1.2892,0.83432,-0.80357,-0.61225,0.49638,1.4274,0.6871,-2.8123,0.55965,0.92853,0.80229,3.0055,3.0761,-6.2089,-0.066113,-0.059944,2.8896,2.151,2.025,-1.6926,1.8596,0.98529,0.74695,-0.70862,-1.1097,0.64753,1.086,0.95943,0.85962,0.074266,0.66089,-0.62112,0.56593,-1.082,0.55117,1.2353,0.56247,0.53069,0.43699,0.84179,-0.58279,4.311,14.405,-10.625,-20.857,6.3139
1.2754,1.2774,1.2757,1.2755,1.2772,1.2763,1.2766,1.2755,1.2768,1.2763,30.013,30.071,30.025,30.038,30.07,30.086,30.042,30.028,29.997,30.164,30.137,30.134,30.138,30.08,30.026,30.033,30.029,30.019,30.081,30.041,30.063,30.131,30.127,30.031,30.087,30.097,30.044,30.134,30.176,30.133,30.2,30.435,30.16,30.116,30.211,30.255,30.191,30.285,29.981,1.4162,0,6.868,0,-0.44849,0,0,0,0,0,1.4162,0,6.8679,0,-0.44849,0,0,0,0,0,0,0,0,0,0,0,0,0,0,0,0,0,0,0,0,0,0,0,0,0,0,0,0,0,1.4255,-3.536,0,0,0,0,0,0,0,0,0,0,0,0,0,1.0461,1.045,1.0221,0.99886,0.99427,0.99717,0.94151,0.95527,1.0114,1.0092,1.0039,0.99127,1.0058,1.002,0.99532,1.0076,1.016,1.017,1.0409,0.986,1.0147,1.0407,1.0353,1.0152,1.054,1.045,1.0257,1.0488,1.0505,1.0419,0.99081,0.97254,1.0374,0.98324,1.0371,1.0265,1.0477,1.0438,1.0261,-0.34405,0.21837,-0.32922,1.0236,-1.1646,-1.2892,0.83432,-0.80352,-0.61226,0.49634,1.4272,0.68703,-2.8124,0.55963,0.92852,0.80229,3.0055,3.076,-6.2088,-0.066107,-0.059945,2.8896,2.151,2.025,-1.6925,1.8595,0.9853,0.74695,-0.70861,-1.1097,0.64738,1.0861,0.95957,0.85962,0.074239,0.66087,-0.62112,0.56601,-1.082,0.5511,1.2353,0.56248,0.53071,0.43699,0.84181,-0.58274,4.311,14.405,-10.625,-20.857,6.3139
1.2754,1.2774,1.2757,1.2756,1.2771,1.2763,1.2766,1.2755,1.2768,1.2763,30.141,30.199,30.153,30.166,30.197,30.214,30.17,30.156,30.124,30.292,30.264,30.261,30.266,30.207,30.154,30.161,30.157,30.147,30.208,30.168,30.191,30.259,30.255,30.158,30.214,30.224,30.172,30.261,30.303,30.26,30.328,30.563,30.287,30.244,30.338,30.383,30.319,30.412,30.109,1.4162,0,6.868,0,-0.44849,0,0,0,0,0,1.4162,0,6.8679,0,-0.44849,0,0,0,0,0,0,0,0,0,0,0,0,0,0,0,0,0,0,0,0,0,0,0,0,0,0,0,0,0,1.4255,-3.536,0,0,0,0,0,0,0,0,0,0,0,0,0,1.0461,1.045,1.0221,0.99886,0.99427,0.99717,0.94151,0.95527,1.0114,1.0092,1.0039,0.99127,1.0058,1.002,0.99532,1.0076,1.016,1.017,1.0409,0.986,1.0147,1.0407,1.0353,1.0152,1.054,1.045,1.0257,1.0488,1.0505,1.0419,0.99081,0.97254,1.0374,0.98324,1.0371,1.0265,1.0477,1.0438,1.0261,-0.34407,0.21838,-0.32918,1.0234,-1.1645,-1.2892,0.83432,-0.80345,-0.61228,0.49629,1.427,0.68693,-2.8125,0.5596,0.92851,0.80229,3.0056,3.076,-6.2088,-0.066098,-0.059947,2.8895,2.151,2.025,-1.6925,1.8595,0.98531,0.74694,-0.7086,-1.1097,0.64715,1.0863,0.95978,0.85962,0.074203,0.66083,-0.62111,0.56613,-1.0819,0.55101,1.2353,0.56251,0.53073,0.437,0.84184,-0.58268,4.311,14.405,-10.625,-20.857,6.3139
1.2755,1.2773,1.2757,1.2756,1.277,1.2763,1.2765,1.2756,1.2767,1.2763,30.268,30.326,30.281,30.293,30.325,30.341,30.297,30.284,30.252,30.419,30.392,30.389,30.394,30.335,30.281,30.288,30.284,30.275,30.336,30.296,30.319,30.386,30.382,30.286,30.342,30.352,30.3,30.389,30.431,30.388,30.455,30.691,30.415,30.372,30.466,30.511,30.447,30.54,30.237,1.4162,0,6.868,0,-0.44849,0,0,0,0,0,1.4162,0,6.8679,0,-0.44849,0,0,0,0,0,0,0,0,0,0,0,0,0,0,0,0,0,0,0,0,0,0,0,0,0,0,0,0,0,1.4255,-3.536,0,0,0,0,0,0,0,0,0,0,0,0,0,1.0461,1.045,1.0221,0.99886,0.99427,0.99717,0.94151,0.95527,1.0114,1.0092,1.0039,0.99127,1.0058,1.002,0.99532,1.0076,1.016,1.017,1.0409,0.986,1.0147,1.0407,1.0353,1.0152,1.054,1.045,1.0257,1.0488,1.0505,1.0419,0.99081,0.97254,1.0374,0.98324,1.0371,1.0265,1.0477,1.0438,1.0261,-0.34409,0.21839,-0.32913,1.0232,-1.1643,-1.2891,0.83432,-0.80335,-0.6123,0.49622,1.4268,0.6868,-2.8126,0.55955,0.92849,0.80229,3.0057,3.0759,-6.2087,-0.066087,-0.05995,2.8895,2.1509,2.0249,-1.6925,1.8594,0.98532,0.74694,-0.70858,-1.1097,0.64686,1.0865,0.96004,0.85961,0.074159,0.66079,-0.6211,0.56629,-1.0818,0.55088,1.2353,0.56255,0.53077,0.43702,0.84188,-0.58261,4.311,14.405,-10.625,-20.857,6.3139
1.2755,1.2772,1.2758,1.2757,1.277,1.2763,1.2765,1.2756,1.2767,1.2763,30.396,30.454,30.408,30.421,30.453,30.469,30.425,30.411,30.38,30.547,30.52,30.517,30.521,30.463,30.409,30.416,30.412,30.402,30.463,30.424,30.446,30.514,30.51,30.414,30.47,30.48,30.427,30.517,30.559,30.516,30.583,30.818,30.543,30.499,30.594,30.638,30.574,30.668,30.364,1.4162,0,6.868,0,-0.44849,0,0,0,0,0,1.4162,0,6.868,0,-0.44849,0,0,0,0,0,0,0,0,0,0,0,0,0,0,0,0,0,0,0,0,0,0,0,0,0,0,0,0,0,1.4255,-3.536,0,0,0,0,0,0,0,0,0,0,0,0,0,1.0461,1.045,1.0221,0.99886,0.99427,0.99717,0.94151,0.95527,1.0114,1.0092,1.0039,0.99127,1.0058,1.002,0.99532,1.0076,1.016,1.017,1.0409,0.986,1.0147,1.0407,1.0353,1.0152,1.054,1.045,1.0257,1.0488,1.0505,1.0419,0.99081,0.97254,1.0374,0.98324,1.0371,1.0265,1.0477,1.0438,1.0261,-0.34412,0.2184,-0.32907,1.0229,-1.1641,-1.2891,0.83432,-0.80323,-0.61233,0.49613,1.4265,0.68664,-2.8128,0.5595,0.92846,0.80229,3.0057,3.0758,-6.2086,-0.066072,-0.059953,2.8895,2.1509,2.0249,-1.6924,1.8593,0.98533,0.74694,-0.70857,-1.1097,0.6465,1.0868,0.96037,0.85961,0.074107,0.66074,-0.62109,0.56647,-1.0817,0.55072,1.2353,0.5626,0.53081,0.43704,0.84194,-0.58253,4.311,14.405,-10.625,-20.857,6.3139
1.2756,1.2771,1.2758,1.2758,1.2769,1.2763,1.2765,1.2757,1.2766,1.2763,30.524,30.581,30.536,30.548,30.58,30.597,30.552,30.539,30.507,30.674,30.647,30.644,30.649,30.59,30.537,30.544,30.54,30.53,30.591,30.551,30.574,30.642,30.637,30.541,30.597,30.607,30.555,30.644,30.686,30.643,30.71,30.946,30.67,30.627,30.721,30.766,30.702,30.795,30.492,1.4162,0,6.868,0,-0.44849,0,0,0,0,0,1.4162,0,6.868,0,-0.44849,0,0,0,0,0,0,0,0,0,0,0,0,0,0,0,0,0,0,0,0,0,0,0,0,0,0,0,0,0,1.4255,-3.536,0,0,0,0,0,0,0,0,0,0,0,0,0,1.0461,1.045,1.0221,0.99886,0.99427,0.99717,0.94151,0.95527,1.0114,1.0092,1.0039,0.99127,1.0058,1.002,0.99532,1.0076,1.016,1.017,1.0409,0.986,1.0147,1.0407,1.0353,1.0152,1.054,1.045,1.0257,1.0488,1.0505,1.0419,0.99081,0.97254,1.0374,0.98324,1.0371,1.0265,1.0477,1.0438,1.0261,-0.34416,0.21842,-0.32899,1.0226,-1.1639,-1.289,0.83432,-0.80308,-0.61236,0.49603,1.4261,0.68645,-2.8131,0.55944,0.92843,0.80229,3.0059,3.0757,-6.2085,-0.066056,-0.059957,2.8894,2.1509,2.0249,-1.6924,1.8592,0.98535,0.74693,-0.70856,-1.1096,0.64608,1.0871,0.96075,0.85961,0.074045,0.66068,-0.62108,0.5667,-1.0816,0.55052,1.2353,0.56266,0.53086,0.43706,0.84201,-0.58244,4.311,14.405,-10.625,-20.857,6.3139
1.2757,1.277,1.2759,1.2759,1.2768,1.2763,1.2764,1.2758,1.2766,1.2763,30.651,30.709,30.664,30.676,30.708,30.724,30.68,30.667,30.635,30.802,30.775,30.772,30.776,30.718,30.664,30.671,30.667,30.658,30.719,30.679,30.701,30.769,30.765,30.669,30.725,30.735,30.683,30.772,30.814,30.771,30.838,31.074,30.798,30.754,30.849,30.894,30.83,30.923,30.619,1.4162,0,6.868,0,-0.44849,0,0,0,0,0,1.4162,0,6.868,0,-0.44849,0,0,0,0,0,0,0,0,0,0,0,0,0,0,0,0,0,0,0,0,0,0,0,0,0,0,0,0,0,1.4255,-3.536,0,0,0,0,0,0,0,0,0,0,0,0,0,1.0461,1.045,1.0221,0.99886,0.99427,0.99717,0.94151,0.95527,1.0114,1.0092,1.0039,0.99127,1.0058,1.002,0.99532,1.0076,1.016,1.017,1.0409,0.986,1.0147,1.0407,1.0353,1.0152,1.054,1.045,1.0257,1.0488,1.0505,1.0419,0.99081,0.97254,1.0374,0.98324,1.0371,1.0265,1.0477,1.0438,1.0261,-0.3442,0.21844,-0.3289,1.0222,-1.1636,-1.289,0.83432,-0.80291,-0.61239,0.49592,1.4257,0.68623,-2.8133,0.55937,0.9284,0.80228,3.006,3.0756,-6.2084,-0.066036,-0.059961,2.8893,2.1508,2.0248,-1.6923,1.859,0.98537,0.74693,-0.70854,-1.1096,0.64558,1.0875,0.9612,0.85961,0.073976,0.66062,-0.62107,0.56695,-1.0814,0.55029,1.2353,0.56273,0.53092,0.43709,0.8421,-0.58233,4.311,14.405,-10.625,-20.857,6.3139
1.2758,1.2769,1.2759,1.276,1.2767,1.2763,1.2764,1.2759,1.2765,1.2763,30.779,30.837,30.791,30.804,30.835,30.852,30.808,30.794,30.763,30.93,30.903,30.899,30.904,30.845,30.792,30.799,30.795,30.785,30.846,30.806,30.829,30.897,30.893,30.797,30.852,30.862,30.81,30.899,30.941,30.899,30.966,31.201,30.926,30.882,30.976,31.021,30.957,31.051,30.747,1.4162,0,6.868,0,-0.44849,0,0,0,0,0,1.4162,0,6.868,0,-0.44849,0,0,0,0,0,0,0,0,0,0,0,0,0,0,0,0,0,0,0,0,0,0,0,0,0,0,0,0,0,1.4255,-3.536,0,0,0,0,0,0,0,0,0,0,0,0,0,1.0461,1.045,1.0221,0.99886,0.99427,0.99717,0.94151,0.95527,1.0114,1.0092,1.0039,0.99127,1.0058,1.002,0.99532,1.0076,1.016,1.017,1.0409,0.986,1.0147,1.0407,1.0353,1.0152,1.054,1.045,1.0257,1.0488,1.0505,1.0419,0.99081,0.97254,1.0374,0.98324,1.0371,1.0265,1.0477,1.0438,1.0261,-0.34426,0.21847,-0.32879,1.0218,-1.1634,-1.2889,0.83432,-0.80272,-0.61243,0.49579,1.4252,0.68599,-2.8136,0.55929,0.92836,0.80228,3.0061,3.0755,-6.2083,-0.066014,-0.059966,2.8893,2.1507,2.0248,-1.6922,1.8589,0.98539,0.74692,-0.70852,-1.1096,0.64502,1.0879,0.96171,0.8596,0.073898,0.66054,-0.62106,0.56725,-1.0812,0.55003,1.2353,0.56281,0.53099,0.43713,0.8422,-0.58222,4.311,14.405,-10.625,-20.857,6.3139
1.2759,1.2767,1.276,1.2761,1.2765,1.2763,1.2763,1.2761,1.2764,1.2763,30.907,30.964,30.919,30.931,30.963,30.979,30.935,30.922,30.89,31.057,31.03,31.027,31.032,30.973,30.919,30.926,30.923,30.913,30.974,30.934,30.957,31.024,31.02,30.924,30.98,30.99,30.938,31.027,31.069,31.026,31.093,31.329,31.053,31.01,31.104,31.149,31.085,31.178,30.875,1.4162,0,6.868,0,-0.44849,0,0,0,0,0,1.4162,0,6.868,0,-0.44849,0,0,0,0,0,0,0,0,0,0,0,0,0,0,0,0,0,0,0,0,0,0,0,0,0,0,0,0,0,1.4255,-3.536,0,0,0,0,0,0,0,0,0,0,0,0,0,1.0461,1.045,1.0221,0.99886,0.99427,0.99717,0.94151,0.95527,1.0114,1.0092,1.0039,0.99127,1.0058,1.002,0.99532,1.0076,1.016,1.017,1.0409,0.986,1.0147,1.0407,1.0353,1.0152,1.054,1.045,1.0257,1.0488,1.0505,1.0419,0.99081,0.97254,1.0374,0.98325,1.0371,1.0265,1.0477,1.0438,1.0261,-0.34432,0.21851,-0.32867,1.0214,-1.163,-1.2888,0.83433,-0.8025,-0.61248,0.49564,1.4246,0.68571,-2.814,0.5592,0.92832,0.80228,3.0063,3.0753,-6.2081,-0.06599,-0.059972,2.8892,2.1507,2.0247,-1.6922,1.8587,0.98541,0.74692,-0.7085,-1.1095,0.64439,1.0884,0.96229,0.8596,0.073811,0.66045,-0.62105,0.56757,-1.081,0.54974,1.2353,0.5629,0.53106,0.43717,0.84231,-0.58209,4.311,14.405,-10.625,-20.857,6.3139
1.276,1.2766,1.2761,1.2762,1.2764,1.2763,1.2763,1.2762,1.2764,1.2763,31.034,31.092,31.046,31.059,31.091,31.107,31.063,31.049,31.018,31.185,31.158,31.155,31.159,31.101,31.047,31.054,31.05,31.04,31.102,31.062,31.084,31.152,31.148,31.052,31.108,31.118,31.065,31.155,31.197,31.154,31.221,31.456,31.181,31.137,31.232,31.276,31.213,31.306,31.002,1.4162,0,6.868,0,-0.44849,0,0,0,0,0,1.4162,0,6.868,0,-0.44849,0,0,0,0,0,0,0,0,0,0,0,0,0,0,0,0,0,0,0,0,0,0,0,0,0,0,0,0,0,1.4255,-3.536,0,0,0,0,0,0,0,0,0,0,0,0,0,1.0461,1.045,1.0221,0.99886,0.99427,0.99717,0.94151,0.95527,1.0114,1.0092,1.0039,0.99127,1.0058,1.002,0.99532,1.0076,1.016,1.017,1.0409,0.986,1.0147,1.0407,1.0353,1.0152,1.054,1.045,1.0257,1.0488,1.0505,1.0419,0.99081,0.97254,1.0374,0.98325,1.0371,1.0265,1.0477,1.0438,1.0261,-0.34438,0.21854,-0.32853,1.0208,-1.1627,-1.2887,0.83433,-0.80226,-0.61253,0.49548,1.424,0.68541,-2.8143,0.55911,0.92827,0.80228,3.0065,3.0752,-6.208,-0.065963,-0.059979,2.8891,2.1506,2.0247,-1.6921,1.8585,0.98544,0.74692,-0.70848,-1.1095,0.64369,1.0889,0.96292,0.8596,0.073716,0.66036,-0.62103,0.56793,-1.0808,0.54942,1.2353,0.563,0.53115,0.43721,0.84244,-0.58196,4.311,14.405,-10.625,-20.857,6.3139
1.2761,1.2764,1.2761,1.2763,1.2762,1.2763,1.2762,1.2763,1.2763,1.2763,31.162,31.22,31.174,31.187,31.218,31.235,31.191,31.177,31.145,31.313,31.285,31.282,31.287,31.228,31.175,31.182,31.178,31.168,31.229,31.189,31.212,31.28,31.276,31.179,31.235,31.245,31.193,31.282,31.324,31.281,31.349,31.584,31.309,31.265,31.359,31.404,31.34,31.433,31.13,1.4162,0,6.868,0,-0.44849,0,0,0,0,0,1.4162,0,6.868,0,-0.44849,0,0,0,0,0,0,0,0,0,0,0,0,0,0,0,0,0,0,0,0,0,0,0,0,0,0,0,0,0,1.4255,-3.536,0,0,0,0,0,0,0,0,0,0,0,0,0,1.0461,1.045,1.0221,0.99886,0.99427,0.99717,0.94151,0.95527,1.0114,1.0092,1.0039,0.99127,1.0058,1.002,0.99532,1.0076,1.016,1.017,1.0409,0.986,1.0147,1.0407,1.0353,1.0152,1.054,1.045,1.0257,1.0488,1.0505,1.0419,0.99081,0.97254,1.0374,0.98325,1.0371,1.0265,1.0477,1.0438,1.0261,-0.34446,0.21858,-0.32837,1.0203,-1.1623,-1.2886,0.83434,-0.80199,-0.61258,0.49531,1.4234,0.68508,-2.8147,0.559,0.92822,0.80227,3.0067,3.075,-6.2078,-0.065933,-0.059986,2.889,2.1505,2.0246,-1.692,1.8583,0.98547,0.74691,-0.70846,-1.1094,0.64292,1.0895,0.96361,0.8596,0.073613,0.66025,-0.62102,0.56833,-1.0805,0.54906,1.2353,0.56311,0.53125,0.43726,0.84258,-0.58181,4.311,14.405,-10.625,-20.857,6.3139
1.2763,1.2762,1.2762,1.2765,1.2761,1.2763,1.2762,1.2765,1.2762,1.2763,31.289,31.347,31.302,31.314,31.346,31.362,31.318,31.305,31.273,31.44,31.413,31.41,31.415,31.356,31.302,31.309,31.305,31.296,31.357,31.317,31.34,31.407,31.403,31.307,31.363,31.373,31.321,31.41,31.452,31.409,31.476,31.712,31.436,31.392,31.487,31.532,31.468,31.561,31.258,1.4162,0,6.868,0,-0.44849,0,0,0,0,0,1.4162,0,6.868,0,-0.44849,0,0,0,0,0,0,0,0,0,0,0,0,0,0,0,0,0,0,0,0,0,0,0,0,0,0,0,0,0,1.4255,-3.536,0,0,0,0,0,0,0,0,0,0,0,0,0,1.0461,1.045,1.0221,0.99886,0.99427,0.99717,0.94151,0.95527,1.0114,1.0092,1.0039,0.99127,1.0058,1.002,0.99532,1.0076,1.016,1.017,1.0409,0.986,1.0147,1.0407,1.0353,1.0152,1.054,1.045,1.0257,1.0488,1.0505,1.0419,0.99081,0.97254,1.0374,0.98325,1.0371,1.0265,1.0477,1.0438,1.0261,-0.34454,0.21863,-0.32821,1.0197,-1.1619,-1.2885,0.83435,-0.8017,-0.61264,0.49512,1.4227,0.68472,-2.8152,0.55888,0.92816,0.80227,3.0069,3.0748,-6.2077,-0.0659,-0.059994,2.889,2.1504,2.0245,-1.6919,1.8581,0.98551,0.74691,-0.70844,-1.1093,0.64209,1.0902,0.96437,0.8596,0.073501,0.66014,-0.621,0.56876,-1.0803,0.54867,1.2353,0.56323,0.53135,0.43732,0.84274,-0.58165,4.311,14.405,-10.625,-20.857,6.3139
1.2764,1.276,1.2763,1.2766,1.2759,1.2763,1.2761,1.2766,1.2761,1.2763,31.417,31.475,31.429,31.442,31.474,31.49,31.446,31.432,31.401,31.568,31.541,31.538,31.542,31.484,31.43,31.437,31.433,31.423,31.484,31.445,31.467,31.535,31.531,31.435,31.491,31.501,31.448,31.538,31.58,31.537,31.604,31.839,31.564,31.52,31.615,31.659,31.595,31.689,31.385,1.4162,0,6.868,0,-0.44849,0,0,0,0,0,1.4162,0,6.868,0,-0.44849,0,0,0,0,0,0,0,0,0,0,0,0,0,0,0,0,0,0,0,0,0,0,0,0,0,0,0,0,0,1.4255,-3.536,0,0,0,0,0,0,0,0,0,0,0,0,0,1.0461,1.045,1.0221,0.99886,0.99427,0.99717,0.94151,0.95527,1.0114,1.0092,1.0039,0.99127,1.0058,1.002,0.99532,1.0076,1.016,1.017,1.0409,0.986,1.0147,1.0407,1.0353,1.0152,1.054,1.045,1.0257,1.0488,1.0505,1.0419,0.99081,0.97254,1.0374,0.98325,1.0371,1.0265,1.0477,1.0438,1.0261,-0.34461,0.21867,-0.32804,1.0191,-1.1615,-1.2884,0.83436,-0.80142,-0.6127,0.49493,1.422,0.68437,-2.8156,0.55877,0.9281,0.80227,3.0072,3.0746,-6.2075,-0.065869,-0.060001,2.8889,2.1503,2.0245,-1.6918,1.8579,0.98554,0.74691,-0.70842,-1.1093,0.64127,1.0908,0.96511,0.8596,0.073392,0.66003,-0.62099,0.56918,-1.08,0.54828,1.2352,0.56335,0.53145,0.43737,0.84289,-0.5815,4.311,14.405,-10.625,-20.857,6.3139
1.2765,1.2758,1.2764,1.2768,1.2758,1.2763,1.2761,1.2768,1.276,1.2763,31.545,31.602,31.557,31.569,31.601,31.618,31.573,31.56,31.528,31.695,31.668,31.665,31.67,31.611,31.558,31.565,31.561,31.551,31.612,31.572,31.595,31.663,31.658,31.562,31.618,31.628,31.576,31.665,31.707,31.664,31.731,31.967,31.692,31.648,31.742,31.787,31.723,31.816,31.513,1.4162,0,6.868,0,-0.44849,0,0,0,0,0,1.4162,0,6.868,0,-0.44849,0,0,0,0,0,0,0,0,0,0,0,0,0,0,0,0,0,0,0,0,0,0,0,0,0,0,0,0,0,1.4255,-3.536,0,0,0,0,0,0,0,0,0,0,0,0,0,1.0461,1.045,1.0221,0.99886,0.99427,0.99717,0.94151,0.95527,1.0114,1.0092,1.0039,0.99127,1.0058,1.002,0.99532,1.0076,1.016,1.017,1.0409,0.986,1.0147,1.0407,1.0353,1.0152,1.054,1.045,1.0257,1.0488,1.0505,1.0419,0.99081,0.97254,1.0374,0.98325,1.0371,1.0265,1.0477,1.0438,1.0261,-0.34469,0.21872,-0.32788,1.0186,-1.1612,-1.2882,0.83437,-0.80115,-0.61275,0.49476,1.4213,0.68404,-2.816,0.55866,0.92805,0.80226,3.0074,3.0745,-6.2073,-0.065839,-0.060009,2.8888,2.1503,2.0244,-1.6917,1.8576,0.98558,0.7469,-0.7084,-1.1092,0.6405,1.0914,0.9658,0.8596,0.073289,0.65993,-0.62097,0.56958,-1.0797,0.54792,1.2352,0.56346,0.53155,0.43742,0.84303,-0.58135,4.311,14.405,-10.625,-20.857,6.3139
1.2767,1.2757,1.2765,1.2769,1.2756,1.2763,1.276,1.2769,1.2759,1.2763,31.672,31.73,31.685,31.697,31.729,31.745,31.701,31.688,31.656,31.823,31.796,31.793,31.797,31.739,31.685,31.692,31.688,31.679,31.74,31.7,31.722,31.79,31.786,31.69,31.746,31.756,31.704,31.793,31.835,31.792,31.859,32.095,31.819,31.775,31.87,31.915,31.851,31.944,31.64,1.4162,0,6.868,0,-0.44849,0,0,0,0,0,1.4162,0,6.868,0,-0.44849,0,0,0,0,0,0,0,0,0,0,0,0,0,0,0,0,0,0,0,0,0,0,0,0,0,0,0,0,0,1.4255,-3.536,0,0,0,0,0,0,0,0,0,0,0,0,0,1.0461,1.045,1.0221,0.99886,0.99427,0.99717,0.94151,0.95527,1.0114,1.0092,1.0039,0.99127,1.0058,1.002,0.99532,1.0076,1.016,1.017,1.0409,0.986,1.0147,1.0407,1.0353,1.0152,1.054,1.045,1.0257,1.0488,1.0505,1.0419,0.9908,0.97254,1.0374,0.98325,1.0371,1.0265,1.0477,1.0438,1.0261,-0.34476,0.21876,-0.32774,1.018,-1.1608,-1.2881,0.83438,-0.8009,-0.6128,0.49459,1.4207,0.68373,-2.8164,0.55856,0.928,0.80226,3.0076,3.0743,-6.2072,-0.065811,-0.060016,2.8887,2.1502,2.0243,-1.6916,1.8575,0.98561,0.7469,-0.70838,-1.1092,0.63977,1.092,0.96646,0.8596,0.073193,0.65983,-0.62096,0.56995,-1.0795,0.54758,1.2352,0.56356,0.53164,0.43747,0.84317,-0.58122,4.311,14.405,-10.625,-20.857,6.3139
1.2768,1.2755,1.2765,1.277,1.2755,1.2763,1.276,1.277,1.2758,1.2763,31.8,31.858,31.812,31.825,31.856,31.873,31.829,31.815,31.784,31.951,31.924,31.92,31.925,31.866,31.813,31.82,31.816,31.806,31.867,31.827,31.85,31.918,31.914,31.818,31.873,31.883,31.831,31.92,31.962,31.92,31.987,32.222,31.947,31.903,31.998,32.042,31.978,32.072,31.768,1.4162,0,6.868,0,-0.44849,0,0,0,0,0,1.4162,0,6.868,0,-0.44849,0,0,0,0,0,0,0,0,0,0,0,0,0,0,0,0,0,0,0,0,0,0,0,0,0,0,0,0,0,1.4255,-3.536,0,0,0,0,0,0,0,0,0,0,0,0,0,1.0461,1.045,1.0221,0.99886,0.99427,0.99717,0.94151,0.95527,1.0114,1.0092,1.0039,0.99127,1.0058,1.002,0.99532,1.0076,1.016,1.017,1.0409,0.986,1.0147,1.0407,1.0353,1.0152,1.054,1.045,1.0257,1.0488,1.0505,1.0419,0.9908,0.97254,1.0374,0.98325,1.0371,1.0265,1.0477,1.0438,1.0261,-0.34483,0.2188,-0.3276,1.0175,-1.1605,-1.288,0.83438,-0.80066,-0.61285,0.49444,1.4201,0.68344,-2.8168,0.55846,0.92796,0.80226,3.0078,3.0742,-6.207,-0.065785,-0.060022,2.8886,2.1501,2.0243,-1.6915,1.8573,0.98564,0.7469,-0.70837,-1.1091,0.6391,1.0925,0.96707,0.85959,0.073104,0.65974,-0.62095,0.5703,-1.0793,0.54726,1.2352,0.56366,0.53173,0.43752,0.8433,-0.5811,4.311,14.405,-10.625,-20.857,6.3139
1.2769,1.2754,1.2766,1.2771,1.2754,1.2763,1.2759,1.2771,1.2758,1.2763,31.928,31.985,31.94,31.952,31.984,32,31.956,31.943,31.911,32.078,32.051,32.048,32.053,31.994,31.94,31.947,31.944,31.934,31.995,31.955,31.978,32.046,32.041,31.945,32.001,32.011,31.959,32.048,32.09,32.047,32.114,32.35,32.074,32.031,32.125,32.17,32.106,32.199,31.896,1.4162,0,6.8679,0,-0.44849,0,0,0,0,0,1.4162,0,6.868,0,-0.44849,0,0,0,0,0,0,0,0,0,0,0,0,0,0,0,0,0,0,0,0,0,0,0,0,0,0,0,0,0,1.4255,-3.536,0,0,0,0,0,0,0,0,0,0,0,0,0,1.0461,1.045,1.0221,0.99886,0.99427,0.99717,0.94151,0.95527,1.0114,1.0092,1.0039,0.99127,1.0058,1.002,0.99532,1.0076,1.016,1.017,1.0409,0.986,1.0147,1.0407,1.0353,1.0152,1.054,1.045,1.0257,1.0488,1.0505,1.0419,0.9908,0.97254,1.0374,0.98325,1.0371,1.0265,1.0477,1.0438,1.0261,-0.34489,0.21883,-0.32747,1.0171,-1.1602,-1.288,0.83439,-0.80045,-0.61289,0.4943,1.4196,0.68317,-2.8171,0.55838,0.92791,0.80225,3.0079,3.074,-6.2069,-0.06576,-0.060028,2.8885,2.15,2.0242,-1.6914,1.8571,0.98566,0.7469,-0.70835,-1.1091,0.63847,1.093,0.96764,0.85959,0.073022,0.65965,-0.62094,0.57062,-1.079,0.54697,1.2352,0.56375,0.53181,0.43756,0.84342,-0.58098,4.311,14.405,-10.625,-20.857,6.3139
1.277,1.2752,1.2767,1.2772,1.2753,1.2763,1.2759,1.2772,1.2757,1.2762,32.055,32.113,32.067,32.08,32.112,32.128,32.084,32.07,32.039,32.206,32.179,32.176,32.18,32.122,32.068,32.075,32.071,32.061,32.123,32.083,32.105,32.173,32.169,32.073,32.129,32.139,32.087,32.176,32.218,32.175,32.242,32.477,32.202,32.158,32.253,32.297,32.234,32.327,32.023,1.4162,0,6.8679,0,-0.44849,0,0,0,0,0,1.4162,0,6.868,0,-0.44849,0,0,0,0,0,0,0,0,0,0,0,0,0,0,0,0,0,0,0,0,0,0,0,0,0,0,0,0,0,1.4255,-3.536,0,0,0,0,0,0,0,0,0,0,0,0,0,1.0461,1.045,1.0221,0.99886,0.99427,0.99717,0.94151,0.95527,1.0114,1.0092,1.0039,0.99127,1.0058,1.002,0.99532,1.0076,1.016,1.017,1.0409,0.986,1.0147,1.0407,1.0353,1.0152,1.054,1.045,1.0257,1.0488,1.0505,1.0419,0.9908,0.97254,1.0374,0.98325,1.0371,1.0265,1.0477,1.0438,1.0261,-0.34495,0.21887,-0.32735,1.0167,-1.16,-1.2879,0.8344,-0.80024,-0.61293,0.49417,1.4191,0.68293,-2.8174,0.5583,0.92787,0.80225,3.0081,3.0739,-6.2068,-0.065738,-0.060034,2.8885,2.15,2.0242,-1.6914,1.8569,0.98569,0.74689,-0.70834,-1.109,0.63788,1.0935,0.96816,0.85959,0.072946,0.65958,-0.62093,0.57092,-1.0788,0.54669,1.2352,0.56384,0.53188,0.4376,0.84353,-0.58088,4.311,14.405,-10.625,-20.857,6.3139
1.2771,1.2751,1.2767,1.2773,1.2752,1.2763,1.2759,1.2773,1.2756,1.2762,32.183,32.241,32.195,32.208,32.239,32.256,32.212,32.198,32.167,32.334,32.306,32.303,32.308,32.249,32.196,32.203,32.199,32.189,32.25,32.21,32.233,32.301,32.297,32.201,32.256,32.266,32.214,32.303,32.345,32.302,32.37,32.605,32.33,32.286,32.38,32.425,32.361,32.454,32.151,1.4162,0,6.8679,0,-0.44849,0,0,0,0,0,1.4162,0,6.868,0,-0.44849,0,0,0,0,0,0,0,0,0,0,0,0,0,0,0,0,0,0,0,0,0,0,0,0,0,0,0,0,0,1.4255,-3.536,0,0,0,0,0,0,0,0,0,0,0,0,0,1.0461,1.045,1.0221,0.99886,0.99427,0.99717,0.94151,0.95527,1.0114,1.0092,1.0039,0.99127,1.0058,1.002,0.99532,1.0076,1.016,1.017,1.0409,0.986,1.0147,1.0407,1.0353,1.0152,1.054,1.045,1.0257,1.0488,1.0505,1.0419,0.9908,0.97254,1.0374,0.98325,1.0371,1.0265,1.0477,1.0438,1.0261,-0.345,0.2189,-0.32724,1.0163,-1.1597,-1.2878,0.83441,-0.80006,-0.61297,0.49405,1.4186,0.6827,-2.8177,0.55822,0.92784,0.80225,3.0083,3.0738,-6.2067,-0.065717,-0.060039,2.8884,2.1499,2.0241,-1.6913,1.8568,0.98571,0.74689,-0.70833,-1.109,0.63735,1.0939,0.96864,0.8596,0.072877,0.65951,-0.62092,0.57119,-1.0787,0.54644,1.2352,0.56392,0.53195,0.43764,0.84363,-0.58079,4.311,14.405,-10.625,-20.857,6.3139
1.2772,1.275,1.2768,1.2774,1.2751,1.2763,1.2758,1.2774,1.2756,1.2762,32.31,32.368,32.323,32.335,32.367,32.383,32.339,32.326,32.294,32.461,32.434,32.431,32.436,32.377,32.323,32.33,32.326,32.317,32.378,32.338,32.361,32.428,32.424,32.328,32.384,32.394,32.342,32.431,32.473,32.43,32.497,32.733,32.457,32.413,32.508,32.553,32.489,32.582,32.279,1.4162,0,6.8679,0,-0.44849,0,0,0,0,0,1.4162,0,6.868,0,-0.44849,0,0,0,0,0,0,0,0,0,0,0,0,0,0,0,0,0,0,0,0,0,0,0,0,0,0,0,0,0,1.4255,-3.536,0,0,0,0,0,0,0,0,0,0,0,0,0,1.0461,1.045,1.0221,0.99886,0.99427,0.99717,0.94151,0.95527,1.0114,1.0092,1.0039,0.99127,1.0058,1.002,0.99532,1.0076,1.016,1.017,1.0409,0.986,1.0147,1.0407,1.0353,1.0152,1.054,1.045,1.0257,1.0488,1.0505,1.0419,0.9908,0.97254,1.0374,0.98325,1.0371,1.0265,1.0477,1.0438,1.0261,-0.34505,0.21893,-0.32713,1.016,-1.1595,-1.2877,0.83442,-0.79989,-0.613,0.49394,1.4182,0.68249,-2.818,0.55815,0.9278,0.80225,3.0084,3.0737,-6.2066,-0.065698,-0.060044,2.8884,2.1499,2.0241,-1.6913,1.8567,0.98573,0.74689,-0.70832,-1.109,0.63686,1.0942,0.96908,0.8596,0.072815,0.65944,-0.62091,0.57144,-1.0785,0.54621,1.2352,0.56399,0.53201,0.43767,0.84373,-0.5807,4.311,14.405,-10.625,-20.857,6.3139
1.2772,1.2749,1.2768,1.2774,1.275,1.2763,1.2758,1.2775,1.2755,1.2762,32.438,32.496,32.45,32.463,32.495,32.511,32.467,32.453,32.422,32.589,32.562,32.559,32.563,32.505,32.451,32.458,32.454,32.444,32.506,32.466,32.488,32.556,32.552,32.456,32.512,32.522,32.469,32.559,32.601,32.558,32.625,32.86,32.585,32.541,32.636,32.68,32.617,32.71,32.406,1.4162,0,6.8679,0,-0.44849,0,0,0,0,0,1.4162,0,6.868,0,-0.44849,0,0,0,0,0,0,0,0,0,0,0,0,0,0,0,0,0,0,0,0,0,0,0,0,0,0,0,0,0,1.4255,-3.536,0,0,0,0,0,0,0,0,0,0,0,0,0,1.0461,1.045,1.0221,0.99886,0.99427,0.99717,0.94151,0.95527,1.0114,1.0092,1.0039,0.99127,1.0058,1.002,0.99532,1.0076,1.016,1.017,1.0409,0.986,1.0147,1.0407,1.0353,1.0152,1.054,1.045,1.0257,1.0488,1.0505,1.0419,0.9908,0.97254,1.0374,0.98325,1.0371,1.0265,1.0477,1.0438,1.0261,-0.34509,0.21895,-0.32704,1.0156,-1.1593,-1.2877,0.83442,-0.79974,-0.61303,0.49384,1.4178,0.68231,-2.8182,0.55809,0.92777,0.80224,3.0085,3.0736,-6.2065,-0.065682,-0.060048,2.8883,2.1498,2.024,-1.6912,1.8566,0.98575,0.74689,-0.70831,-1.1089,0.63642,1.0946,0.96948,0.8596,0.072759,0.65938,-0.6209,0.57166,-1.0783,0.546,1.2352,0.56406,0.53207,0.4377,0.84381,-0.58063,4.311,14.405,-10.625,-20.857,6.3139
1.2773,1.2748,1.2769,1.2775,1.2749,1.2763,1.2758,1.2775,1.2755,1.2762,32.566,32.623,32.578,32.59,32.622,32.639,32.594,32.581,32.549,32.716,32.689,32.686,32.691,32.632,32.579,32.586,32.582,32.572,32.633,32.593,32.616,32.684,32.679,32.583,32.639,32.649,32.597,32.686,32.728,32.685,32.752,32.988,32.713,32.669,32.763,32.808,32.744,32.837,32.534,1.4162,0,6.8679,0,-0.44849,0,0,0,0,0,1.4162,0,6.868,0,-0.44849,0,0,0,0,0,0,0,0,0,0,0,0,0,0,0,0,0,0,0,0,0,0,0,0,0,0,0,0,0,1.4255,-3.536,0,0,0,0,0,0,0,0,0,0,0,0,0,1.0461,1.045,1.0221,0.99886,0.99427,0.99717,0.94151,0.95527,1.0114,1.0092,1.0039,0.99127,1.0058,1.002,0.99532,1.0076,1.016,1.017,1.0409,0.986,1.0147,1.0407,1.0353,1.0152,1.054,1.045,1.0257,1.0488,1.0505,1.0419,0.9908,0.97254,1.0374,0.98325,1.0371,1.0265,1.0477,1.0438,1.0261,-0.34513,0.21898,-0.32696,1.0154,-1.1591,-1.2876,0.83443,-0.7996,-0.61306,0.49376,1.4175,0.68214,-2.8184,0.55804,0.92775,0.80224,3.0086,3.0735,-6.2064,-0.065667,-0.060052,2.8883,2.1498,2.024,-1.6912,1.8565,0.98577,0.74689,-0.7083,-1.1089,0.63603,1.0949,0.96983,0.8596,0.072711,0.65933,-0.6209,0.57186,-1.0782,0.54581,1.2352,0.56411,0.53212,0.43773,0.84389,-0.58057,4.311,14.405,-10.625,-20.857,6.3139
1.2774,1.2748,1.2769,1.2775,1.2749,1.2763,1.2758,1.2776,1.2755,1.2762,32.693,32.751,32.706,32.718,32.75,32.766,32.722,32.709,32.677,32.844,32.817,32.814,32.818,32.76,32.706,32.713,32.709,32.7,32.761,32.721,32.744,32.811,32.807,32.711,32.767,32.777,32.725,32.814,32.856,32.813,32.88,33.116,32.84,32.796,32.891,32.936,32.872,32.965,32.661,1.4162,0,6.8679,0,-0.44849,0,0,0,0,0,1.4162,0,6.868,0,-0.44849,0,0,0,0,0,0,0,0,0,0,0,0,0,0,0,0,0,0,0,0,0,0,0,0,0,0,0,0,0,1.4255,-3.536,0,0,0,0,0,0,0,0,0,0,0,0,0,1.0461,1.045,1.0221,0.99886,0.99427,0.99717,0.94151,0.95527,1.0114,1.0092,1.0039,0.99127,1.0058,1.002,0.99532,1.0076,1.016,1.017,1.0409,0.986,1.0147,1.0407,1.0353,1.0152,1.054,1.045,1.0257,1.0488,1.0505,1.0419,0.9908,0.97254,1.0374,0.98325,1.0371,1.0265,1.0477,1.0438,1.0261,-0.34517,0.219,-0.32688,1.0151,-1.159,-1.2875,0.83444,-0.79948,-0.61308,0.49368,1.4172,0.682,-2.8186,0.55799,0.92772,0.80224,3.0087,3.0734,-6.2063,-0.065653,-0.060055,2.8882,2.1497,2.024,-1.6911,1.8564,0.98578,0.74689,-0.7083,-1.1089,0.63569,1.0952,0.97014,0.8596,0.072669,0.65928,-0.62089,0.57204,-1.0781,0.54565,1.2351,0.56417,0.53217,0.43776,0.84396,-0.58051,4.311,14.405,-10.625,-20.857,6.3139
1.2774,1.2747,1.2769,1.2776,1.2748,1.2763,1.2757,1.2776,1.2754,1.2762,32.821,32.879,32.833,32.846,32.877,32.894,32.85,32.836,32.805,32.972,32.945,32.941,32.946,32.887,32.834,32.841,32.837,32.827,32.888,32.848,32.871,32.939,32.935,32.839,32.895,32.904,32.852,32.941,32.983,32.941,33.008,33.243,32.968,32.924,33.019,33.063,32.999,33.093,32.789,1.4162,0,6.8679,0,-0.44849,0,0,0,0,0,1.4162,0,6.868,0,-0.44849,0,0,0,0,0,0,0,0,0,0,0,0,0,0,0,0,0,0,0,0,0,0,0,0,0,0,0,0,0,1.4255,-3.536,0,0,0,0,0,0,0,0,0,0,0,0,0,1.0461,1.045,1.0221,0.99886,0.99427,0.99717,0.94151,0.95527,1.0114,1.0092,1.0039,0.99127,1.0058,1.002,0.99532,1.0076,1.016,1.017,1.0409,0.986,1.0147,1.0407,1.0353,1.0152,1.054,1.045,1.0257,1.0488,1.0505,1.0419,0.9908,0.97255,1.0374,0.98325,1.0371,1.0265,1.0477,1.0438,1.0261,-0.3452,0.21902,-0.32681,1.0149,-1.1589,-1.2875,0.83444,-0.79938,-0.6131,0.49362,1.417,0.68188,-2.8188,0.55795,0.9277,0.80224,3.0088,3.0733,-6.2063,-0.065642,-0.060058,2.8882,2.1497,2.024,-1.6911,1.8563,0.9858,0.74689,-0.70829,-1.1089,0.63539,1.0954,0.97041,0.8596,0.072634,0.65925,-0.62089,0.57219,-1.078,0.5455,1.2351,0.56421,0.53221,0.43778,0.84402,-0.58047,4.311,14.405,-10.625,-20.857,6.3139
1.2774,1.2746,1.2769,1.2776,1.2748,1.2763,1.2757,1.2777,1.2754,1.2762,32.949,33.006,32.961,32.973,33.005,33.021,32.977,32.964,32.932,33.099,33.072,33.069,33.074,33.015,32.962,32.969,32.965,32.955,33.016,32.976,32.999,33.067,33.062,32.966,33.022,33.032,32.98,33.069,33.111,33.068,33.135,33.371,33.096,33.052,33.146,33.191,33.127,33.22,32.917,1.4162,0,6.8679,0,-0.44849,0,0,0,0,0,1.4162,0,6.868,0,-0.44849,0,0,0,0,0,0,0,0,0,0,0,0,0,0,0,0,0,0,0,0,0,0,0,0,0,0,0,0,0,1.4255,-3.536,0,0,0,0,0,0,0,0,0,0,0,0,0,1.0461,1.045,1.0221,0.99886,0.99427,0.99717,0.94151,0.95527,1.0114,1.0092,1.0039,0.99127,1.0058,1.002,0.99532,1.0076,1.016,1.017,1.0409,0.986,1.0147,1.0407,1.0353,1.0152,1.054,1.045,1.0257,1.0488,1.0505,1.0419,0.9908,0.97255,1.0374,0.98325,1.0371,1.0265,1.0477,1.0438,1.0261,-0.34523,0.21904,-0.32676,1.0148,-1.1588,-1.2875,0.83445,-0.79929,-0.61312,0.49357,1.4168,0.68178,-2.8189,0.55792,0.92769,0.80224,3.0089,3.0733,-6.2062,-0.065633,-0.060061,2.8882,2.1497,2.0239,-1.6911,1.8562,0.98581,0.74689,-0.70829,-1.1088,0.63514,1.0956,0.97063,0.8596,0.072605,0.65921,-0.62089,0.57231,-1.0779,0.54538,1.2351,0.56425,0.53224,0.4378,0.84408,-0.58043,4.311,14.405,-10.625,-20.857,6.3139
1.2775,1.2746,1.277,1.2776,1.2747,1.2763,1.2757,1.2777,1.2754,1.2762,33.076,33.134,33.088,33.101,33.133,33.149,33.105,33.091,33.06,33.227,33.2,33.197,33.201,33.143,33.089,33.096,33.092,33.082,33.144,33.104,33.126,33.194,33.19,33.094,33.15,33.16,33.108,33.197,33.239,33.196,33.263,33.498,33.223,33.179,33.274,33.318,33.255,33.348,33.044,1.4162,0,6.8679,0,-0.44849,0,0,0,0,0,1.4162,0,6.868,0,-0.44849,0,0,0,0,0,0,0,0,0,0,0,0,0,0,0,0,0,0,0,0,0,0,0,0,0,0,0,0,0,1.4255,-3.536,0,0,0,0,0,0,0,0,0,0,0,0,0,1.0461,1.045,1.0221,0.99886,0.99427,0.99717,0.94151,0.95527,1.0114,1.0092,1.0039,0.99127,1.0058,1.002,0.99532,1.0076,1.016,1.017,1.0409,0.986,1.0147,1.0407,1.0353,1.0152,1.054,1.045,1.0257,1.0488,1.0505,1.0419,0.9908,0.97255,1.0374,0.98325,1.0371,1.0265,1.0477,1.0438,1.0261,-0.34525,0.21906,-0.32671,1.0146,-1.1587,-1.2874,0.83446,-0.79922,-0.61313,0.49352,1.4166,0.6817,-2.819,0.55789,0.92767,0.80223,3.0089,3.0732,-6.2062,-0.065625,-0.060063,2.8881,2.1497,2.0239,-1.6911,1.8562,0.98582,0.74689,-0.70829,-1.1088,0.63494,1.0957,0.97081,0.8596,0.072584,0.65919,-0.62089,0.57241,-1.0778,0.54528,1.2351,0.56428,0.53227,0.43782,0.84412,-0.58041,4.311,14.405,-10.625,-20.857,6.3139
1.2775,1.2746,1.277,1.2776,1.2747,1.2763,1.2757,1.2777,1.2754,1.2762,33.204,33.262,33.216,33.229,33.26,33.277,33.233,33.219,33.188,33.355,33.327,33.324,33.329,33.27,33.217,33.224,33.22,33.21,33.271,33.231,33.254,33.322,33.318,33.222,33.277,33.287,33.235,33.324,33.366,33.324,33.391,33.626,33.351,33.307,33.401,33.446,33.382,33.475,33.172,1.4162,0,6.8679,0,-0.44849,0,0,0,0,0,1.4162,0,6.868,0,-0.44849,0,0,0,0,0,0,0,0,0,0,0,0,0,0,0,0,0,0,0,0,0,0,0,0,0,0,0,0,0,1.4255,-3.536,0,0,0,0,0,0,0,0,0,0,0,0,0,1.0461,1.045,1.0221,0.99886,0.99427,0.99717,0.94151,0.95527,1.0114,1.0092,1.0039,0.99127,1.0058,1.002,0.99532,1.0076,1.016,1.017,1.0409,0.986,1.0147,1.0407,1.0353,1.0152,1.054,1.045,1.0257,1.0488,1.0505,1.0419,0.9908,0.97255,1.0374,0.98325,1.0371,1.0265,1.0477,1.0438,1.0261,-0.34527,0.21907,-0.32667,1.0145,-1.1586,-1.2874,0.83446,-0.79916,-0.61314,0.49349,1.4165,0.68164,-2.8191,0.55787,0.92766,0.80223,3.009,3.0732,-6.2062,-0.06562,-0.060065,2.8881,2.1496,2.0239,-1.691,1.8561,0.98583,0.7469,-0.70829,-1.1088,0.63478,1.0959,0.97095,0.85961,0.072569,0.65917,-0.62089,0.57249,-1.0778,0.5452,1.2351,0.56431,0.53229,0.43783,0.84416,-0.5804,4.311,14.405,-10.625,-20.857,6.3139
1.2775,1.2745,1.277,1.2776,1.2747,1.2763,1.2757,1.2777,1.2754,1.2762,33.332,33.389,33.344,33.356,33.388,33.404,33.36,33.347,33.315,33.482,33.455,33.452,33.457,33.398,33.344,33.351,33.347,33.338,33.399,33.359,33.382,33.449,33.445,33.349,33.405,33.415,33.363,33.452,33.494,33.451,33.518,33.754,33.478,33.434,33.529,33.574,33.51,33.603,33.3,1.4162,0,6.8679,0,-0.44849,0,0,0,0,0,1.4162,0,6.868,0,-0.44849,0,0,0,0,0,0,0,0,0,0,0,0,0,0,0,0,0,0,0,0,0,0,0,0,0,0,0,0,0,1.4255,-3.536,0,0,0,0,0,0,0,0,0,0,0,0,0,1.0461,1.045,1.0221,0.99886,0.99427,0.99717,0.94151,0.95527,1.0114,1.0092,1.0039,0.99127,1.0058,1.002,0.99532,1.0076,1.016,1.017,1.0409,0.986,1.0147,1.0407,1.0353,1.0152,1.054,1.045,1.0257,1.0488,1.0505,1.0419,0.9908,0.97255,1.0374,0.98325,1.0371,1.0265,1.0477,1.0438,1.0261,-0.34529,0.21908,-0.32664,1.0145,-1.1586,-1.2874,0.83447,-0.79912,-0.61314,0.49347,1.4164,0.6816,-2.8191,0.55786,0.92766,0.80223,3.009,3.0732,-6.2062,-0.065616,-0.060066,2.8881,2.1496,2.0239,-1.691,1.8561,0.98583,0.7469,-0.70829,-1.1088,0.63468,1.0959,0.97104,0.85961,0.072561,0.65916,-0.62089,0.57254,-1.0777,0.54514,1.2351,0.56433,0.53231,0.43785,0.84419,-0.58039,4.311,14.405,-10.625,-20.857,6.3139
1.2775,1.2745,1.277,1.2776,1.2747,1.2763,1.2757,1.2777,1.2754,1.2762,33.459,33.517,33.471,33.484,33.516,33.532,33.488,33.474,33.443,33.61,33.583,33.58,33.584,33.526,33.472,33.479,33.475,33.465,33.527,33.487,33.509,33.577,33.573,33.477,33.533,33.543,33.49,33.58,33.622,33.579,33.646,33.881,33.606,33.562,33.657,33.701,33.638,33.731,33.427,1.4162,0,6.8679,0,-0.44849,0,0,0,0,0,1.4162,0,6.868,0,-0.44849,0,0,0,0,0,0,0,0,0,0,0,0,0,0,0,0,0,0,0,0,0,0,0,0,0,0,0,0,0,1.4255,-3.536,0,0,0,0,0,0,0,0,0,0,0,0,0,1.0461,1.045,1.0221,0.99886,0.99427,0.99717,0.94151,0.95527,1.0114,1.0092,1.0039,0.99127,1.0058,1.002,0.99532,1.0076,1.016,1.017,1.0409,0.986,1.0147,1.0407,1.0353,1.0152,1.054,1.045,1.0257,1.0488,1.0505,1.0419,0.9908,0.97255,1.0374,0.98325,1.0371,1.0265,1.0477,1.0438,1.0261,-0.3453,0.21909,-0.32661,1.0144,-1.1586,-1.2874,0.83447,-0.7991,-0.61315,0.49346,1.4163,0.68158,-2.8192,0.55785,0.92765,0.80223,3.009,3.0732,-6.2062,-0.065614,-0.060067,2.8881,2.1496,2.0239,-1.691,1.8561,0.98584,0.7469,-0.7083,-1.1088,0.63462,1.096,0.97109,0.85961,0.072559,0.65915,-0.62089,0.57256,-1.0777,0.54511,1.2351,0.56434,0.53232,0.43786,0.84421,-0.5804,4.311,14.405,-10.625,-20.857,6.3139
1.2775,1.2745,1.277,1.2776,1.2747,1.2763,1.2757,1.2777,1.2754,1.2762,33.587,33.644,33.599,33.612,33.643,33.66,33.615,33.602,33.57,33.737,33.71,33.707,33.712,33.653,33.6,33.607,33.603,33.593,33.654,33.614,33.637,33.705,33.701,33.604,33.66,33.67,33.618,33.707,33.749,33.706,33.773,34.009,33.734,33.69,33.784,33.829,33.765,33.858,33.555,1.4162,0,6.8679,0,-0.44849,0,0,0,0,0,1.4162,0,6.868,0,-0.44849,0,0,0,0,0,0,0,0,0,0,0,0,0,0,0,0,0,0,0,0,0,0,0,0,0,0,0,0,0,1.4255,-3.536,0,0,0,0,0,0,0,0,0,0,0,0,0,1.0461,1.045,1.0221,0.99886,0.99427,0.99717,0.94151,0.95527,1.0114,1.0092,1.0039,0.99127,1.0058,1.002,0.99532,1.0076,1.016,1.017,1.0409,0.986,1.0147,1.0407,1.0353,1.0152,1.054,1.045,1.0257,1.0488,1.0505,1.0419,0.9908,0.97255,1.0374,0.98325,1.0371,1.0265,1.0477,1.0438,1.0261,-0.34531,0.2191,-0.3266,1.0144,-1.1586,-1.2874,0.83448,-0.7991,-0.61315,0.49347,1.4163,0.68158,-2.8192,0.55785,0.92765,0.80223,3.009,3.0732,-6.2062,-0.065614,-0.060067,2.8881,2.1496,2.0239,-1.691,1.8561,0.98584,0.7469,-0.7083,-1.1088,0.63461,1.096,0.9711,0.85961,0.072565,0.65915,-0.62089,0.57256,-1.0777,0.5451,1.2351,0.56435,0.53233,0.43786,0.84422,-0.58042,4.311,14.405,-10.625,-20.857,6.3139
1.2775,1.2746,1.277,1.2776,1.2747,1.2763,1.2757,1.2777,1.2754,1.2762,33.714,33.772,33.727,33.739,33.771,33.787,33.743,33.73,33.698,33.865,33.838,33.835,33.839,33.781,33.727,33.734,33.73,33.721,33.782,33.742,33.765,33.832,33.828,33.732,33.788,33.798,33.746,33.835,33.877,33.834,33.901,34.137,33.861,33.817,33.912,33.957,33.893,33.986,33.682,1.4162,0,6.8679,0,-0.44849,0,0,0,0,0,1.4162,0,6.868,0,-0.44849,0,0,0,0,0,0,0,0,0,0,0,0,0,0,0,0,0,0,0,0,0,0,0,0,0,0,0,0,0,1.4255,-3.536,0,0,0,0,0,0,0,0,0,0,0,0,0,1.0461,1.045,1.0221,0.99886,0.99427,0.99717,0.94151,0.95527,1.0114,1.0092,1.0039,0.99127,1.0058,1.002,0.99532,1.0076,1.016,1.017,1.0409,0.986,1.0147,1.0407,1.0353,1.0152,1.054,1.045,1.0257,1.0488,1.0505,1.0419,0.9908,0.97255,1.0374,0.98325,1.0371,1.0265,1.0477,1.0438,1.0261,-0.34531,0.2191,-0.3266,1.0145,-1.1587,-1.2874,0.83448,-0.79911,-0.61314,0.49348,1.4164,0.68161,-2.8191,0.55786,0.92765,0.80223,3.009,3.0732,-6.2062,-0.065615,-0.060067,2.8881,2.1496,2.0239,-1.6911,1.8561,0.98584,0.74691,-0.70831,-1.1088,0.63464,1.096,0.97106,0.85962,0.072577,0.65916,-0.6209,0.57254,-1.0777,0.5451,1.2351,0.56434,0.53233,0.43786,0.84423,-0.58044,4.311,14.405,-10.625,-20.857,6.3139
1.2775,1.2746,1.277,1.2776,1.2748,1.2762,1.2757,1.2777,1.2754,1.2762,33.842,33.9,33.854,33.867,33.898,33.915,33.871,33.857,33.826,33.993,33.966,33.962,33.967,33.908,33.855,33.862,33.858,33.848,33.909,33.87,33.892,33.96,33.956,33.86,33.916,33.925,33.873,33.962,34.004,33.962,34.029,34.264,33.989,33.945,34.04,34.084,34.021,34.114,33.81,1.4162,0,6.8679,0,-0.44849,0,0,0,0,0,1.4162,0,6.868,0,-0.44849,0,0,0,0,0,0,0,0,0,0,0,0,0,0,0,0,0,0,0,0,0,0,0,0,0,0,0,0,0,1.4255,-3.536,0,0,0,0,0,0,0,0,0,0,0,0,0,1.0461,1.045,1.0221,0.99886,0.99427,0.99717,0.94151,0.95527,1.0114,1.0092,1.0039,0.99127,1.0058,1.002,0.99532,1.0076,1.016,1.017,1.0409,0.986,1.0147,1.0407,1.0353,1.0152,1.054,1.045,1.0257,1.0488,1.0505,1.0419,0.9908,0.97255,1.0374,0.98325,1.0371,1.0265,1.0477,1.0438,1.0261,-0.34531,0.2191,-0.3266,1.0145,-1.1587,-1.2874,0.83449,-0.79913,-0.61313,0.4935,1.4165,0.68165,-2.8191,0.55787,0.92766,0.80223,3.009,3.0732,-6.2062,-0.065619,-0.060067,2.8881,2.1496,2.0239,-1.6911,1.8561,0.98584,0.74691,-0.70832,-1.1088,0.63472,1.0959,0.97098,0.85962,0.072596,0.65917,-0.6209,0.57249,-1.0777,0.54513,1.2351,0.56434,0.53232,0.43787,0.84422,-0.58048,4.311,14.405,-10.625,-20.857,6.3139
1.2775,1.2746,1.277,1.2775,1.2748,1.2762,1.2757,1.2776,1.2754,1.2762,33.97,34.027,33.982,33.994,34.026,34.042,33.998,33.985,33.953,34.12,34.093,34.09,34.095,34.036,33.983,33.99,33.986,33.976,34.037,33.997,34.02,34.088,34.083,33.987,34.043,34.053,34.001,34.09,34.132,34.089,34.156,34.392,34.117,34.073,34.167,34.212,34.148,34.241,33.938,1.4162,0,6.8679,0,-0.44849,0,0,0,0,0,1.4162,0,6.868,0,-0.44849,0,0,0,0,0,0,0,0,0,0,0,0,0,0,0,0,0,0,0,0,0,0,0,0,0,0,0,0,0,1.4255,-3.536,0,0,0,0,0,0,0,0,0,0,0,0,0,1.0461,1.045,1.0221,0.99886,0.99427,0.99717,0.94151,0.95527,1.0114,1.0092,1.0039,0.99127,1.0058,1.002,0.99532,1.0076,1.016,1.017,1.0409,0.986,1.0147,1.0407,1.0353,1.0152,1.054,1.045,1.0257,1.0488,1.0505,1.0419,0.9908,0.97255,1.0374,0.98325,1.0371,1.0265,1.0477,1.0438,1.0261,-0.3453,0.2191,-0.32662,1.0146,-1.1588,-1.2874,0.83449,-0.79918,-0.61312,0.49354,1.4166,0.68172,-2.819,0.55789,0.92767,0.80222,3.009,3.0733,-6.2063,-0.065625,-0.060066,2.8881,2.1497,2.0239,-1.6911,1.8562,0.98584,0.74691,-0.70833,-1.1088,0.63486,1.0958,0.97086,0.85962,0.072621,0.65919,-0.62091,0.57242,-1.0778,0.54519,1.2351,0.56432,0.53231,0.43786,0.84421,-0.58053,4.311,14.405,-10.625,-20.857,6.3139
1.2774,1.2747,1.277,1.2775,1.2749,1.2762,1.2758,1.2776,1.2755,1.2762,34.097,34.155,34.109,34.122,34.154,34.17,34.126,34.112,34.081,34.248,34.221,34.218,34.222,34.164,34.11,34.117,34.113,34.103,34.165,34.125,34.147,34.215,34.211,34.115,34.171,34.181,34.129,34.218,34.26,34.217,34.284,34.519,34.244,34.2,34.295,34.339,34.276,34.369,34.065,1.4162,0,6.8679,0,-0.44849,0,0,0,0,0,1.4162,0,6.868,0,-0.44849,0,0,0,0,0,0,0,0,0,0,0,0,0,0,0,0,0,0,0,0,0,0,0,0,0,0,0,0,0,1.4255,-3.536,0,0,0,0,0,0,0,0,0,0,0,0,0,1.0461,1.045,1.0221,0.99886,0.99427,0.99717,0.94151,0.95527,1.0114,1.0092,1.0039,0.99127,1.0058,1.002,0.99532,1.0076,1.016,1.017,1.0409,0.986,1.0147,1.0407,1.0353,1.0152,1.054,1.045,1.0257,1.0488,1.0505,1.0419,0.9908,0.97255,1.0374,0.98325,1.0371,1.0265,1.0477,1.0438,1.0261,-0.34529,0.2191,-0.32664,1.0148,-1.159,-1.2874,0.8345,-0.79924,-0.61311,0.49359,1.4167,0.6818,-2.8189,0.55792,0.92768,0.80222,3.0089,3.0733,-6.2063,-0.065632,-0.060065,2.8882,2.1497,2.0239,-1.6911,1.8562,0.98583,0.74692,-0.70834,-1.1088,0.63503,1.0957,0.97069,0.85963,0.072654,0.65922,-0.62091,0.57232,-1.0778,0.54526,1.2351,0.5643,0.53229,0.43786,0.84419,-0.58058,4.311,14.405,-10.625,-20.857,6.3139
1.2774,1.2747,1.2769,1.2774,1.2749,1.2762,1.2758,1.2775,1.2755,1.2762,34.225,34.283,34.237,34.25,34.281,34.298,34.254,34.24,34.209,34.376,34.348,34.345,34.35,34.291,34.238,34.245,34.241,34.231,34.292,34.252,34.275,34.343,34.339,34.243,34.298,34.308,34.256,34.345,34.387,34.345,34.412,34.647,34.372,34.328,34.422,34.467,34.403,34.496,34.193,1.4162,0,6.8679,0,-0.44849,0,0,0,0,0,1.4162,0,6.868,0,-0.44849,0,0,0,0,0,0,0,0,0,0,0,0,0,0,0,0,0,0,0,0,0,0,0,0,0,0,0,0,0,1.4255,-3.536,0,0,0,0,0,0,0,0,0,0,0,0,0,1.0461,1.045,1.0221,0.99886,0.99427,0.99717,0.94151,0.95527,1.0114,1.0092,1.0039,0.99127,1.0058,1.002,0.99532,1.0076,1.016,1.017,1.0409,0.986,1.0147,1.0407,1.0353,1.0152,1.054,1.045,1.0257,1.0488,1.0505,1.0419,0.9908,0.97255,1.0374,0.98325,1.0371,1.0265,1.0477,1.0438,1.0261,-0.34527,0.2191,-0.32667,1.015,-1.1591,-1.2874,0.8345,-0.79931,-0.61309,0.49364,1.417,0.68191,-2.8188,0.55795,0.9277,0.80222,3.0089,3.0734,-6.2064,-0.065641,-0.060063,2.8882,2.1497,2.0239,-1.6912,1.8563,0.98582,0.74692,-0.70836,-1.1089,0.63526,1.0955,0.97049,0.85963,0.072693,0.65925,-0.62092,0.5722,-1.0779,0.54536,1.2351,0.56427,0.53227,0.43785,0.84416,-0.58065,4.311,14.405,-10.625,-20.857,6.3139
1.2774,1.2748,1.2769,1.2774,1.275,1.2762,1.2758,1.2774,1.2755,1.2762,34.353,34.41,34.365,34.377,34.409,34.425,34.381,34.368,34.336,34.503,34.476,34.473,34.478,34.419,34.365,34.372,34.368,34.359,34.42,34.38,34.403,34.47,34.466,34.37,34.426,34.436,34.384,34.473,34.515,34.472,34.539,34.775,34.499,34.455,34.55,34.595,34.531,34.624,34.321,1.4162,0,6.8679,0,-0.44849,0,0,0,0,0,1.4162,0,6.868,0,-0.44849,0,0,0,0,0,0,0,0,0,0,0,0,0,0,0,0,0,0,0,0,0,0,0,0,0,0,0,0,0,1.4255,-3.536,0,0,0,0,0,0,0,0,0,0,0,0,0,1.0461,1.045,1.0221,0.99886,0.99427,0.99717,0.94151,0.95527,1.0114,1.0092,1.0039,0.99127,1.0058,1.002,0.99532,1.0076,1.016,1.017,1.0409,0.986,1.0147,1.0407,1.0353,1.0152,1.054,1.045,1.0257,1.0488,1.0505,1.0419,0.9908,0.97255,1.0374,0.98325,1.0371,1.0265,1.0477,1.0438,1.0261,-0.34525,0.21909,-0.32671,1.0152,-1.1593,-1.2874,0.83451,-0.79941,-0.61307,0.49371,1.4172,0.68204,-2.8186,0.55799,0.92772,0.80222,3.0088,3.0734,-6.2064,-0.065652,-0.060061,2.8882,2.1497,2.024,-1.6912,1.8564,0.98581,0.74693,-0.70837,-1.1089,0.63553,1.0953,0.97023,0.85964,0.072739,0.65929,-0.62093,0.57205,-1.078,0.54547,1.2351,0.56424,0.53224,0.43784,0.84413,-0.58073,4.311,14.405,-10.625,-20.857,6.3139
1.2773,1.2749,1.2769,1.2773,1.2751,1.2762,1.2758,1.2774,1.2756,1.2762,34.48,34.538,34.492,34.505,34.537,34.553,34.509,34.495,34.464,34.631,34.604,34.601,34.605,34.547,34.493,34.5,34.496,34.486,34.548,34.508,34.53,34.598,34.594,34.498,34.554,34.564,34.511,34.601,34.643,34.6,34.667,34.902,34.627,34.583,34.678,34.722,34.659,34.752,34.448,1.4162,0,6.8679,0,-0.44849,0,0,0,0,0,1.4162,0,6.868,0,-0.44849,0,0,0,0,0,0,0,0,0,0,0,0,0,0,0,0,0,0,0,0,0,0,0,0,0,0,0,0,0,1.4255,-3.536,0,0,0,0,0,0,0,0,0,0,0,0,0,1.0461,1.045,1.0221,0.99886,0.99427,0.99717,0.94151,0.95527,1.0114,1.0092,1.0039,0.99127,1.0058,1.002,0.99532,1.0076,1.016,1.017,1.0409,0.986,1.0147,1.0407,1.0353,1.0152,1.054,1.045,1.0257,1.0488,1.0505,1.0419,0.9908,0.97255,1.0374,0.98325,1.0371,1.0265,1.0477,1.0438,1.0261,-0.34523,0.21908,-0.32676,1.0154,-1.1595,-1.2875,0.83451,-0.79951,-0.61304,0.49379,1.4175,0.68219,-2.8185,0.55804,0.92774,0.80222,3.0087,3.0735,-6.2065,-0.065665,-0.060058,2.8883,2.1498,2.024,-1.6913,1.8565,0.9858,0.74693,-0.70839,-1.1089,0.63585,1.095,0.96994,0.85964,0.072791,0.65933,-0.62094,0.57188,-1.0781,0.54561,1.2351,0.5642,0.53221,0.43782,0.84408,-0.58081,4.311,14.405,-10.625,-20.857,6.3139
1.2772,1.275,1.2769,1.2772,1.2752,1.2762,1.2759,1.2773,1.2756,1.2762,34.608,34.666,34.62,34.633,34.664,34.681,34.636,34.623,34.591,34.758,34.731,34.728,34.733,34.674,34.621,34.628,34.624,34.614,34.675,34.635,34.658,34.726,34.722,34.625,34.681,34.691,34.639,34.728,34.77,34.727,34.794,35.03,34.755,34.711,34.805,34.85,34.786,34.879,34.576,1.4162,0,6.8679,0,-0.44849,0,0,0,0,0,1.4162,0,6.868,0,-0.44849,0,0,0,0,0,0,0,0,0,0,0,0,0,0,0,0,0,0,0,0,0,0,0,0,0,0,0,0,0,1.4255,-3.536,0,0,0,0,0,0,0,0,0,0,0,0,0,1.0461,1.045,1.0221,0.99886,0.99427,0.99717,0.94151,0.95527,1.0114,1.0092,1.0039,0.99127,1.0058,1.002,0.99532,1.0076,1.016,1.017,1.0409,0.986,1.0147,1.0407,1.0353,1.0152,1.054,1.045,1.0257,1.0488,1.0505,1.0419,0.9908,0.97255,1.0374,0.98325,1.0371,1.0265,1.0477,1.0438,1.0261,-0.3452,0.21907,-0.32682,1.0157,-1.1597,-1.2875,0.83451,-0.79964,-0.61301,0.49388,1.4178,0.68236,-2.8183,0.55809,0.92776,0.80222,3.0086,3.0736,-6.2066,-0.06568,-0.060055,2.8883,2.1498,2.024,-1.6913,1.8566,0.98579,0.74694,-0.70841,-1.1089,0.63622,1.0948,0.9696,0.85965,0.072851,0.65939,-0.62095,0.57169,-1.0782,0.54577,1.2351,0.56415,0.53217,0.43781,0.84403,-0.58091,4.311,14.405,-10.625,-20.857,6.3139
1.2772,1.2751,1.2768,1.2771,1.2753,1.2762,1.2759,1.2772,1.2757,1.2762,34.735,34.793,34.748,34.76,34.792,34.808,34.764,34.751,34.719,34.886,34.859,34.856,34.86,34.802,34.748,34.755,34.751,34.742,34.803,34.763,34.786,34.853,34.849,34.753,34.809,34.819,34.767,34.856,34.898,34.855,34.922,35.158,34.882,34.838,34.933,34.978,34.914,35.007,34.704,1.4162,0,6.8679,0,-0.44849,0,0,0,0,0,1.4162,0,6.868,0,-0.44849,0,0,0,0,0,0,0,0,0,0,0,0,0,0,0,0,0,0,0,0,0,0,0,0,0,0,0,0,0,1.4255,-3.536,0,0,0,0,0,0,0,0,0,0,0,0,0,1.0461,1.045,1.0221,0.99886,0.99427,0.99717,0.94151,0.95527,1.0114,1.0092,1.0039,0.99127,1.0058,1.002,0.99532,1.0076,1.016,1.017,1.0409,0.986,1.0147,1.0407,1.0353,1.0152,1.054,1.045,1.0257,1.0488,1.0505,1.0419,0.9908,0.97255,1.0374,0.98325,1.0371,1.0265,1.0477,1.0438,1.0261,-0.34517,0.21905,-0.32689,1.016,-1.1599,-1.2876,0.83452,-0.79978,-0.61298,0.49399,1.4182,0.68255,-2.818,0.55815,0.92779,0.80222,3.0085,3.0737,-6.2067,-0.065697,-0.060052,2.8883,2.1499,2.0241,-1.6914,1.8567,0.98578,0.74694,-0.70843,-1.109,0.63664,1.0944,0.96922,0.85965,0.072917,0.65944,-0.62097,0.57146,-1.0783,0.54596,1.2352,0.5641,0.53212,0.43779,0.84397,-0.58101,4.311,14.405,-10.625,-20.857,6.3139
1.2771,1.2752,1.2768,1.277,1.2754,1.2762,1.276,1.2771,1.2757,1.2762,34.863,34.921,34.875,34.888,34.919,34.936,34.892,34.878,34.847,35.014,34.987,34.983,34.988,34.929,34.876,34.883,34.879,34.869,34.93,34.891,34.913,34.981,34.977,34.881,34.937,34.947,34.894,34.983,35.025,34.983,35.05,35.285,35.01,34.966,35.061,35.105,35.041,35.135,34.831,1.4162,0,6.8679,0,-0.44849,0,0,0,0,0,1.4162,0,6.868,0,-0.44849,0,0,0,0,0,0,0,0,0,0,0,0,0,0,0,0,0,0,0,0,0,0,0,0,0,0,0,0,0,1.4255,-3.536,0,0,0,0,0,0,0,0,0,0,0,0,0,1.0461,1.045,1.0221,0.99886,0.99427,0.99717,0.94151,0.95527,1.0114,1.0092,1.0039,0.99127,1.0058,1.002,0.99532,1.0076,1.016,1.017,1.0409,0.986,1.0147,1.0407,1.0353,1.0152,1.054,1.045,1.0257,1.0488,1.0505,1.0419,0.9908,0.97255,1.0374,0.98325,1.0371,1.0265,1.0477,1.0438,1.0261,-0.34513,0.21904,-0.32697,1.0164,-1.1602,-1.2876,0.83452,-0.79994,-0.61295,0.4941,1.4186,0.68276,-2.8178,0.55822,0.92782,0.80222,3.0084,3.0738,-6.2068,-0.065715,-0.060048,2.8884,2.1499,2.0241,-1.6914,1.8568,0.98576,0.74695,-0.70845,-1.109,0.6371,1.0941,0.9688,0.85966,0.07299,0.65951,-0.62098,0.57122,-1.0785,0.54616,1.2352,0.56404,0.53207,0.43777,0.8439,-0.58113,4.311,14.405,-10.625,-20.857,6.3139
1.277,1.2753,1.2767,1.2769,1.2755,1.2762,1.276,1.277,1.2758,1.2762,34.991,35.048,35.003,35.015,35.047,35.063,35.019,35.006,34.974,35.141,35.114,35.111,35.116,35.057,35.004,35.011,35.007,34.997,35.058,35.018,35.041,35.109,35.104,35.008,35.064,35.074,35.022,35.111,35.153,35.11,35.177,35.413,35.137,35.094,35.188,35.233,35.169,35.262,34.959,1.4162,0,6.8679,0,-0.44849,0,0,0,0,0,1.4162,0,6.868,0,-0.44849,0,0,0,0,0,0,0,0,0,0,0,0,0,0,0,0,0,0,0,0,0,0,0,0,0,0,0,0,0,1.4255,-3.536,0,0,0,0,0,0,0,0,0,0,0,0,0,1.0461,1.045,1.0221,0.99886,0.99427,0.99717,0.94151,0.95527,1.0114,1.0092,1.0039,0.99127,1.0058,1.002,0.99532,1.0076,1.016,1.017,1.0409,0.986,1.0147,1.0407,1.0353,1.0152,1.054,1.045,1.0257,1.0488,1.0505,1.0419,0.9908,0.97255,1.0374,0.98325,1.0371,1.0265,1.0477,1.0438,1.0261,-0.34509,0.21902,-0.32705,1.0168,-1.1605,-1.2877,0.83452,-0.80011,-0.61291,0.49422,1.4191,0.68299,-2.8175,0.55829,0.92786,0.80222,3.0082,3.0739,-6.207,-0.065736,-0.060044,2.8885,2.15,2.0242,-1.6915,1.857,0.98574,0.74696,-0.70847,-1.109,0.63761,1.0937,0.96833,0.85966,0.073069,0.65958,-0.621,0.57095,-1.0786,0.54639,1.2352,0.56397,0.53201,0.43774,0.84382,-0.58126,4.311,14.405,-10.625,-20.857,6.3139
1.2769,1.2755,1.2767,1.2768,1.2756,1.2762,1.2761,1.2768,1.2759,1.2762,35.118,35.176,35.131,35.143,35.175,35.191,35.147,35.133,35.102,35.269,35.242,35.239,35.243,35.185,35.131,35.138,35.134,35.124,35.186,35.146,35.168,35.236,35.232,35.136,35.192,35.202,35.15,35.239,35.281,35.238,35.305,35.541,35.265,35.221,35.316,35.36,35.297,35.39,35.086,1.4162,0,6.8679,0,-0.44849,0,0,0,0,0,1.4162,0,6.868,0,-0.44849,0,0,0,0,0,0,0,0,0,0,0,0,0,0,0,0,0,0,0,0,0,0,0,0,0,0,0,0,0,1.4255,-3.536,0,0,0,0,0,0,0,0,0,0,0,0,0,1.0461,1.045,1.0221,0.99886,0.99427,0.99717,0.94151,0.95527,1.0114,1.0092,1.0039,0.99127,1.0058,1.002,0.99532,1.0076,1.016,1.017,1.0409,0.986,1.0147,1.0407,1.0353,1.0152,1.054,1.045,1.0257,1.0488,1.0505,1.0419,0.9908,0.97254,1.0374,0.98325,1.0371,1.0265,1.0477,1.0438,1.0261,-0.34505,0.219,-0.32715,1.0172,-1.1608,-1.2878,0.83453,-0.8003,-0.61287,0.49436,1.4196,0.68324,-2.8172,0.55837,0.9279,0.80222,3.0081,3.074,-6.2071,-0.065758,-0.060039,2.8885,2.15,2.0242,-1.6916,1.8571,0.98572,0.74696,-0.7085,-1.1091,0.63817,1.0933,0.96782,0.85967,0.073156,0.65966,-0.62101,0.57065,-1.0788,0.54664,1.2352,0.5639,0.53195,0.43771,0.84373,-0.58139,4.311,14.405,-10.625,-20.857,6.3139
1.2768,1.2756,1.2766,1.2767,1.2758,1.2762,1.2761,1.2767,1.276,1.2763,35.246,35.304,35.258,35.271,35.302,35.319,35.275,35.261,35.23,35.397,35.37,35.366,35.371,35.312,35.259,35.266,35.262,35.252,35.313,35.273,35.296,35.364,35.36,35.264,35.319,35.329,35.277,35.366,35.408,35.366,35.433,35.668,35.393,35.349,35.443,35.488,35.424,35.517,35.214,1.4162,0,6.8679,0,-0.44849,0,0,0,0,0,1.4162,0,6.868,0,-0.44849,0,0,0,0,0,0,0,0,0,0,0,0,0,0,0,0,0,0,0,0,0,0,0,0,0,0,0,0,0,1.4255,-3.536,0,0,0,0,0,0,0,0,0,0,0,0,0,1.0461,1.045,1.0221,0.99886,0.99427,0.99717,0.94151,0.95527,1.0114,1.0092,1.0039,0.99127,1.0058,1.002,0.99532,1.0076,1.016,1.017,1.0409,0.986,1.0147,1.0407,1.0353,1.0152,1.054,1.045,1.0257,1.0488,1.0505,1.0419,0.99081,0.97254,1.0374,0.98325,1.0371,1.0265,1.0477,1.0438,1.0261,-0.345,0.21898,-0.32725,1.0176,-1.1611,-1.2878,0.83453,-0.80051,-0.61282,0.49451,1.4201,0.68352,-2.8169,0.55846,0.92794,0.80222,3.0079,3.0742,-6.2072,-0.065782,-0.060034,2.8886,2.1501,2.0243,-1.6917,1.8573,0.9857,0.74697,-0.70852,-1.1091,0.63877,1.0928,0.96726,0.85967,0.073249,0.65975,-0.62103,0.57033,-1.079,0.54691,1.2352,0.56381,0.53188,0.43768,0.84364,-0.58154,4.311,14.405,-10.625,-20.857,6.3139
1.2767,1.2758,1.2765,1.2765,1.2759,1.2762,1.2762,1.2766,1.2761,1.2763,35.374,35.431,35.386,35.398,35.43,35.446,35.402,35.389,35.357,35.524,35.497,35.494,35.499,35.44,35.386,35.393,35.389,35.38,35.441,35.401,35.424,35.491,35.487,35.391,35.447,35.457,35.405,35.494,35.536,35.493,35.56,35.796,35.52,35.477,35.571,35.616,35.552,35.645,35.342,1.4162,0,6.8679,0,-0.44849,0,0,0,0,0,1.4162,0,6.868,0,-0.44849,0,0,0,0,0,0,0,0,0,0,0,0,0,0,0,0,0,0,0,0,0,0,0,0,0,0,0,0,0,1.4255,-3.536,0,0,0,0,0,0,0,0,0,0,0,0,0,1.0461,1.045,1.0221,0.99886,0.99427,0.99717,0.94151,0.95527,1.0114,1.0092,1.0039,0.99127,1.0058,1.002,0.99532,1.0076,1.016,1.017,1.0409,0.986,1.0147,1.0407,1.0353,1.0152,1.054,1.045,1.0257,1.0488,1.0505,1.0419,0.99081,0.97254,1.0374,0.98325,1.0371,1.0265,1.0477,1.0438,1.0261,-0.34494,0.21895,-0.32736,1.0181,-1.1615,-1.2879,0.83453,-0.80073,-0.61277,0.49466,1.4207,0.68381,-2.8165,0.55856,0.92798,0.80222,3.0078,3.0743,-6.2074,-0.065808,-0.060028,2.8887,2.1502,2.0243,-1.6918,1.8575,0.98567,0.74698,-0.70855,-1.1092,0.63943,1.0923,0.96667,0.85968,0.073349,0.65984,-0.62105,0.56999,-1.0792,0.5472,1.2352,0.56373,0.53181,0.43765,0.84353,-0.5817,4.311,14.405,-10.625,-20.857,6.3139
1.2765,1.2759,1.2765,1.2764,1.2761,1.2762,1.2762,1.2764,1.2761,1.2763,35.501,35.559,35.513,35.526,35.558,35.574,35.53,35.516,35.485,35.652,35.625,35.622,35.626,35.568,35.514,35.521,35.517,35.507,35.569,35.529,35.551,35.619,35.615,35.519,35.575,35.585,35.532,35.622,35.664,35.621,35.688,35.923,35.648,35.604,35.699,35.743,35.68,35.773,35.469,1.4162,0,6.8679,0,-0.44849,0,0,0,0,0,1.4162,0,6.868,0,-0.44849,0,0,0,0,0,0,0,0,0,0,0,0,0,0,0,0,0,0,0,0,0,0,0,0,0,0,0,0,0,1.4255,-3.536,0,0,0,0,0,0,0,0,0,0,0,0,0,1.0461,1.045,1.0221,0.99886,0.99427,0.99717,0.94151,0.95527,1.0114,1.0092,1.0039,0.99127,1.0058,1.002,0.99532,1.0076,1.016,1.017,1.0409,0.986,1.0147,1.0407,1.0353,1.0152,1.054,1.045,1.0257,1.0488,1.0505,1.0419,0.99081,0.97254,1.0374,0.98325,1.0371,1.0265,1.0477,1.0438,1.0261,-0.34489,0.21893,-0.32748,1.0186,-1.1619,-1.288,0.83454,-0.80097,-0.61272,0.49483,1.4213,0.68413,-2.8162,0.55866,0.92803,0.80222,3.0076,3.0745,-6.2076,-0.065836,-0.060022,2.8888,2.1502,2.0244,-1.6919,1.8577,0.98565,0.74699,-0.70858,-1.1092,0.64013,1.0917,0.96603,0.85969,0.073455,0.65993,-0.62107,0.56962,-1.0794,0.54751,1.2352,0.56363,0.53173,0.43761,0.84342,-0.58186,4.311,14.405,-10.625,-20.857,6.3139
1.2764,1.2761,1.2764,1.2762,1.2763,1.2762,1.2763,1.2762,1.2762,1.2763,35.629,35.686,35.641,35.654,35.685,35.702,35.657,35.644,35.612,35.779,35.752,35.749,35.754,35.695,35.642,35.649,35.645,35.635,35.696,35.656,35.679,35.747,35.743,35.646,35.702,35.712,35.66,35.749,35.791,35.748,35.815,36.051,35.776,35.732,35.826,35.871,35.807,35.9,35.597,1.4162,0,6.8679,0,-0.44849,0,0,0,0,0,1.4162,0,6.868,0,-0.44849,0,0,0,0,0,0,0,0,0,0,0,0,0,0,0,0,0,0,0,0,0,0,0,0,0,0,0,0,0,1.4255,-3.536,0,0,0,0,0,0,0,0,0,0,0,0,0,1.0461,1.045,1.0221,0.99886,0.99427,0.99717,0.94151,0.95527,1.0114,1.0092,1.0039,0.99127,1.0058,1.002,0.99532,1.0076,1.016,1.017,1.0409,0.986,1.0147,1.0407,1.0353,1.0152,1.054,1.045,1.0257,1.0488,1.0505,1.0419,0.99081,0.97254,1.0374,0.98325,1.0371,1.0265,1.0477,1.0438,1.0261,-0.34482,0.2189,-0.32762,1.0192,-1.1623,-1.2881,0.83454,-0.80123,-0.61266,0.49501,1.4219,0.68447,-2.8158,0.55876,0.92808,0.80223,3.0074,3.0747,-6.2077,-0.065866,-0.060015,2.8888,2.1503,2.0244,-1.692,1.8579,0.98562,0.747,-0.70861,-1.1093,0.64088,1.0912,0.96535,0.85969,0.073569,0.66004,-0.62109,0.56922,-1.0797,0.54785,1.2352,0.56353,0.53164,0.43757,0.8433,-0.58204,4.311,14.405,-10.625,-20.857,6.3139
1.2763,1.2763,1.2763,1.2761,1.2764,1.2762,1.2764,1.2761,1.2763,1.2763,35.756,35.814,35.769,35.781,35.813,35.829,35.785,35.772,35.74,35.907,35.88,35.877,35.881,35.823,35.769,35.776,35.772,35.763,35.824,35.784,35.807,35.874,35.87,35.774,35.83,35.84,35.788,35.877,35.919,35.876,35.943,36.179,35.903,35.859,35.954,35.999,35.935,36.028,35.725,1.4162,0,6.8679,0,-0.44849,0,0,0,0,0,1.4162,0,6.868,0,-0.44849,0,0,0,0,0,0,0,0,0,0,0,0,0,0,0,0,0,0,0,0,0,0,0,0,0,0,0,0,0,1.4255,-3.536,0,0,0,0,0,0,0,0,0,0,0,0,0,1.0461,1.045,1.0221,0.99886,0.99427,0.99717,0.94151,0.95527,1.0114,1.0092,1.0039,0.99127,1.0058,1.002,0.99532,1.0076,1.016,1.017,1.0409,0.986,1.0147,1.0407,1.0353,1.0152,1.054,1.045,1.0257,1.0488,1.0505,1.0419,0.99081,0.97254,1.0374,0.98325,1.0371,1.0265,1.0477,1.0438,1.0261,-0.34476,0.21886,-0.32775,1.0198,-1.1627,-1.2882,0.83454,-0.8015,-0.6126,0.4952,1.4226,0.68482,-2.8153,0.55888,0.92814,0.80223,3.0072,3.0749,-6.2079,-0.065898,-0.060009,2.8889,2.1504,2.0245,-1.6921,1.8581,0.98559,0.747,-0.70865,-1.1093,0.64167,1.0905,0.96462,0.8597,0.073689,0.66015,-0.62111,0.5688,-1.0799,0.54821,1.2352,0.56343,0.53155,0.43753,0.84318,-0.58223,4.311,14.405,-10.625,-20.857,6.3139
1.2761,1.2765,1.2762,1.2759,1.2766,1.2762,1.2764,1.2759,1.2765,1.2763,35.884,35.942,35.896,35.909,35.94,35.957,35.913,35.899,35.868,36.035,36.008,36.004,36.009,35.95,35.897,35.904,35.9,35.89,35.951,35.912,35.934,36.002,35.998,35.902,35.958,35.968,35.915,36.004,36.047,36.004,36.071,36.306,36.031,35.987,36.082,36.126,36.062,36.156,35.852,1.4162,0,6.8679,0,-0.44849,0,0,0,0,0,1.4162,0,6.868,0,-0.44849,0,0,0,0,0,0,0,0,0,0,0,0,0,0,0,0,0,0,0,0,0,0,0,0,0,0,0,0,0,1.4255,-3.536,0,0,0,0,0,0,0,0,0,0,0,0,0,1.0461,1.045,1.0221,0.99886,0.99427,0.99717,0.94151,0.95527,1.0114,1.0092,1.0039,0.99127,1.0058,1.002,0.99532,1.0076,1.016,1.017,1.0409,0.986,1.0147,1.0407,1.0353,1.0152,1.054,1.045,1.0257,1.0488,1.0505,1.0419,0.99081,0.97254,1.0374,0.98325,1.0371,1.0265,1.0477,1.0438,1.0261,-0.34469,0.21883,-0.32789,1.0204,-1.1631,-1.2883,0.83454,-0.80177,-0.61255,0.49539,1.4233,0.68518,-2.8149,0.55899,0.92819,0.80223,3.007,3.075,-6.2081,-0.065929,-0.060002,2.889,2.1505,2.0246,-1.6922,1.8583,0.98556,0.74701,-0.70868,-1.1094,0.64246,1.0899,0.9639,0.85971,0.073807,0.66026,-0.62113,0.56839,-1.0802,0.54856,1.2352,0.56332,0.53146,0.43749,0.84305,-0.58241,4.311,14.405,-10.625,-20.857,6.3139
1.276,1.2767,1.2762,1.2757,1.2768,1.2762,1.2765,1.2757,1.2765,1.2763,36.012,36.069,36.024,36.036,36.068,36.084,36.04,36.027,35.995,36.162,36.135,36.132,36.137,36.078,36.025,36.032,36.028,36.018,36.079,36.039,36.062,36.13,36.125,36.029,36.085,36.095,36.043,36.132,36.174,36.131,36.198,36.434,36.158,36.115,36.209,36.254,36.19,36.283,35.98,1.4162,0,6.8679,0,-0.44849,0,0,0,0,0,1.4162,0,6.868,0,-0.44849,0,0,0,0,0,0,0,0,0,0,0,0,0,0,0,0,0,0,0,0,0,0,0,0,0,0,0,0,0,1.4255,-3.536,0,0,0,0,0,0,0,0,0,0,0,0,0,1.0461,1.045,1.0221,0.99886,0.99427,0.99717,0.94151,0.95527,1.0114,1.0092,1.0039,0.99127,1.0058,1.002,0.99532,1.0076,1.016,1.017,1.0409,0.986,1.0147,1.0407,1.0353,1.0152,1.054,1.045,1.0257,1.0488,1.0505,1.0419,0.99081,0.97254,1.0374,0.98325,1.0371,1.0265,1.0477,1.0438,1.0261,-0.34463,0.2188,-0.32803,1.0209,-1.1635,-1.2884,0.83454,-0.80203,-0.61249,0.49557,1.424,0.68551,-2.8145,0.5591,0.92824,0.80223,3.0068,3.0752,-6.2083,-0.065958,-0.059995,2.8891,2.1506,2.0246,-1.6923,1.8585,0.98553,0.74702,-0.70871,-1.1095,0.64321,1.0894,0.96322,0.85971,0.07392,0.66036,-0.62115,0.568,-1.0804,0.5489,1.2353,0.56322,0.53137,0.43745,0.84293,-0.58258,4.311,14.405,-10.625,-20.857,6.3139
1.2759,1.2769,1.2761,1.2756,1.277,1.2762,1.2765,1.2756,1.2766,1.2763,36.139,36.197,36.152,36.164,36.196,36.212,36.168,36.154,36.123,36.29,36.263,36.26,36.264,36.206,36.152,36.159,36.155,36.145,36.207,36.167,36.189,36.257,36.253,36.157,36.213,36.223,36.171,36.26,36.302,36.259,36.326,36.562,36.286,36.242,36.337,36.382,36.318,36.411,36.107,1.4162,0,6.8679,0,-0.44849,0,0,0,0,0,1.4162,0,6.868,0,-0.44849,0,0,0,0,0,0,0,0,0,0,0,0,0,0,0,0,0,0,0,0,0,0,0,0,0,0,0,0,0,1.4255,-3.536,0,0,0,0,0,0,0,0,0,0,0,0,0,1.0461,1.045,1.0221,0.99886,0.99427,0.99717,0.94151,0.95527,1.0114,1.0092,1.0039,0.99127,1.0058,1.002,0.99532,1.0076,1.016,1.017,1.0409,0.986,1.0147,1.0407,1.0353,1.0152,1.054,1.045,1.0257,1.0488,1.0505,1.0419,0.99081,0.97254,1.0374,0.98325,1.0371,1.0265,1.0477,1.0438,1.0261,-0.34457,0.21877,-0.32815,1.0215,-1.1639,-1.2885,0.83454,-0.80227,-0.61244,0.49574,1.4246,0.68583,-2.8141,0.5592,0.92829,0.80223,3.0066,3.0754,-6.2085,-0.065987,-0.059989,2.8892,2.1507,2.0247,-1.6924,1.8587,0.98551,0.74703,-0.70874,-1.1095,0.64392,1.0888,0.96257,0.85972,0.074026,0.66046,-0.62117,0.56762,-1.0806,0.54922,1.2353,0.56312,0.53129,0.43741,0.84281,-0.58275,4.311,14.405,-10.625,-20.857,6.3139
1.2758,1.277,1.276,1.2755,1.2771,1.2762,1.2766,1.2755,1.2767,1.2763,36.267,36.325,36.279,36.292,36.323,36.34,36.296,36.282,36.251,36.418,36.391,36.387,36.392,36.333,36.28,36.287,36.283,36.273,36.334,36.294,36.317,36.385,36.381,36.285,36.34,36.35,36.298,36.387,36.429,36.387,36.454,36.689,36.414,36.37,36.464,36.509,36.445,36.539,36.235,1.4162,0,6.8679,0,-0.44849,0,0,0,0,0,1.4162,0,6.868,0,-0.44849,0,0,0,0,0,0,0,0,0,0,0,0,0,0,0,0,0,0,0,0,0,0,0,0,0,0,0,0,0,1.4255,-3.536,0,0,0,0,0,0,0,0,0,0,0,0,0,1.0461,1.045,1.0221,0.99886,0.99427,0.99717,0.94151,0.95527,1.0114,1.0092,1.0039,0.99127,1.0058,1.002,0.99532,1.0076,1.016,1.017,1.0409,0.986,1.0147,1.0407,1.0353,1.0152,1.054,1.045,1.0257,1.0488,1.0505,1.0419,0.99081,0.97254,1.0374,0.98325,1.0371,1.0265,1.0477,1.0438,1.0261,-0.34451,0.21874,-0.32827,1.022,-1.1643,-1.2886,0.83454,-0.8025,-0.61239,0.4959,1.4252,0.68613,-2.8138,0.5593,0.92834,0.80223,3.0064,3.0755,-6.2086,-0.066013,-0.059983,2.8893,2.1507,2.0248,-1.6925,1.8589,0.98548,0.74704,-0.70876,-1.1096,0.64459,1.0883,0.96195,0.85972,0.074127,0.66056,-0.62119,0.56727,-1.0809,0.54952,1.2353,0.56303,0.53121,0.43737,0.84271,-0.5829,4.311,14.405,-10.625,-20.857,6.3139
1.2757,1.2772,1.276,1.2753,1.2773,1.2762,1.2766,1.2753,1.2768,1.2763,36.395,36.452,36.407,36.419,36.451,36.467,36.423,36.41,36.378,36.545,36.518,36.515,36.52,36.461,36.407,36.414,36.41,36.401,36.462,36.422,36.445,36.512,36.508,36.412,36.468,36.478,36.426,36.515,36.557,36.514,36.581,36.817,36.541,36.498,36.592,36.637,36.573,36.666,36.363,1.4162,0,6.868,0,-0.44849,0,0,0,0,0,1.4162,0,6.868,0,-0.44849,0,0,0,0,0,0,0,0,0,0,0,0,0,0,0,0,0,0,0,0,0,0,0,0,0,0,0,0,0,1.4255,-3.536,0,0,0,0,0,0,0,0,0,0,0,0,0,1.0461,1.045,1.0221,0.99886,0.99427,0.99717,0.94151,0.95527,1.0114,1.0092,1.0039,0.99127,1.0058,1.002,0.99532,1.0076,1.016,1.017,1.0409,0.986,1.0147,1.0407,1.0353,1.0152,1.054,1.045,1.0257,1.0488,1.0505,1.0419,0.99081,0.97254,1.0374,0.98325,1.0371,1.0265,1.0477,1.0438,1.0261,-0.34446,0.21872,-0.32839,1.0225,-1.1646,-1.2886,0.83455,-0.80272,-0.61234,0.49605,1.4258,0.68642,-2.8134,0.55939,0.92838,0.80223,3.0062,3.0757,-6.2088,-0.066039,-0.059977,2.8893,2.1508,2.0248,-1.6926,1.8591,0.98546,0.74704,-0.70879,-1.1096,0.64523,1.0878,0.96137,0.85973,0.074221,0.66064,-0.6212,0.56693,-1.0811,0.54981,1.2353,0.56294,0.53114,0.43734,0.8426,-0.58305,4.311,14.405,-10.625,-20.857,6.3139
1.2756,1.2773,1.2759,1.2752,1.2774,1.2762,1.2767,1.2752,1.2769,1.2763,36.522,36.58,36.534,36.547,36.579,36.595,36.551,36.537,36.506,36.673,36.646,36.643,36.647,36.589,36.535,36.542,36.538,36.528,36.589,36.55,36.572,36.64,36.636,36.54,36.596,36.606,36.553,36.643,36.685,36.642,36.709,36.944,36.669,36.625,36.72,36.764,36.7,36.794,36.49,1.4162,0,6.868,0,-0.44849,0,0,0,0,0,1.4162,0,6.868,0,-0.44849,0,0,0,0,0,0,0,0,0,0,0,0,0,0,0,0,0,0,0,0,0,0,0,0,0,0,0,0,0,1.4255,-3.536,0,0,0,0,0,0,0,0,0,0,0,0,0,1.0461,1.045,1.0221,0.99886,0.99427,0.99717,0.94151,0.95527,1.0114,1.0092,1.0039,0.99127,1.0058,1.002,0.99532,1.0076,1.016,1.017,1.0409,0.986,1.0147,1.0407,1.0353,1.0152,1.054,1.045,1.0257,1.0488,1.0505,1.0419,0.99081,0.97254,1.0374,0.98325,1.0371,1.0265,1.0477,1.0438,1.0261,-0.34441,0.21869,-0.32849,1.0229,-1.165,-1.2887,0.83455,-0.80293,-0.6123,0.49619,1.4263,0.68668,-2.8131,0.55947,0.92842,0.80223,3.006,3.0758,-6.2089,-0.066062,-0.059972,2.8894,2.1509,2.0249,-1.6927,1.8593,0.98543,0.74705,-0.70881,-1.1096,0.64583,1.0873,0.96083,0.85973,0.07431,0.66073,-0.62122,0.56662,-1.0813,0.55008,1.2353,0.56286,0.53107,0.43731,0.8425,-0.58318,4.311,14.405,-10.625,-20.857,6.3139
1.2755,1.2775,1.2758,1.2751,1.2775,1.2762,1.2767,1.2751,1.277,1.2763,36.65,36.707,36.662,36.675,36.706,36.723,36.679,36.665,36.633,36.801,36.773,36.77,36.775,36.716,36.663,36.67,36.666,36.656,36.717,36.677,36.7,36.768,36.764,36.667,36.723,36.733,36.681,36.77,36.812,36.769,36.836,37.072,36.796,36.753,36.847,36.892,36.828,36.921,36.618,1.4162,0,6.868,0,-0.44849,0,0,0,0,0,1.4162,0,6.868,0,-0.44849,0,0,0,0,0,0,0,0,0,0,0,0,0,0,0,0,0,0,0,0,0,0,0,0,0,0,0,0,0,1.4255,-3.536,0,0,0,0,0,0,0,0,0,0,0,0,0,1.0461,1.045,1.0221,0.99886,0.99427,0.99717,0.94151,0.95527,1.0114,1.0092,1.0039,0.99127,1.0058,1.002,0.99532,1.0076,1.016,1.017,1.0409,0.986,1.0147,1.0407,1.0353,1.0152,1.054,1.045,1.0257,1.0488,1.0505,1.0419,0.99081,0.97254,1.0374,0.98325,1.0371,1.0265,1.0477,1.0438,1.0261,-0.34436,0.21867,-0.3286,1.0233,-1.1653,-1.2888,0.83455,-0.80312,-0.61226,0.49633,1.4268,0.68693,-2.8128,0.55955,0.92846,0.80223,3.0059,3.0759,-6.2091,-0.066085,-0.059967,2.8895,2.1509,2.0249,-1.6927,1.8594,0.98541,0.74705,-0.70883,-1.1097,0.64639,1.0869,0.96031,0.85974,0.074393,0.66081,-0.62123,0.56632,-1.0814,0.55033,1.2353,0.56278,0.531,0.43727,0.84241,-0.58331,4.311,14.405,-10.625,-20.857,6.3139
1.2754,1.2776,1.2758,1.275,1.2776,1.2762,1.2768,1.275,1.277,1.2763,36.777,36.835,36.79,36.802,36.834,36.85,36.806,36.793,36.761,36.928,36.901,36.898,36.902,36.844,36.79,36.797,36.793,36.784,36.845,36.805,36.828,36.895,36.891,36.795,36.851,36.861,36.809,36.898,36.94,36.897,36.964,37.2,36.924,36.881,36.975,37.02,36.956,37.049,36.746,1.4162,0,6.868,0,-0.44849,0,0,0,0,0,1.4162,0,6.868,0,-0.44849,0,0,0,0,0,0,0,0,0,0,0,0,0,0,0,0,0,0,0,0,0,0,0,0,0,0,0,0,0,1.4255,-3.536,0,0,0,0,0,0,0,0,0,0,0,0,0,1.0461,1.045,1.0221,0.99886,0.99427,0.99717,0.94151,0.95527,1.0114,1.0092,1.0039,0.99127,1.0058,1.002,0.99532,1.0076,1.016,1.017,1.0409,0.986,1.0147,1.0407,1.0353,1.0152,1.054,1.045,1.0257,1.0488,1.0505,1.0419,0.99081,0.97254,1.0374,0.98324,1.0371,1.0265,1.0477,1.0438,1.0261,-0.34431,0.21865,-0.32869,1.0237,-1.1655,-1.2889,0.83454,-0.8033,-0.61222,0.49645,1.4273,0.68717,-2.8125,0.55963,0.92849,0.80223,3.0058,3.0761,-6.2092,-0.066105,-0.059962,2.8895,2.151,2.025,-1.6928,1.8596,0.98539,0.74706,-0.70885,-1.1097,0.64691,1.0865,0.95984,0.85974,0.07447,0.66088,-0.62124,0.56605,-1.0816,0.55057,1.2353,0.56271,0.53094,0.43725,0.84232,-0.58342,4.311,14.405,-10.625,-20.857,6.3139
1.2753,1.2777,1.2757,1.2749,1.2777,1.2762,1.2768,1.2749,1.2771,1.2763,36.905,36.963,36.917,36.93,36.962,36.978,36.934,36.92,36.889,37.056,37.029,37.025,37.03,36.971,36.918,36.925,36.921,36.911,36.972,36.933,36.955,37.023,37.019,36.923,36.978,36.989,36.936,37.026,37.068,37.025,37.092,37.327,37.052,37.008,37.103,37.147,37.083,37.177,36.873,1.4162,0,6.868,0,-0.44849,0,0,0,0,0,1.4162,0,6.868,0,-0.44849,0,0,0,0,0,0,0,0,0,0,0,0,0,0,0,0,0,0,0,0,0,0,0,0,0,0,0,0,0,1.4255,-3.536,0,0,0,0,0,0,0,0,0,0,0,0,0,1.0461,1.045,1.0221,0.99886,0.99427,0.99717,0.94151,0.95527,1.0114,1.0092,1.0039,0.99127,1.0058,1.002,0.99532,1.0076,1.016,1.017,1.0409,0.986,1.0147,1.0407,1.0353,1.0152,1.054,1.045,1.0257,1.0488,1.0505,1.0419,0.99081,0.97254,1.0374,0.98324,1.0371,1.0265,1.0477,1.0438,1.0261,-0.34427,0.21862,-0.32878,1.0241,-1.1658,-1.2889,0.83454,-0.80347,-0.61218,0.49657,1.4277,0.68738,-2.8122,0.5597,0.92853,0.80224,3.0056,3.0762,-6.2093,-0.066124,-0.059958,2.8896,2.151,2.025,-1.6929,1.8597,0.98537,0.74706,-0.70887,-1.1098,0.6474,1.0861,0.95939,0.85974,0.07454,0.66095,-0.62126,0.56579,-1.0818,0.55079,1.2353,0.56265,0.53089,0.43722,0.84224,-0.58353,4.311,14.405,-10.625,-20.857,6.3139
1.2752,1.2778,1.2757,1.2748,1.2778,1.2762,1.2769,1.2748,1.2771,1.2763,37.033,37.09,37.045,37.057,37.089,37.106,37.061,37.048,37.016,37.183,37.156,37.153,37.158,37.099,37.046,37.053,37.049,37.039,37.1,37.06,37.083,37.151,37.146,37.05,37.106,37.116,37.064,37.153,37.195,37.152,37.219,37.455,37.179,37.136,37.23,37.275,37.211,37.304,37.001,1.4162,0,6.868,0,-0.44849,0,0,0,0,0,1.4162,0,6.868,0,-0.44849,0,0,0,0,0,0,0,0,0,0,0,0,0,0,0,0,0,0,0,0,0,0,0,0,0,0,0,0,0,1.4255,-3.536,0,0,0,0,0,0,0,0,0,0,0,0,0,1.0461,1.045,1.0221,0.99886,0.99427,0.99717,0.94151,0.95527,1.0114,1.0092,1.0039,0.99127,1.0058,1.002,0.99532,1.0076,1.016,1.017,1.0409,0.986,1.0147,1.0407,1.0353,1.0152,1.054,1.045,1.0257,1.0488,1.0505,1.0419,0.99081,0.97254,1.0374,0.98324,1.0371,1.0265,1.0477,1.0438,1.0261,-0.34423,0.2186,-0.32886,1.0244,-1.166,-1.289,0.83454,-0.80362,-0.61215,0.49667,1.4281,0.68758,-2.812,0.55976,0.92856,0.80224,3.0055,3.0763,-6.2094,-0.066142,-0.059954,2.8896,2.1511,2.0251,-1.6929,1.8598,0.98536,0.74707,-0.70889,-1.1098,0.64785,1.0858,0.95898,0.85975,0.074605,0.66101,-0.62127,0.56556,-1.0819,0.551,1.2353,0.56258,0.53083,0.43719,0.84217,-0.58363,4.311,14.405,-10.625,-20.857,6.3139
1.2751,1.2779,1.2757,1.2747,1.2779,1.2762,1.2769,1.2747,1.2772,1.2763,37.16,37.218,37.173,37.185,37.217,37.233,37.189,37.176,37.144,37.311,37.284,37.281,37.285,37.227,37.173,37.18,37.176,37.166,37.228,37.188,37.21,37.278,37.274,37.178,37.234,37.244,37.192,37.281,37.323,37.28,37.347,37.583,37.307,37.263,37.358,37.403,37.339,37.432,37.128,1.4162,0,6.868,0,-0.44849,0,0,0,0,0,1.4162,0,6.868,0,-0.44849,0,0,0,0,0,0,0,0,0,0,0,0,0,0,0,0,0,0,0,0,0,0,0,0,0,0,0,0,0,1.4255,-3.536,0,0,0,0,0,0,0,0,0,0,0,0,0,1.0461,1.045,1.0221,0.99886,0.99427,0.99717,0.94151,0.95527,1.0114,1.0092,1.0039,0.99127,1.0058,1.002,0.99532,1.0076,1.016,1.017,1.0409,0.986,1.0147,1.0407,1.0353,1.0152,1.054,1.045,1.0257,1.0488,1.0505,1.0419,0.99081,0.97254,1.0374,0.98324,1.0371,1.0265,1.0477,1.0438,1.0261,-0.34419,0.21858,-0.32894,1.0247,-1.1662,-1.289,0.83454,-0.80376,-0.61212,0.49677,1.4284,0.68776,-2.8118,0.55982,0.92859,0.80224,3.0054,3.0764,-6.2095,-0.066158,-0.05995,2.8897,2.1511,2.0251,-1.693,1.8599,0.98534,0.74707,-0.7089,-1.1098,0.64826,1.0854,0.95861,0.85975,0.074664,0.66106,-0.62128,0.56534,-1.0821,0.55118,1.2353,0.56253,0.53078,0.43717,0.8421,-0.58371,4.311,14.405,-10.625,-20.857,6.3139
1.2751,1.278,1.2756,1.2747,1.278,1.2762,1.2769,1.2746,1.2772,1.2763,37.288,37.346,37.3,37.313,37.344,37.361,37.317,37.303,37.272,37.439,37.412,37.408,37.413,37.354,37.301,37.308,37.304,37.294,37.355,37.315,37.338,37.406,37.402,37.306,37.361,37.371,37.319,37.408,37.45,37.408,37.475,37.71,37.435,37.391,37.485,37.53,37.466,37.56,37.256,1.4162,0,6.868,0,-0.44849,0,0,0,0,0,1.4162,0,6.868,0,-0.44849,0,0,0,0,0,0,0,0,0,0,0,0,0,0,0,0,0,0,0,0,0,0,0,0,0,0,0,0,0,1.4255,-3.536,0,0,0,0,0,0,0,0,0,0,0,0,0,1.0461,1.045,1.0221,0.99886,0.99427,0.99717,0.94151,0.95527,1.0114,1.0092,1.0039,0.99127,1.0058,1.002,0.99532,1.0076,1.016,1.017,1.0409,0.986,1.0147,1.0407,1.0353,1.0152,1.054,1.045,1.0257,1.0488,1.0505,1.0419,0.99081,0.97254,1.0374,0.98324,1.0371,1.0265,1.0477,1.0438,1.0261,-0.34416,0.21857,-0.32901,1.025,-1.1664,-1.2891,0.83454,-0.80389,-0.61209,0.49686,1.4288,0.68793,-2.8116,0.55987,0.92861,0.80224,3.0053,3.0765,-6.2096,-0.066173,-0.059947,2.8897,2.1512,2.0251,-1.693,1.86,0.98533,0.74707,-0.70891,-1.1099,0.64863,1.0851,0.95827,0.85975,0.074717,0.66112,-0.62129,0.56515,-1.0822,0.55135,1.2353,0.56247,0.53074,0.43714,0.84203,-0.58379,4.311,14.405,-10.625,-20.857,6.3139
1.275,1.2781,1.2756,1.2746,1.2781,1.2762,1.2769,1.2746,1.2773,1.2763,37.416,37.473,37.428,37.44,37.472,37.488,37.444,37.431,37.399,37.566,37.539,37.536,37.541,37.482,37.428,37.435,37.431,37.422,37.483,37.443,37.466,37.533,37.529,37.433,37.489,37.499,37.447,37.536,37.578,37.535,37.602,37.838,37.562,37.519,37.613,37.658,37.594,37.687,37.384,1.4162,0,6.868,0,-0.44849,0,0,0,0,0,1.4162,0,6.868,0,-0.44849,0,0,0,0,0,0,0,0,0,0,0,0,0,0,0,0,0,0,0,0,0,0,0,0,0,0,0,0,0,1.4255,-3.536,0,0,0,0,0,0,0,0,0,0,0,0,0,1.0461,1.045,1.0221,0.99886,0.99427,0.99717,0.94151,0.95527,1.0114,1.0092,1.0039,0.99127,1.0058,1.002,0.99532,1.0076,1.016,1.017,1.0409,0.986,1.0147,1.0407,1.0353,1.0152,1.054,1.045,1.0257,1.0488,1.0505,1.0419,0.99081,0.97254,1.0374,0.98324,1.0371,1.0265,1.0477,1.0438,1.0261,-0.34413,0.21855,-0.32908,1.0252,-1.1666,-1.2891,0.83454,-0.80401,-0.61207,0.49693,1.4291,0.68807,-2.8114,0.55992,0.92864,0.80224,3.0052,3.0765,-6.2096,-0.066186,-0.059944,2.8898,2.1512,2.0251,-1.6931,1.8601,0.98531,0.74708,-0.70892,-1.1099,0.64897,1.0849,0.95796,0.85975,0.074764,0.66116,-0.62129,0.56497,-1.0823,0.55151,1.2353,0.56243,0.5307,0.43712,0.84197,-0.58386,4.311,14.405,-10.625,-20.857,6.3139
1.275,1.2781,1.2755,1.2746,1.2781,1.2762,1.277,1.2745,1.2773,1.2763,37.543,37.601,37.555,37.568,37.6,37.616,37.572,37.558,37.527,37.694,37.667,37.664,37.668,37.61,37.556,37.563,37.559,37.549,37.61,37.571,37.593,37.661,37.657,37.561,37.617,37.627,37.574,37.664,37.706,37.663,37.73,37.965,37.69,37.646,37.741,37.785,37.721,37.815,37.511,1.4162,0,6.868,0,-0.44849,0,0,0,0,0,1.4162,0,6.8679,0,-0.44849,0,0,0,0,0,0,0,0,0,0,0,0,0,0,0,0,0,0,0,0,0,0,0,0,0,0,0,0,0,1.4255,-3.536,0,0,0,0,0,0,0,0,0,0,0,0,0,1.0461,1.045,1.0221,0.99886,0.99427,0.99717,0.94151,0.95527,1.0114,1.0092,1.0039,0.99127,1.0058,1.002,0.99532,1.0076,1.016,1.017,1.0409,0.986,1.0147,1.0407,1.0353,1.0152,1.054,1.045,1.0257,1.0488,1.0505,1.0419,0.99082,0.97254,1.0374,0.98324,1.0371,1.0265,1.0477,1.0438,1.0261,-0.3441,0.21854,-0.32913,1.0254,-1.1667,-1.2892,0.83454,-0.80411,-0.61205,0.497,1.4293,0.6882,-2.8112,0.55996,0.92866,0.80224,3.0051,3.0766,-6.2097,-0.066198,-0.059941,2.8898,2.1512,2.0252,-1.6931,1.8602,0.9853,0.74708,-0.70893,-1.1099,0.64927,1.0846,0.95769,0.85975,0.074805,0.6612,-0.6213,0.56482,-1.0824,0.55165,1.2354,0.56238,0.53066,0.43711,0.84192,-0.58391,4.311,14.405,-10.625,-20.857,6.3139
1.2749,1.2782,1.2755,1.2745,1.2782,1.2762,1.277,1.2745,1.2773,1.2763,37.671,37.728,37.683,37.696,37.727,37.744,37.7,37.686,37.654,37.822,37.794,37.791,37.796,37.737,37.684,37.691,37.687,37.677,37.738,37.698,37.721,37.789,37.785,37.688,37.744,37.754,37.702,37.791,37.833,37.791,37.858,38.093,37.817,37.774,37.868,37.913,37.849,37.942,37.639,1.4162,0,6.868,0,-0.44849,0,0,0,0,0,1.4162,0,6.8679,0,-0.44849,0,0,0,0,0,0,0,0,0,0,0,0,0,0,0,0,0,0,0,0,0,0,0,0,0,0,0,0,0,1.4255,-3.536,0,0,0,0,0,0,0,0,0,0,0,0,0,1.0461,1.045,1.0221,0.99886,0.99427,0.99717,0.94151,0.95527,1.0114,1.0092,1.0039,0.99127,1.0058,1.002,0.99532,1.0076,1.016,1.017,1.0409,0.986,1.0147,1.0407,1.0353,1.0152,1.054,1.045,1.0257,1.0488,1.0505,1.0419,0.99082,0.97254,1.0374,0.98324,1.0371,1.0265,1.0477,1.0438,1.0261,-0.34408,0.21852,-0.32919,1.0256,-1.1669,-1.2892,0.83453,-0.8042,-0.61203,0.49706,1.4295,0.68832,-2.8111,0.56,0.92867,0.80224,3.005,3.0767,-6.2098,-0.066208,-0.059939,2.8898,2.1513,2.0252,-1.6931,1.8603,0.98529,0.74708,-0.70894,-1.1099,0.64953,1.0844,0.95745,0.85975,0.07484,0.66124,-0.6213,0.56468,-1.0825,0.55177,1.2354,0.56235,0.53063,0.43709,0.84187,-0.58396,4.311,14.405,-10.625,-20.857,6.3139
1.2749,1.2782,1.2755,1.2745,1.2782,1.2762,1.277,1.2744,1.2774,1.2763,37.798,37.856,37.811,37.823,37.855,37.871,37.827,37.814,37.782,37.949,37.922,37.919,37.923,37.865,37.811,37.818,37.814,37.805,37.866,37.826,37.849,37.916,37.912,37.816,37.872,37.882,37.83,37.919,37.961,37.918,37.985,38.221,37.945,37.902,37.996,38.041,37.977,38.07,37.767,1.4162,0,6.868,0,-0.44849,0,0,0,0,0,1.4162,0,6.8679,0,-0.44849,0,0,0,0,0,0,0,0,0,0,0,0,0,0,0,0,0,0,0,0,0,0,0,0,0,0,0,0,0,1.4255,-3.536,0,0,0,0,0,0,0,0,0,0,0,0,0,1.0461,1.045,1.0221,0.99886,0.99427,0.99717,0.94151,0.95527,1.0114,1.0092,1.0039,0.99127,1.0058,1.002,0.99532,1.0076,1.016,1.017,1.0409,0.986,1.0147,1.0407,1.0353,1.0152,1.054,1.045,1.0257,1.0488,1.0505,1.0419,0.99082,0.97254,1.0374,0.98324,1.0371,1.0265,1.0477,1.0438,1.0261,-0.34405,0.21851,-0.32923,1.0258,-1.167,-1.2892,0.83453,-0.80428,-0.61201,0.49711,1.4297,0.68841,-2.811,0.56003,0.92869,0.80224,3.005,3.0767,-6.2098,-0.066217,-0.059937,2.8899,2.1513,2.0252,-1.6932,1.8603,0.98528,0.74708,-0.70895,-1.1099,0.64975,1.0843,0.95725,0.85975,0.074869,0.66127,-0.62131,0.56457,-1.0825,0.55188,1.2354,0.56231,0.5306,0.43707,0.84183,-0.584,4.311,14.405,-10.625,-20.857,6.3139
1.2749,1.2783,1.2755,1.2744,1.2783,1.2762,1.277,1.2744,1.2774,1.2763,37.926,37.984,37.938,37.951,37.983,37.999,37.955,37.941,37.91,38.077,38.05,38.047,38.051,37.992,37.939,37.946,37.942,37.932,37.993,37.954,37.976,38.044,38.04,37.944,37.999,38.01,37.957,38.047,38.089,38.046,38.113,38.348,38.073,38.029,38.124,38.168,38.104,38.198,37.894,1.4162,0,6.868,0,-0.44849,0,0,0,0,0,1.4162,0,6.8679,0,-0.44849,0,0,0,0,0,0,0,0,0,0,0,0,0,0,0,0,0,0,0,0,0,0,0,0,0,0,0,0,0,1.4255,-3.536,0,0,0,0,0,0,0,0,0,0,0,0,0,1.0461,1.045,1.0221,0.99886,0.99427,0.99717,0.94151,0.95527,1.0114,1.0092,1.0039,0.99127,1.0058,1.002,0.99532,1.0076,1.016,1.017,1.0409,0.986,1.0147,1.0407,1.0353,1.0152,1.054,1.045,1.0257,1.0488,1.0505,1.0419,0.99082,0.97254,1.0374,0.98324,1.0371,1.0265,1.0477,1.0438,1.0261,-0.34404,0.2185,-0.32927,1.0259,-1.1671,-1.2893,0.83453,-0.80435,-0.612,0.49715,1.4299,0.68849,-2.8109,0.56006,0.9287,0.80224,3.0049,3.0768,-6.2098,-0.066224,-0.059935,2.8899,2.1513,2.0252,-1.6932,1.8604,0.98527,0.74708,-0.70895,-1.11,0.64994,1.0841,0.95708,0.85975,0.074892,0.66129,-0.62131,0.56447,-1.0826,0.55196,1.2354,0.56228,0.53057,0.43706,0.84179,-0.58403,4.311,14.405,-10.625,-20.857,6.3139
1.2748,1.2783,1.2755,1.2744,1.2783,1.2762,1.277,1.2744,1.2774,1.2763,38.054,38.111,38.066,38.078,38.11,38.127,38.082,38.069,38.037,38.204,38.177,38.174,38.179,38.12,38.067,38.074,38.07,38.06,38.121,38.081,38.104,38.172,38.167,38.071,38.127,38.137,38.085,38.174,38.216,38.173,38.24,38.476,38.2,38.157,38.251,38.296,38.232,38.325,38.022,1.4162,0,6.868,0,-0.44849,0,0,0,0,0,1.4162,0,6.8679,0,-0.44849,0,0,0,0,0,0,0,0,0,0,0,0,0,0,0,0,0,0,0,0,0,0,0,0,0,0,0,0,0,1.4255,-3.536,0,0,0,0,0,0,0,0,0,0,0,0,0,1.0461,1.045,1.0221,0.99886,0.99427,0.99717,0.94151,0.95527,1.0114,1.0092,1.0039,0.99127,1.0058,1.002,0.99532,1.0076,1.016,1.017,1.0409,0.986,1.0147,1.0407,1.0353,1.0152,1.054,1.045,1.0257,1.0488,1.0505,1.0419,0.99082,0.97254,1.0374,0.98324,1.0371,1.0265,1.0477,1.0438,1.0261,-0.34402,0.21849,-0.32931,1.026,-1.1671,-1.2893,0.83452,-0.8044,-0.61199,0.49719,1.43,0.68855,-2.8108,0.56008,0.92871,0.80225,3.0049,3.0768,-6.2099,-0.066229,-0.059933,2.8899,2.1513,2.0252,-1.6932,1.8604,0.98526,0.74708,-0.70895,-1.11,0.65008,1.084,0.95694,0.85975,0.07491,0.66131,-0.62131,0.56439,-1.0827,0.55204,1.2354,0.56226,0.53055,0.43705,0.84176,-0.58405,4.311,14.405,-10.625,-20.857,6.3139
1.2748,1.2783,1.2755,1.2744,1.2783,1.2762,1.277,1.2743,1.2774,1.2763,38.181,38.239,38.194,38.206,38.238,38.254,38.21,38.197,38.165,38.332,38.305,38.302,38.306,38.248,38.194,38.201,38.197,38.188,38.249,38.209,38.231,38.299,38.295,38.199,38.255,38.265,38.213,38.302,38.344,38.301,38.368,38.604,38.328,38.284,38.379,38.424,38.36,38.453,38.149,1.4162,0,6.868,0,-0.44849,0,0,0,0,0,1.4162,0,6.8679,0,-0.44849,0,0,0,0,0,0,0,0,0,0,0,0,0,0,0,0,0,0,0,0,0,0,0,0,0,0,0,0,0,1.4255,-3.536,0,0,0,0,0,0,0,0,0,0,0,0,0,1.0461,1.045,1.0221,0.99886,0.99427,0.99717,0.94151,0.95527,1.0114,1.0092,1.0039,0.99127,1.0058,1.002,0.99532,1.0076,1.016,1.017,1.0409,0.986,1.0147,1.0407,1.0353,1.0152,1.054,1.045,1.0257,1.0488,1.0505,1.0419,0.99082,0.97254,1.0374,0.98324,1.0371,1.0265,1.0477,1.0438,1.0261,-0.34401,0.21848,-0.32933,1.0261,-1.1672,-1.2893,0.83452,-0.80444,-0.61199,0.49721,1.4301,0.6886,-2.8108,0.56009,0.92872,0.80225,3.0049,3.0768,-6.2099,-0.066234,-0.059932,2.8899,2.1513,2.0253,-1.6932,1.8605,0.98526,0.74708,-0.70895,-1.11,0.6502,1.0839,0.95684,0.85975,0.074921,0.66133,-0.62131,0.56434,-1.0827,0.55209,1.2354,0.56224,0.53054,0.43704,0.84174,-0.58406,4.311,14.405,-10.625,-20.857,6.3139
1.2748,1.2784,1.2754,1.2744,1.2783,1.2762,1.277,1.2743,1.2774,1.2763,38.309,38.367,38.321,38.334,38.365,38.382,38.338,38.324,38.293,38.46,38.433,38.429,38.434,38.375,38.322,38.329,38.325,38.315,38.376,38.336,38.359,38.427,38.423,38.327,38.382,38.392,38.34,38.429,38.471,38.429,38.496,38.731,38.456,38.412,38.506,38.551,38.487,38.581,38.277,1.4162,0,6.868,0,-0.44849,0,0,0,0,0,1.4162,0,6.8679,0,-0.44849,0,0,0,0,0,0,0,0,0,0,0,0,0,0,0,0,0,0,0,0,0,0,0,0,0,0,0,0,0,1.4255,-3.536,0,0,0,0,0,0,0,0,0,0,0,0,0,1.0461,1.045,1.0221,0.99886,0.99427,0.99717,0.94151,0.95527,1.0114,1.0092,1.0039,0.99127,1.0058,1.002,0.99532,1.0076,1.016,1.017,1.0409,0.986,1.0147,1.0407,1.0353,1.0152,1.054,1.045,1.0257,1.0488,1.0505,1.0419,0.99082,0.97254,1.0374,0.98324,1.0371,1.0265,1.0477,1.0438,1.0261,-0.344,0.21847,-0.32936,1.0261,-1.1672,-1.2893,0.83452,-0.80446,-0.61198,0.49722,1.4302,0.68862,-2.8107,0.5601,0.92873,0.80225,3.0048,3.0768,-6.2099,-0.066236,-0.059931,2.8899,2.1514,2.0253,-1.6932,1.8605,0.98525,0.74708,-0.70895,-1.11,0.65027,1.0839,0.95677,0.85975,0.074926,0.66134,-0.62131,0.5643,-1.0827,0.55213,1.2354,0.56223,0.53053,0.43703,0.84172,-0.58406,4.311,14.405,-10.625,-20.857,6.3139
1.2748,1.2784,1.2754,1.2744,1.2783,1.2762,1.277,1.2743,1.2774,1.2763,38.437,38.494,38.449,38.461,38.493,38.509,38.465,38.452,38.42,38.587,38.56,38.557,38.562,38.503,38.449,38.456,38.452,38.443,38.504,38.464,38.487,38.554,38.55,38.454,38.51,38.52,38.468,38.557,38.599,38.556,38.623,38.859,38.583,38.54,38.634,38.679,38.615,38.708,38.405,1.4162,0,6.868,0,-0.44849,0,0,0,0,0,1.4162,0,6.8679,0,-0.44849,0,0,0,0,0,0,0,0,0,0,0,0,0,0,0,0,0,0,0,0,0,0,0,0,0,0,0,0,0,1.4255,-3.536,0,0,0,0,0,0,0,0,0,0,0,0,0,1.0461,1.045,1.0221,0.99886,0.99427,0.99717,0.94151,0.95527,1.0114,1.0092,1.0039,0.99127,1.0058,1.002,0.99532,1.0076,1.016,1.017,1.0409,0.986,1.0147,1.0407,1.0353,1.0152,1.054,1.045,1.0257,1.0488,1.0505,1.0419,0.99082,0.97254,1.0374,0.98324,1.0371,1.0265,1.0477,1.0438,1.0261,-0.34399,0.21846,-0.32937,1.0262,-1.1672,-1.2893,0.83451,-0.80448,-0.61198,0.49723,1.4302,0.68863,-2.8107,0.56011,0.92873,0.80225,3.0048,3.0768,-6.2099,-0.066237,-0.05993,2.8899,2.1514,2.0253,-1.6932,1.8605,0.98525,0.74707,-0.70894,-1.11,0.6503,1.0838,0.95674,0.85975,0.074925,0.66134,-0.62131,0.56428,-1.0828,0.55215,1.2354,0.56222,0.53052,0.43702,0.8417,-0.58405,4.311,14.405,-10.625,-20.857,6.3139
1.2748,1.2784,1.2754,1.2744,1.2783,1.2762,1.277,1.2744,1.2774,1.2763,38.564,38.622,38.576,38.589,38.621,38.637,38.593,38.579,38.548,38.715,38.688,38.685,38.689,38.631,38.577,38.584,38.58,38.57,38.631,38.592,38.614,38.682,38.678,38.582,38.638,38.648,38.595,38.685,38.727,38.684,38.751,38.987,38.711,38.667,38.762,38.806,38.742,38.836,38.532,1.4162,0,6.868,0,-0.44849,0,0,0,0,0,1.4162,0,6.8679,0,-0.44849,0,0,0,0,0,0,0,0,0,0,0,0,0,0,0,0,0,0,0,0,0,0,0,0,0,0,0,0,0,1.4255,-3.536,0,0,0,0,0,0,0,0,0,0,0,0,0,1.0461,1.045,1.0221,0.99886,0.99427,0.99717,0.94151,0.95527,1.0114,1.0092,1.0039,0.99127,1.0058,1.002,0.99532,1.0076,1.016,1.017,1.0409,0.986,1.0147,1.0407,1.0353,1.0152,1.054,1.045,1.0257,1.0488,1.0505,1.0419,0.99082,0.97254,1.0374,0.98324,1.0371,1.0265,1.0477,1.0438,1.0261,-0.34398,0.21846,-0.32938,1.0262,-1.1671,-1.2893,0.83451,-0.80448,-0.61198,0.49722,1.4302,0.68863,-2.8107,0.56011,0.92873,0.80225,3.0048,3.0768,-6.2099,-0.066237,-0.05993,2.8899,2.1514,2.0253,-1.6932,1.8605,0.98525,0.74707,-0.70894,-1.11,0.6503,1.0838,0.95674,0.85974,0.074919,0.66134,-0.62131,0.56429,-1.0828,0.55216,1.2354,0.56222,0.53051,0.43702,0.84169,-0.58403,4.311,14.405,-10.625,-20.857,6.3139
1.2748,1.2783,1.2754,1.2744,1.2783,1.2762,1.277,1.2744,1.2774,1.2763,38.692,38.749,38.704,38.717,38.748,38.765,38.721,38.707,38.675,38.843,38.815,38.812,38.817,38.758,38.705,38.712,38.708,38.698,38.759,38.719,38.742,38.81,38.806,38.709,38.765,38.775,38.723,38.812,38.854,38.812,38.879,39.114,38.838,38.795,38.889,38.934,38.87,38.963,38.66,1.4162,0,6.868,0,-0.44849,0,0,0,0,0,1.4162,0,6.8679,0,-0.44849,0,0,0,0,0,0,0,0,0,0,0,0,0,0,0,0,0,0,0,0,0,0,0,0,0,0,0,0,0,1.4255,-3.536,0,0,0,0,0,0,0,0,0,0,0,0,0,1.0461,1.045,1.0221,0.99886,0.99427,0.99717,0.94151,0.95527,1.0114,1.0092,1.0039,0.99127,1.0058,1.002,0.99532,1.0076,1.016,1.017,1.0409,0.986,1.0147,1.0407,1.0353,1.0152,1.054,1.045,1.0257,1.0488,1.0505,1.0419,0.99082,0.97254,1.0374,0.98324,1.0371,1.0265,1.0477,1.0438,1.0261,-0.34398,0.21845,-0.32938,1.0261,-1.1671,-1.2893,0.8345,-0.80447,-0.61199,0.49721,1.4301,0.6886,-2.8107,0.5601,0.92873,0.80225,3.0048,3.0768,-6.2099,-0.066235,-0.05993,2.8899,2.1513,2.0253,-1.6932,1.8605,0.98525,0.74707,-0.70893,-1.11,0.65026,1.0839,0.95678,0.85974,0.074906,0.66133,-0.6213,0.56431,-1.0827,0.55215,1.2354,0.56222,0.53051,0.43701,0.84169,-0.584,4.311,14.405,-10.625,-20.857,6.3139
1.2748,1.2783,1.2754,1.2745,1.2782,1.2762,1.277,1.2744,1.2774,1.2763,38.819,38.877,38.832,38.844,38.876,38.892,38.848,38.835,38.803,38.97,38.943,38.94,38.944,38.886,38.832,38.839,38.835,38.826,38.887,38.847,38.87,38.937,38.933,38.837,38.893,38.903,38.851,38.94,38.982,38.939,39.006,39.242,38.966,38.923,39.017,39.062,38.998,39.091,38.788,1.4162,0,6.868,0,-0.44849,0,0,0,0,0,1.4162,0,6.8679,0,-0.44849,0,0,0,0,0,0,0,0,0,0,0,0,0,0,0,0,0,0,0,0,0,0,0,0,0,0,0,0,0,1.4255,-3.536,0,0,0,0,0,0,0,0,0,0,0,0,0,1.0461,1.045,1.0221,0.99886,0.99427,0.99717,0.94151,0.95527,1.0114,1.0092,1.0039,0.99127,1.0058,1.002,0.99532,1.0076,1.016,1.017,1.0409,0.986,1.0147,1.0407,1.0353,1.0152,1.054,1.045,1.0257,1.0488,1.0505,1.0419,0.99082,0.97254,1.0374,0.98324,1.0371,1.0265,1.0477,1.0438,1.0261,-0.34398,0.21845,-0.32938,1.026,-1.167,-1.2893,0.8345,-0.80444,-0.61199,0.49719,1.4301,0.68856,-2.8108,0.56009,0.92872,0.80225,3.0049,3.0768,-6.2098,-0.066232,-0.059931,2.8899,2.1513,2.0253,-1.6932,1.8604,0.98525,0.74707,-0.70892,-1.11,0.65018,1.0839,0.95685,0.85974,0.074888,0.66132,-0.6213,0.56436,-1.0827,0.55212,1.2354,0.56223,0.53052,0.43701,0.84169,-0.58396,4.311,14.405,-10.625,-20.857,6.3139
1.2748,1.2783,1.2755,1.2745,1.2782,1.2762,1.277,1.2744,1.2774,1.2763,38.947,39.005,38.959,38.972,39.004,39.02,38.976,38.962,38.931,39.098,39.071,39.068,39.072,39.014,38.96,38.967,38.963,38.953,39.014,38.975,38.997,39.065,39.061,38.965,39.02,39.031,38.978,39.068,39.11,39.067,39.134,39.369,39.094,39.05,39.145,39.189,39.125,39.219,38.915,1.4162,0,6.868,0,-0.44849,0,0,0,0,0,1.4162,0,6.8679,0,-0.44849,0,0,0,0,0,0,0,0,0,0,0,0,0,0,0,0,0,0,0,0,0,0,0,0,0,0,0,0,0,1.4255,-3.536,0,0,0,0,0,0,0,0,0,0,0,0,0,1.0461,1.045,1.0221,0.99886,0.99427,0.99717,0.94151,0.95527,1.0114,1.0092,1.0039,0.99127,1.0058,1.002,0.99532,1.0076,1.016,1.017,1.0409,0.986,1.0147,1.0407,1.0353,1.0152,1.054,1.045,1.0257,1.0488,1.0505,1.0419,0.99082,0.97254,1.0374,0.98324,1.0371,1.0265,1.0477,1.0438,1.0261,-0.34399,0.21845,-0.32937,1.026,-1.1669,-1.2893,0.83449,-0.80441,-0.612,0.49715,1.4299,0.6885,-2.8108,0.56007,0.92871,0.80225,3.0049,3.0768,-6.2098,-0.066227,-0.059931,2.8899,2.1513,2.0252,-1.6932,1.8604,0.98525,0.74706,-0.70891,-1.11,0.65007,1.084,0.95695,0.85973,0.074863,0.6613,-0.62129,0.56442,-1.0827,0.55208,1.2354,0.56224,0.53053,0.43701,0.8417,-0.58391,4.311,14.405,-10.625,-20.857,6.3139
1.2749,1.2782,1.2755,1.2746,1.2782,1.2762,1.277,1.2745,1.2773,1.2763,39.075,39.132,39.087,39.099,39.131,39.148,39.103,39.09,39.058,39.225,39.198,39.195,39.2,39.141,39.088,39.095,39.091,39.081,39.142,39.102,39.125,39.193,39.188,39.092,39.148,39.158,39.106,39.195,39.237,39.194,39.261,39.497,39.221,39.178,39.272,39.317,39.253,39.346,39.043,1.4162,0,6.868,0,-0.44849,0,0,0,0,0,1.4162,0,6.8679,0,-0.44849,0,0,0,0,0,0,0,0,0,0,0,0,0,0,0,0,0,0,0,0,0,0,0,0,0,0,0,0,0,1.4255,-3.536,0,0,0,0,0,0,0,0,0,0,0,0,0,1.0461,1.045,1.0221,0.99886,0.99427,0.99717,0.94151,0.95527,1.0114,1.0092,1.0039,0.99127,1.0058,1.002,0.99532,1.0076,1.016,1.017,1.0409,0.986,1.0147,1.0407,1.0353,1.0152,1.054,1.045,1.0257,1.0488,1.0505,1.0419,0.99082,0.97254,1.0374,0.98324,1.0371,1.0265,1.0477,1.0438,1.0261,-0.344,0.21845,-0.32936,1.0258,-1.1668,-1.2893,0.83449,-0.80436,-0.61202,0.49711,1.4298,0.68843,-2.8109,0.56005,0.9287,0.80226,3.0049,3.0767,-6.2098,-0.06622,-0.059932,2.8899,2.1513,2.0252,-1.6931,1.8604,0.98526,0.74706,-0.7089,-1.1099,0.64992,1.0841,0.95709,0.85973,0.074833,0.66128,-0.62128,0.5645,-1.0827,0.55202,1.2354,0.56225,0.53054,0.43702,0.84172,-0.58385,4.311,14.405,-10.625,-20.857,6.3139
1.2749,1.2782,1.2755,1.2746,1.2781,1.2763,1.2769,1.2745,1.2773,1.2763,39.202,39.26,39.215,39.227,39.259,39.275,39.231,39.218,39.186,39.353,39.326,39.323,39.327,39.269,39.215,39.222,39.218,39.209,39.27,39.23,39.252,39.32,39.316,39.22,39.276,39.286,39.234,39.323,39.365,39.322,39.389,39.625,39.349,39.305,39.4,39.445,39.381,39.474,39.17,1.4162,0,6.868,0,-0.44849,0,0,0,0,0,1.4162,0,6.8679,0,-0.44849,0,0,0,0,0,0,0,0,0,0,0,0,0,0,0,0,0,0,0,0,0,0,0,0,0,0,0,0,0,1.4255,-3.536,0,0,0,0,0,0,0,0,0,0,0,0,0,1.0461,1.045,1.0221,0.99886,0.99427,0.99717,0.94151,0.95527,1.0114,1.0092,1.0039,0.99127,1.0058,1.002,0.99532,1.0076,1.016,1.017,1.0409,0.986,1.0147,1.0407,1.0353,1.0152,1.054,1.045,1.0257,1.0488,1.0505,1.0419,0.99082,0.97254,1.0374,0.98324,1.0371,1.0265,1.0477,1.0438,1.0261,-0.34401,0.21845,-0.32933,1.0257,-1.1667,-1.2893,0.83448,-0.80429,-0.61203,0.49706,1.4296,0.68833,-2.811,0.56002,0.92869,0.80226,3.005,3.0767,-6.2097,-0.066213,-0.059934,2.8898,2.1513,2.0252,-1.6931,1.8603,0.98526,0.74705,-0.70889,-1.1099,0.64973,1.0843,0.95726,0.85972,0.074797,0.66125,-0.62128,0.5646,-1.0826,0.55194,1.2354,0.56227,0.53056,0.43702,0.84174,-0.58379,4.311,14.405,-10.625,-20.857,6.3139
1.2749,1.2781,1.2755,1.2747,1.278,1.2763,1.2769,1.2746,1.2773,1.2763,39.33,39.388,39.342,39.355,39.386,39.403,39.359,39.345,39.314,39.481,39.454,39.45,39.455,39.396,39.343,39.35,39.346,39.336,39.397,39.357,39.38,39.448,39.444,39.348,39.403,39.413,39.361,39.45,39.492,39.45,39.517,39.752,39.477,39.433,39.527,39.572,39.508,39.602,39.298,1.4162,0,6.868,0,-0.44849,0,0,0,0,0,1.4162,0,6.8679,0,-0.44849,0,0,0,0,0,0,0,0,0,0,0,0,0,0,0,0,0,0,0,0,0,0,0,0,0,0,0,0,0,1.4255,-3.536,0,0,0,0,0,0,0,0,0,0,0,0,0,1.0461,1.045,1.0221,0.99886,0.99427,0.99717,0.94151,0.95527,1.0114,1.0092,1.0039,0.99127,1.0058,1.002,0.99532,1.0076,1.016,1.017,1.0409,0.986,1.0147,1.0407,1.0353,1.0152,1.054,1.045,1.0257,1.0488,1.0505,1.0419,0.99081,0.97254,1.0374,0.98324,1.0371,1.0265,1.0477,1.0438,1.0261,-0.34402,0.21845,-0.32931,1.0255,-1.1665,-1.2893,0.83447,-0.80422,-0.61205,0.497,1.4294,0.68822,-2.8111,0.55998,0.92867,0.80226,3.005,3.0766,-6.2096,-0.066203,-0.059935,2.8898,2.1513,2.0252,-1.6931,1.8602,0.98527,0.74705,-0.70887,-1.1099,0.6495,1.0844,0.95747,0.85972,0.074754,0.66122,-0.62127,0.56473,-1.0825,0.55185,1.2354,0.5623,0.53058,0.43703,0.84176,-0.58371,4.311,14.405,-10.625,-20.857,6.3139
1.275,1.2781,1.2755,1.2747,1.278,1.2763,1.2769,1.2747,1.2772,1.2763,39.458,39.515,39.47,39.482,39.514,39.53,39.486,39.473,39.441,39.608,39.581,39.578,39.583,39.524,39.47,39.477,39.474,39.464,39.525,39.485,39.508,39.575,39.571,39.475,39.531,39.541,39.489,39.578,39.62,39.577,39.644,39.88,39.604,39.561,39.655,39.7,39.636,39.729,39.426,1.4162,0,6.868,0,-0.44849,0,0,0,0,0,1.4162,0,6.8679,0,-0.44849,0,0,0,0,0,0,0,0,0,0,0,0,0,0,0,0,0,0,0,0,0,0,0,0,0,0,0,0,0,1.4255,-3.536,0,0,0,0,0,0,0,0,0,0,0,0,0,1.0461,1.045,1.0221,0.99886,0.99427,0.99717,0.94151,0.95527,1.0114,1.0092,1.0039,0.99127,1.0058,1.002,0.99532,1.0076,1.016,1.017,1.0409,0.986,1.0147,1.0407,1.0353,1.0152,1.054,1.045,1.0257,1.0488,1.0505,1.0419,0.99081,0.97254,1.0374,0.98324,1.0371,1.0265,1.0477,1.0438,1.0261,-0.34404,0.21846,-0.32927,1.0253,-1.1664,-1.2892,0.83447,-0.80413,-0.61207,0.49693,1.4292,0.6881,-2.8113,0.55994,0.92866,0.80226,3.0051,3.0766,-6.2096,-0.066192,-0.059937,2.8898,2.1512,2.0252,-1.693,1.8602,0.98528,0.74704,-0.70885,-1.1099,0.64924,1.0846,0.95771,0.85971,0.074706,0.66118,-0.62125,0.56487,-1.0825,0.55174,1.2354,0.56233,0.5306,0.43703,0.84179,-0.58362,4.311,14.405,-10.625,-20.857,6.3139
1.275,1.278,1.2756,1.2748,1.2779,1.2763,1.2769,1.2748,1.2772,1.2763,39.585,39.643,39.597,39.61,39.642,39.658,39.614,39.6,39.569,39.736,39.709,39.706,39.71,39.652,39.598,39.605,39.601,39.591,39.653,39.613,39.635,39.703,39.699,39.603,39.659,39.669,39.616,39.706,39.748,39.705,39.772,40.008,39.732,39.688,39.783,39.827,39.763,39.857,39.553,1.4162,0,6.868,0,-0.44849,0,0,0,0,0,1.4162,0,6.8679,0,-0.44849,0,0,0,0,0,0,0,0,0,0,0,0,0,0,0,0,0,0,0,0,0,0,0,0,0,0,0,0,0,1.4255,-3.536,0,0,0,0,0,0,0,0,0,0,0,0,0,1.0461,1.045,1.0221,0.99886,0.99427,0.99717,0.94151,0.95527,1.0114,1.0092,1.0039,0.99127,1.0058,1.002,0.99532,1.0076,1.016,1.017,1.0409,0.986,1.0147,1.0407,1.0353,1.0152,1.054,1.045,1.0257,1.0488,1.0505,1.0419,0.99081,0.97254,1.0374,0.98324,1.0371,1.0265,1.0477,1.0438,1.0261,-0.34405,0.21846,-0.32923,1.025,-1.1662,-1.2892,0.83446,-0.80403,-0.6121,0.49686,1.4289,0.68795,-2.8115,0.5599,0.92864,0.80226,3.0052,3.0765,-6.2095,-0.06618,-0.059939,2.8898,2.1512,2.0251,-1.693,1.8601,0.98529,0.74703,-0.70883,-1.1099,0.64893,1.0849,0.95799,0.85971,0.074652,0.66114,-0.62124,0.56503,-1.0824,0.55161,1.2354,0.56237,0.53063,0.43704,0.84183,-0.58352,4.311,14.405,-10.625,-20.857,6.3139
1.2751,1.2779,1.2756,1.2749,1.2778,1.2763,1.2768,1.2748,1.2771,1.2763,39.713,39.771,39.725,39.738,39.769,39.786,39.742,39.728,39.696,39.864,39.836,39.833,39.838,39.779,39.726,39.733,39.729,39.719,39.78,39.74,39.763,39.831,39.827,39.73,39.786,39.796,39.744,39.833,39.875,39.833,39.9,40.135,39.859,39.816,39.91,39.955,39.891,39.984,39.681,1.4162,0,6.868,0,-0.44849,0,0,0,0,0,1.4162,0,6.8679,0,-0.44849,0,0,0,0,0,0,0,0,0,0,0,0,0,0,0,0,0,0,0,0,0,0,0,0,0,0,0,0,0,1.4255,-3.536,0,0,0,0,0,0,0,0,0,0,0,0,0,1.0461,1.045,1.0221,0.99886,0.99427,0.99717,0.94151,0.95527,1.0114,1.0092,1.0039,0.99127,1.0058,1.002,0.99532,1.0076,1.016,1.017,1.0409,0.986,1.0147,1.0407,1.0353,1.0152,1.054,1.045,1.0257,1.0488,1.0505,1.0419,0.99081,0.97254,1.0374,0.98324,1.0371,1.0265,1.0477,1.0438,1.0261,-0.34408,0.21847,-0.32919,1.0248,-1.166,-1.2892,0.83445,-0.80391,-0.61213,0.49677,1.4286,0.68779,-2.8116,0.55985,0.92861,0.80226,3.0053,3.0764,-6.2094,-0.066166,-0.059942,2.8897,2.1512,2.0251,-1.6929,1.86,0.9853,0.74703,-0.70881,-1.1098,0.64859,1.0851,0.9583,0.8597,0.074592,0.66109,-0.62123,0.56522,-1.0823,0.55147,1.2354,0.56241,0.53067,0.43705,0.84187,-0.58342,4.311,14.405,-10.625,-20.857,6.3139
1.2752,1.2778,1.2756,1.275,1.2777,1.2763,1.2768,1.2749,1.2771,1.2763,39.84,39.898,39.853,39.865,39.897,39.913,39.869,39.856,39.824,39.991,39.964,39.961,39.966,39.907,39.853,39.86,39.856,39.847,39.908,39.868,39.891,39.958,39.954,39.858,39.914,39.924,39.872,39.961,40.003,39.96,40.027,40.263,39.987,39.944,40.038,40.083,40.019,40.112,39.809,1.4162,0,6.868,0,-0.44849,0,0,0,0,0,1.4162,0,6.8679,0,-0.44849,0,0,0,0,0,0,0,0,0,0,0,0,0,0,0,0,0,0,0,0,0,0,0,0,0,0,0,0,0,1.4255,-3.536,0,0,0,0,0,0,0,0,0,0,0,0,0,1.0461,1.045,1.0221,0.99886,0.99427,0.99717,0.94151,0.95527,1.0114,1.0092,1.0039,0.99127,1.0058,1.002,0.99532,1.0076,1.016,1.017,1.0409,0.986,1.0147,1.0407,1.0353,1.0152,1.054,1.045,1.0257,1.0488,1.0505,1.0419,0.99081,0.97254,1.0374,0.98324,1.0371,1.0265,1.0477,1.0438,1.0261,-0.3441,0.21848,-0.32913,1.0245,-1.1657,-1.2891,0.83444,-0.80379,-0.61216,0.49667,1.4282,0.68761,-2.8118,0.55979,0.92859,0.80226,3.0054,3.0763,-6.2093,-0.066151,-0.059945,2.8897,2.1511,2.0251,-1.6928,1.8599,0.98531,0.74702,-0.70879,-1.1098,0.64821,1.0854,0.95864,0.85969,0.074525,0.66104,-0.62121,0.56542,-1.0822,0.55131,1.2353,0.56245,0.5307,0.43707,0.84192,-0.5833,4.311,14.405,-10.625,-20.857,6.3139
1.2752,1.2777,1.2757,1.2751,1.2776,1.2763,1.2767,1.275,1.277,1.2763,39.968,40.026,39.98,39.993,40.025,40.041,39.997,39.983,39.952,40.119,40.092,40.089,40.093,40.035,39.981,39.988,39.984,39.974,40.035,39.996,40.018,40.086,40.082,39.986,40.042,40.052,39.999,40.089,40.131,40.088,40.155,40.39,40.115,40.071,40.166,40.21,40.146,40.24,39.936,1.4162,0,6.868,0,-0.44849,0,0,0,0,0,1.4162,0,6.8679,0,-0.44849,0,0,0,0,0,0,0,0,0,0,0,0,0,0,0,0,0,0,0,0,0,0,0,0,0,0,0,0,0,1.4255,-3.536,0,0,0,0,0,0,0,0,0,0,0,0,0,1.0461,1.045,1.0221,0.99886,0.99427,0.99717,0.94151,0.95527,1.0114,1.0092,1.0039,0.99127,1.0058,1.002,0.99532,1.0076,1.016,1.017,1.0409,0.986,1.0147,1.0407,1.0353,1.0152,1.054,1.045,1.0257,1.0488,1.0505,1.0419,0.99081,0.97254,1.0374,0.98324,1.0371,1.0265,1.0477,1.0438,1.0261,-0.34413,0.21848,-0.32908,1.0242,-1.1654,-1.2891,0.83444,-0.80365,-0.61219,0.49657,1.4279,0.68741,-2.8121,0.55973,0.92856,0.80227,3.0055,3.0762,-6.2092,-0.066134,-0.059948,2.8896,2.1511,2.025,-1.6928,1.8597,0.98532,0.74701,-0.70876,-1.1098,0.6478,1.0857,0.95902,0.85969,0.074453,0.66098,-0.6212,0.56564,-1.082,0.55113,1.2353,0.5625,0.53075,0.43708,0.84197,-0.58318,4.311,14.405,-10.625,-20.857,6.3139
1.2753,1.2776,1.2757,1.2752,1.2774,1.2763,1.2767,1.2752,1.2769,1.2763,40.096,40.153,40.108,40.12,40.152,40.169,40.124,40.111,40.079,40.246,40.219,40.216,40.221,40.162,40.109,40.116,40.112,40.102,40.163,40.123,40.146,40.214,40.209,40.113,40.169,40.179,40.127,40.216,40.258,40.215,40.282,40.518,40.242,40.199,40.293,40.338,40.274,40.367,40.064,1.4162,0,6.868,0,-0.44849,0,0,0,0,0,1.4162,0,6.8679,0,-0.44849,0,0,0,0,0,0,0,0,0,0,0,0,0,0,0,0,0,0,0,0,0,0,0,0,0,0,0,0,0,1.4255,-3.536,0,0,0,0,0,0,0,0,0,0,0,0,0,1.0461,1.045,1.0221,0.99886,0.99427,0.99717,0.94151,0.95527,1.0114,1.0092,1.0039,0.99127,1.0058,1.002,0.99532,1.0076,1.016,1.017,1.0409,0.986,1.0147,1.0407,1.0353,1.0152,1.054,1.045,1.0257,1.0488,1.0505,1.0419,0.99081,0.97254,1.0374,0.98324,1.0371,1.0265,1.0477,1.0438,1.0261,-0.34416,0.21849,-0.32901,1.0238,-1.1652,-1.2891,0.83443,-0.8035,-0.61223,0.49645,1.4275,0.6872,-2.8123,0.55966,0.92853,0.80227,3.0056,3.0761,-6.209,-0.066115,-0.059952,2.8896,2.151,2.025,-1.6927,1.8596,0.98533,0.747,-0.70873,-1.1097,0.64735,1.0861,0.95943,0.85968,0.074375,0.66091,-0.62118,0.56588,-1.0819,0.55094,1.2353,0.56256,0.53079,0.4371,0.84203,-0.58304,4.311,14.405,-10.625,-20.857,6.3139
1.2754,1.2774,1.2758,1.2753,1.2773,1.2763,1.2766,1.2753,1.2769,1.2763,40.223,40.281,40.236,40.248,40.28,40.296,40.252,40.239,40.207,40.374,40.347,40.344,40.348,40.29,40.236,40.243,40.239,40.23,40.291,40.251,40.273,40.341,40.337,40.241,40.297,40.307,40.255,40.344,40.386,40.343,40.41,40.646,40.37,40.326,40.421,40.466,40.402,40.495,40.191,1.4162,0,6.868,0,-0.44849,0,0,0,0,0,1.4162,0,6.8679,0,-0.44849,0,0,0,0,0,0,0,0,0,0,0,0,0,0,0,0,0,0,0,0,0,0,0,0,0,0,0,0,0,1.4255,-3.536,0,0,0,0,0,0,0,0,0,0,0,0,0,1.0461,1.045,1.0221,0.99886,0.99427,0.99717,0.94151,0.95527,1.0114,1.0092,1.0039,0.99127,1.0058,1.002,0.99532,1.0076,1.016,1.017,1.0409,0.986,1.0147,1.0407,1.0353,1.0152,1.054,1.045,1.0257,1.0488,1.0505,1.0419,0.99081,0.97254,1.0374,0.98324,1.0371,1.0265,1.0477,1.0438,1.0261,-0.34419,0.2185,-0.32894,1.0234,-1.1649,-1.289,0.83442,-0.80333,-0.61227,0.49633,1.427,0.68697,-2.8126,0.55959,0.92849,0.80227,3.0057,3.076,-6.2089,-0.066095,-0.059955,2.8895,2.151,2.025,-1.6926,1.8595,0.98535,0.74699,-0.70871,-1.1097,0.64686,1.0864,0.95988,0.85967,0.074291,0.66084,-0.62116,0.56614,-1.0817,0.55073,1.2353,0.56262,0.53084,0.43712,0.8421,-0.5829,4.311,14.405,-10.625,-20.857,6.3139
1.2755,1.2773,1.2758,1.2755,1.2772,1.2763,1.2766,1.2754,1.2768,1.2763,40.351,40.409,40.363,40.376,40.407,40.424,40.38,40.366,40.335,40.502,40.475,40.471,40.476,40.417,40.364,40.371,40.367,40.357,40.418,40.378,40.401,40.469,40.465,40.369,40.424,40.434,40.382,40.471,40.513,40.471,40.538,40.773,40.498,40.454,40.548,40.593,40.529,40.623,40.319,1.4162,0,6.868,0,-0.44849,0,0,0,0,0,1.4162,0,6.8679,0,-0.44849,0,0,0,0,0,0,0,0,0,0,0,0,0,0,0,0,0,0,0,0,0,0,0,0,0,0,0,0,0,1.4255,-3.536,0,0,0,0,0,0,0,0,0,0,0,0,0,1.0461,1.045,1.0221,0.99886,0.99427,0.99717,0.94151,0.95527,1.0114,1.0092,1.0039,0.99127,1.0058,1.002,0.99532,1.0076,1.016,1.017,1.0409,0.986,1.0147,1.0407,1.0353,1.0152,1.054,1.045,1.0257,1.0488,1.0505,1.0419,0.99081,0.97254,1.0374,0.98324,1.0371,1.0265,1.0477,1.0438,1.0261,-0.34423,0.21852,-0.32886,1.023,-1.1645,-1.2889,0.83441,-0.80315,-0.61231,0.49619,1.4265,0.68672,-2.8129,0.55951,0.92846,0.80227,3.0058,3.0759,-6.2088,-0.066074,-0.05996,2.8895,2.1509,2.0249,-1.6925,1.8593,0.98537,0.74698,-0.70868,-1.1097,0.64633,1.0869,0.96036,0.85966,0.074201,0.66077,-0.62115,0.56643,-1.0816,0.5505,1.2353,0.56268,0.5309,0.43714,0.84217,-0.58274,4.311,14.405,-10.625,-20.857,6.3139
1.2756,1.2772,1.2759,1.2756,1.277,1.2763,1.2765,1.2756,1.2767,1.2763,40.479,40.536,40.491,40.503,40.535,40.551,40.507,40.494,40.462,40.629,40.602,40.599,40.604,40.545,40.491,40.498,40.495,40.485,40.546,40.506,40.529,40.596,40.592,40.496,40.552,40.562,40.51,40.599,40.641,40.598,40.665,40.901,40.625,40.582,40.676,40.721,40.657,40.75,40.447,1.4162,0,6.868,0,-0.44849,0,0,0,0,0,1.4162,0,6.8679,0,-0.44849,0,0,0,0,0,0,0,0,0,0,0,0,0,0,0,0,0,0,0,0,0,0,0,0,0,0,0,0,0,1.4255,-3.536,0,0,0,0,0,0,0,0,0,0,0,0,0,1.0461,1.045,1.0221,0.99886,0.99427,0.99717,0.94151,0.95527,1.0114,1.0092,1.0039,0.99127,1.0058,1.002,0.99532,1.0076,1.016,1.017,1.0409,0.986,1.0147,1.0407,1.0353,1.0152,1.054,1.045,1.0257,1.0488,1.0505,1.0419,0.99081,0.97254,1.0374,0.98325,1.0371,1.0265,1.0477,1.0438,1.0261,-0.34427,0.21853,-0.32878,1.0226,-1.1642,-1.2889,0.8344,-0.80296,-0.61235,0.49605,1.426,0.68646,-2.8132,0.55943,0.92842,0.80227,3.006,3.0757,-6.2086,-0.066051,-0.059964,2.8894,2.1508,2.0249,-1.6925,1.8592,0.98539,0.74697,-0.70864,-1.1096,0.64576,1.0873,0.96088,0.85965,0.074105,0.66069,-0.62113,0.56673,-1.0814,0.55026,1.2353,0.56275,0.53095,0.43716,0.84224,-0.58258,4.311,14.405,-10.625,-20.857,6.3139
1.2757,1.277,1.2759,1.2757,1.2769,1.2763,1.2765,1.2757,1.2766,1.2763,40.606,40.664,40.618,40.631,40.663,40.679,40.635,40.621,40.59,40.757,40.73,40.727,40.731,40.673,40.619,40.626,40.622,40.612,40.674,40.634,40.656,40.724,40.72,40.624,40.68,40.69,40.637,40.727,40.769,40.726,40.793,41.028,40.753,40.709,40.804,40.848,40.785,40.878,40.574,1.4162,0,6.868,0,-0.44849,0,0,0,0,0,1.4162,0,6.8679,0,-0.44849,0,0,0,0,0,0,0,0,0,0,0,0,0,0,0,0,0,0,0,0,0,0,0,0,0,0,0,0,0,1.4255,-3.536,0,0,0,0,0,0,0,0,0,0,0,0,0,1.0461,1.045,1.0221,0.99886,0.99427,0.99717,0.94151,0.95527,1.0114,1.0092,1.0039,0.99127,1.0058,1.002,0.99532,1.0076,1.016,1.017,1.0409,0.986,1.0147,1.0407,1.0353,1.0152,1.054,1.045,1.0257,1.0488,1.0505,1.0419,0.99081,0.97254,1.0374,0.98325,1.0371,1.0265,1.0477,1.0438,1.0261,-0.34431,0.21855,-0.32869,1.0221,-1.1638,-1.2888,0.83439,-0.80276,-0.6124,0.4959,1.4255,0.68618,-2.8135,0.55934,0.92838,0.80227,3.0061,3.0756,-6.2085,-0.066026,-0.059969,2.8893,2.1508,2.0248,-1.6924,1.859,0.98541,0.74696,-0.70861,-1.1096,0.64516,1.0877,0.96143,0.85964,0.074004,0.6606,-0.6211,0.56705,-1.0812,0.55,1.2353,0.56283,0.53102,0.43718,0.84232,-0.5824,4.311,14.405,-10.625,-20.857,6.3139
1.2758,1.2768,1.276,1.2759,1.2767,1.2763,1.2764,1.2759,1.2765,1.2763,40.734,40.792,40.746,40.759,40.79,40.807,40.763,40.749,40.717,40.885,40.857,40.854,40.859,40.8,40.747,40.754,40.75,40.74,40.801,40.761,40.784,40.852,40.848,40.751,40.807,40.817,40.765,40.854,40.896,40.854,40.921,41.156,40.881,40.837,40.931,40.976,40.912,41.005,40.702,1.4162,0,6.868,0,-0.44849,0,0,0,0,0,1.4162,0,6.8679,0,-0.44849,0,0,0,0,0,0,0,0,0,0,0,0,0,0,0,0,0,0,0,0,0,0,0,0,0,0,0,0,0,1.4255,-3.536,0,0,0,0,0,0,0,0,0,0,0,0,0,1.0461,1.045,1.0221,0.99886,0.99427,0.99717,0.94151,0.95527,1.0114,1.0092,1.0039,0.99127,1.0058,1.002,0.99532,1.0076,1.016,1.017,1.0409,0.986,1.0147,1.0407,1.0353,1.0152,1.054,1.045,1.0257,1.0488,1.0505,1.0419,0.99081,0.97254,1.0374,0.98325,1.0371,1.0265,1.0477,1.0438,1.0261,-0.34436,0.21856,-0.32859,1.0216,-1.1634,-1.2888,0.83438,-0.80254,-0.61245,0.49574,1.4249,0.68588,-2.8139,0.55925,0.92834,0.80227,3.0063,3.0754,-6.2083,-0.066,-0.059974,2.8892,2.1507,2.0248,-1.6923,1.8588,0.98543,0.74695,-0.70857,-1.1095,0.64452,1.0882,0.96201,0.85963,0.073896,0.66051,-0.62108,0.56739,-1.081,0.54973,1.2353,0.56291,0.53108,0.43721,0.84241,-0.58222,4.311,14.405,-10.625,-20.857,6.3139
1.2759,1.2767,1.2761,1.2761,1.2765,1.2763,1.2764,1.276,1.2764,1.2763,40.861,40.919,40.874,40.886,40.918,40.934,40.89,40.877,40.845,41.012,40.985,40.982,40.987,40.928,40.874,40.881,40.877,40.868,40.929,40.889,40.912,40.979,40.975,40.879,40.935,40.945,40.893,40.982,41.024,40.981,41.048,41.284,41.008,40.965,41.059,41.104,41.04,41.133,40.83,1.4162,0,6.868,0,-0.44849,0,0,0,0,0,1.4162,0,6.8679,0,-0.44849,0,0,0,0,0,0,0,0,0,0,0,0,0,0,0,0,0,0,0,0,0,0,0,0,0,0,0,0,0,1.4255,-3.536,0,0,0,0,0,0,0,0,0,0,0,0,0,1.0461,1.045,1.0221,0.99886,0.99427,0.99717,0.94151,0.95527,1.0114,1.0092,1.0039,0.99127,1.0058,1.002,0.99532,1.0076,1.016,1.017,1.0409,0.986,1.0147,1.0407,1.0353,1.0152,1.054,1.045,1.0257,1.0488,1.0505,1.0419,0.99081,0.97254,1.0374,0.98325,1.0371,1.0265,1.0477,1.0438,1.0261,-0.34441,0.21858,-0.32849,1.0211,-1.163,-1.2887,0.83437,-0.80231,-0.6125,0.49557,1.4243,0.68556,-2.8142,0.55915,0.92829,0.80228,3.0065,3.0753,-6.2081,-0.065973,-0.059979,2.8892,2.1506,2.0247,-1.6922,1.8586,0.98545,0.74694,-0.70854,-1.1095,0.64384,1.0888,0.96263,0.85962,0.073782,0.66041,-0.62106,0.56775,-1.0808,0.54943,1.2353,0.56299,0.53115,0.43723,0.8425,-0.58202,4.311,14.405,-10.625,-20.857,6.3139
1.2761,1.2765,1.2761,1.2762,1.2764,1.2763,1.2763,1.2762,1.2763,1.2763,40.989,41.047,41.001,41.014,41.046,41.062,41.018,41.004,40.973,41.14,41.113,41.11,41.114,41.056,41.002,41.009,41.005,40.995,41.056,41.017,41.039,41.107,41.103,41.007,41.063,41.073,41.02,41.11,41.152,41.109,41.176,41.411,41.136,41.092,41.187,41.231,41.167,41.261,40.957,1.4162,0,6.868,0,-0.44849,0,0,0,0,0,1.4162,0,6.8679,0,-0.44849,0,0,0,0,0,0,0,0,0,0,0,0,0,0,0,0,0,0,0,0,0,0,0,0,0,0,0,0,0,1.4255,-3.536,0,0,0,0,0,0,0,0,0,0,0,0,0,1.0461,1.045,1.0221,0.99886,0.99427,0.99717,0.94151,0.95527,1.0114,1.0092,1.0039,0.99127,1.0058,1.002,0.99532,1.0076,1.016,1.017,1.0409,0.986,1.0147,1.0407,1.0353,1.0152,1.054,1.045,1.0257,1.0488,1.0505,1.0419,0.99081,0.97254,1.0374,0.98325,1.0371,1.0265,1.0477,1.0438,1.0261,-0.34446,0.2186,-0.32838,1.0205,-1.1626,-1.2886,0.83436,-0.80207,-0.61256,0.49539,1.4236,0.68523,-2.8146,0.55904,0.92824,0.80228,3.0067,3.0751,-6.2079,-0.065944,-0.059985,2.8891,2.1506,2.0246,-1.692,1.8584,0.98547,0.74692,-0.7085,-1.1094,0.64313,1.0893,0.96328,0.85961,0.073662,0.66031,-0.62103,0.56813,-1.0806,0.54913,1.2353,0.56308,0.53123,0.43726,0.8426,-0.58182,4.311,14.405,-10.625,-20.857,6.3139
1.2762,1.2763,1.2762,1.2764,1.2762,1.2763,1.2762,1.2764,1.2762,1.2763,41.117,41.174,41.129,41.141,41.173,41.19,41.145,41.132,41.1,41.267,41.24,41.237,41.242,41.183,41.13,41.137,41.133,41.123,41.184,41.144,41.167,41.235,41.23,41.134,41.19,41.2,41.148,41.237,41.279,41.236,41.303,41.539,41.263,41.22,41.314,41.359,41.295,41.388,41.085,1.4162,0,6.8679,0,-0.44849,0,0,0,0,0,1.4162,0,6.8679,0,-0.44849,0,0,0,0,0,0,0,0,0,0,0,0,0,0,0,0,0,0,0,0,0,0,0,0,0,0,0,0,0,1.4255,-3.536,0,0,0,0,0,0,0,0,0,0,0,0,0,1.0461,1.045,1.0221,0.99886,0.99427,0.99717,0.94151,0.95527,1.0114,1.0092,1.0039,0.99127,1.0058,1.002,0.99532,1.0076,1.016,1.017,1.0409,0.986,1.0147,1.0407,1.0353,1.0152,1.054,1.045,1.0257,1.0488,1.0505,1.0419,0.99081,0.97254,1.0374,0.98325,1.0371,1.0265,1.0477,1.0438,1.0261,-0.34451,0.21862,-0.32827,1.02,-1.1621,-1.2885,0.83435,-0.80182,-0.61262,0.4952,1.423,0.68488,-2.815,0.55893,0.92819,0.80228,3.0069,3.0749,-6.2077,-0.065914,-0.059991,2.889,2.1505,2.0246,-1.6919,1.8582,0.9855,0.74691,-0.70845,-1.1094,0.64237,1.0899,0.96397,0.8596,0.073537,0.6602,-0.62101,0.56854,-1.0804,0.5488,1.2353,0.56318,0.53131,0.43729,0.84271,-0.58161,4.311,14.405,-10.625,-20.857,6.3139
1.2763,1.2761,1.2763,1.2766,1.276,1.2763,1.2761,1.2766,1.2761,1.2763,41.244,41.302,41.257,41.269,41.301,41.317,41.273,41.26,41.228,41.395,41.368,41.365,41.369,41.311,41.257,41.264,41.26,41.251,41.312,41.272,41.294,41.362,41.358,41.262,41.318,41.328,41.276,41.365,41.407,41.364,41.431,41.667,41.391,41.347,41.442,41.487,41.423,41.516,41.212,1.4162,0,6.8679,0,-0.44849,0,0,0,0,0,1.4162,0,6.8679,0,-0.44849,0,0,0,0,0,0,0,0,0,0,0,0,0,0,0,0,0,0,0,0,0,0,0,0,0,0,0,0,0,1.4255,-3.536,0,0,0,0,0,0,0,0,0,0,0,0,0,1.0461,1.045,1.0221,0.99886,0.99427,0.99717,0.94151,0.95527,1.0114,1.0092,1.0039,0.99127,1.0058,1.002,0.99532,1.0076,1.016,1.017,1.0409,0.986,1.0147,1.0407,1.0353,1.0152,1.054,1.045,1.0257,1.0488,1.0505,1.0419,0.99081,0.97254,1.0374,0.98325,1.0371,1.0265,1.0477,1.0438,1.0261,-0.34457,0.21864,-0.32815,1.0194,-1.1617,-1.2884,0.83434,-0.80156,-0.61268,0.49501,1.4223,0.68452,-2.8154,0.55882,0.92814,0.80228,3.0071,3.0747,-6.2075,-0.065883,-0.059997,2.8889,2.1504,2.0245,-1.6918,1.858,0.98552,0.7469,-0.70841,-1.1093,0.64161,1.0905,0.96467,0.85959,0.073409,0.66009,-0.62098,0.56894,-1.0801,0.54847,1.2353,0.56327,0.53139,0.43732,0.84281,-0.58139,4.311,14.405,-10.625,-20.857,6.3139
1.2765,1.2759,1.2763,1.2768,1.2758,1.2763,1.2761,1.2767,1.276,1.2763,41.372,41.43,41.384,41.397,41.428,41.445,41.401,41.387,41.356,41.523,41.496,41.492,41.497,41.438,41.385,41.392,41.388,41.378,41.439,41.399,41.422,41.49,41.486,41.39,41.445,41.455,41.403,41.492,41.534,41.492,41.559,41.794,41.519,41.475,41.57,41.614,41.55,41.644,41.34,1.4162,0,6.8679,0,-0.44849,0,0,0,0,0,1.4162,0,6.8679,0,-0.44849,0,0,0,0,0,0,0,0,0,0,0,0,0,0,0,0,0,0,0,0,0,0,0,0,0,0,0,0,0,1.4255,-3.536,0,0,0,0,0,0,0,0,0,0,0,0,0,1.0461,1.045,1.0221,0.99886,0.99427,0.99717,0.94151,0.95527,1.0114,1.0092,1.0039,0.99127,1.0058,1.002,0.99532,1.0076,1.016,1.017,1.0409,0.986,1.0147,1.0407,1.0353,1.0152,1.054,1.045,1.0257,1.0488,1.0505,1.0419,0.99081,0.97254,1.0374,0.98325,1.0371,1.0265,1.0477,1.0438,1.0261,-0.34462,0.21866,-0.32804,1.0188,-1.1612,-1.2883,0.83433,-0.80131,-0.61274,0.49483,1.4216,0.68418,-2.8158,0.55871,0.92809,0.80228,3.0073,3.0746,-6.2073,-0.065853,-0.060003,2.8888,2.1503,2.0244,-1.6917,1.8578,0.98555,0.74688,-0.70837,-1.1093,0.64087,1.091,0.96533,0.85958,0.073287,0.65999,-0.62096,0.56933,-1.0799,0.54815,1.2352,0.56337,0.53147,0.43735,0.84292,-0.58119,4.311,14.405,-10.625,-20.857,6.3139
1.2766,1.2757,1.2764,1.2769,1.2756,1.2763,1.276,1.2769,1.2759,1.2763,41.5,41.557,41.512,41.524,41.556,41.572,41.528,41.515,41.483,41.65,41.623,41.62,41.625,41.566,41.512,41.519,41.516,41.506,41.567,41.527,41.55,41.618,41.613,41.517,41.573,41.583,41.531,41.62,41.662,41.619,41.686,41.922,41.646,41.603,41.697,41.742,41.678,41.771,41.468,1.4162,0,6.8679,0,-0.44849,0,0,0,0,0,1.4162,0,6.8679,0,-0.44849,0,0,0,0,0,0,0,0,0,0,0,0,0,0,0,0,0,0,0,0,0,0,0,0,0,0,0,0,0,1.4255,-3.536,0,0,0,0,0,0,0,0,0,0,0,0,0,1.0461,1.045,1.0221,0.99886,0.99427,0.99717,0.94151,0.95527,1.0114,1.0092,1.0039,0.99127,1.0058,1.002,0.99532,1.0076,1.016,1.017,1.0409,0.986,1.0147,1.0407,1.0353,1.0152,1.054,1.045,1.0257,1.0488,1.0505,1.0419,0.99081,0.97255,1.0374,0.98325,1.0371,1.0265,1.0477,1.0438,1.0261,-0.34467,0.21868,-0.32794,1.0183,-1.1608,-1.2883,0.83432,-0.80108,-0.61279,0.49466,1.421,0.68386,-2.8162,0.55861,0.92804,0.80228,3.0074,3.0744,-6.2072,-0.065825,-0.060009,2.8887,2.1502,2.0244,-1.6916,1.8576,0.98557,0.74687,-0.70834,-1.1092,0.64018,1.0916,0.96597,0.85957,0.073172,0.65989,-0.62093,0.5697,-1.0797,0.54785,1.2352,0.56345,0.53154,0.43738,0.84301,-0.58099,4.311,14.405,-10.625,-20.857,6.3139
1.2767,1.2756,1.2765,1.2771,1.2754,1.2763,1.2759,1.2771,1.2758,1.2763,41.627,41.685,41.639,41.652,41.684,41.7,41.656,41.642,41.611,41.778,41.751,41.748,41.752,41.694,41.64,41.647,41.643,41.633,41.695,41.655,41.677,41.745,41.741,41.645,41.701,41.711,41.659,41.748,41.79,41.747,41.814,42.049,41.774,41.73,41.825,41.869,41.806,41.899,41.595,1.4162,0,6.8679,0,-0.44849,0,0,0,0,0,1.4162,0,6.8679,0,-0.44849,0,0,0,0,0,0,0,0,0,0,0,0,0,0,0,0,0,0,0,0,0,0,0,0,0,0,0,0,0,1.4255,-3.536,0,0,0,0,0,0,0,0,0,0,0,0,0,1.0461,1.045,1.0221,0.99886,0.99427,0.99717,0.94151,0.95527,1.0114,1.0092,1.0039,0.99127,1.0058,1.002,0.99532,1.0076,1.016,1.017,1.0409,0.986,1.0147,1.0407,1.0353,1.0152,1.054,1.045,1.0257,1.0488,1.0505,1.0419,0.9908,0.97255,1.0374,0.98325,1.0371,1.0265,1.0477,1.0438,1.0261,-0.34472,0.2187,-0.32783,1.0178,-1.1604,-1.2882,0.83431,-0.80085,-0.61284,0.49449,1.4204,0.68355,-2.8166,0.55852,0.928,0.80228,3.0076,3.0742,-6.207,-0.065798,-0.060014,2.8887,2.1502,2.0243,-1.6915,1.8574,0.98559,0.74686,-0.7083,-1.1092,0.63952,1.0921,0.96657,0.85956,0.073064,0.6598,-0.62091,0.57006,-1.0795,0.54756,1.2352,0.56354,0.53161,0.43741,0.84311,-0.58081,4.311,14.405,-10.625,-20.857,6.3139
1.2768,1.2754,1.2765,1.2772,1.2753,1.2763,1.2759,1.2772,1.2757,1.2763,41.755,41.813,41.767,41.78,41.811,41.828,41.784,41.77,41.739,41.906,41.878,41.875,41.88,41.821,41.768,41.775,41.771,41.761,41.822,41.782,41.805,41.873,41.869,41.773,41.828,41.838,41.786,41.875,41.917,41.874,41.942,42.177,41.902,41.858,41.952,41.997,41.933,42.026,41.723,1.4162,0,6.8679,0,-0.44849,0,0,0,0,0,1.4162,0,6.8679,0,-0.44849,0,0,0,0,0,0,0,0,0,0,0,0,0,0,0,0,0,0,0,0,0,0,0,0,0,0,0,0,0,1.4255,-3.536,0,0,0,0,0,0,0,0,0,0,0,0,0,1.0461,1.045,1.0221,0.99886,0.99427,0.99717,0.94151,0.95527,1.0114,1.0092,1.0039,0.99127,1.0058,1.002,0.99532,1.0076,1.016,1.017,1.0409,0.986,1.0147,1.0407,1.0353,1.0152,1.054,1.045,1.0257,1.0488,1.0505,1.0419,0.9908,0.97255,1.0374,0.98325,1.0371,1.0265,1.0477,1.0438,1.0261,-0.34477,0.21871,-0.32774,1.0173,-1.16,-1.2881,0.8343,-0.80064,-0.61289,0.49434,1.4198,0.68326,-2.8169,0.55843,0.92795,0.80228,3.0078,3.0741,-6.2068,-0.065773,-0.060019,2.8886,2.1501,2.0243,-1.6914,1.8572,0.98561,0.74685,-0.70827,-1.1091,0.63889,1.0926,0.96714,0.85955,0.072961,0.65971,-0.62089,0.57039,-1.0793,0.54729,1.2352,0.56362,0.53168,0.43744,0.84319,-0.58064,4.311,14.405,-10.625,-20.857,6.3139
1.2769,1.2753,1.2766,1.2774,1.2751,1.2763,1.2758,1.2774,1.2757,1.2763,41.882,41.94,41.895,41.907,41.939,41.955,41.911,41.898,41.866,42.033,42.006,42.003,42.008,41.949,41.895,41.902,41.898,41.889,41.95,41.91,41.933,42,41.996,41.9,41.956,41.966,41.914,42.003,42.045,42.002,42.069,42.305,42.029,41.985,42.08,42.125,42.061,42.154,41.851,1.4162,0,6.8679,0,-0.44849,0,0,0,0,0,1.4162,0,6.8679,0,-0.44849,0,0,0,0,0,0,0,0,0,0,0,0,0,0,0,0,0,0,0,0,0,0,0,0,0,0,0,0,0,1.4255,-3.536,0,0,0,0,0,0,0,0,0,0,0,0,0,1.0461,1.045,1.0221,0.99886,0.99427,0.99717,0.94151,0.95527,1.0114,1.0092,1.0039,0.99127,1.0058,1.002,0.99532,1.0076,1.016,1.017,1.0409,0.986,1.0147,1.0407,1.0353,1.0152,1.054,1.045,1.0257,1.0488,1.0505,1.0419,0.9908,0.97255,1.0374,0.98325,1.0371,1.0265,1.0477,1.0438,1.0261,-0.34481,0.21873,-0.32765,1.0168,-1.1597,-1.2881,0.8343,-0.80044,-0.61294,0.49419,1.4193,0.68299,-2.8172,0.55834,0.92791,0.80228,3.0079,3.0739,-6.2067,-0.06575,-0.060024,2.8885,2.15,2.0242,-1.6913,1.857,0.98563,0.74684,-0.70824,-1.1091,0.6383,1.093,0.96767,0.85954,0.072865,0.65963,-0.62087,0.5707,-1.0791,0.54704,1.2352,0.56369,0.53174,0.43746,0.84328,-0.58048,4.311,14.405,-10.625,-20.857,6.3139
1.277,1.2751,1.2766,1.2775,1.275,1.2763,1.2758,1.2775,1.2756,1.2762,42.01,42.068,42.022,42.035,42.067,42.083,42.039,42.025,41.994,42.161,42.134,42.131,42.135,42.077,42.023,42.03,42.026,42.016,42.078,42.038,42.06,42.128,42.124,42.028,42.084,42.094,42.041,42.131,42.173,42.13,42.197,42.432,42.157,42.113,42.208,42.252,42.189,42.282,41.978,1.4162,0,6.8679,0,-0.44849,0,0,0,0,0,1.4162,0,6.8679,0,-0.44849,0,0,0,0,0,0,0,0,0,0,0,0,0,0,0,0,0,0,0,0,0,0,0,0,0,0,0,0,0,1.4255,-3.536,0,0,0,0,0,0,0,0,0,0,0,0,0,1.0461,1.045,1.0221,0.99886,0.99427,0.99717,0.94151,0.95527,1.0114,1.0092,1.0039,0.99127,1.0058,1.002,0.99532,1.0076,1.016,1.017,1.0409,0.986,1.0147,1.0407,1.0353,1.0152,1.054,1.045,1.0257,1.0488,1.0505,1.0419,0.9908,0.97255,1.0374,0.98325,1.0371,1.0265,1.0477,1.0438,1.0261,-0.34485,0.21875,-0.32756,1.0164,-1.1594,-1.288,0.83429,-0.80026,-0.61298,0.49405,1.4188,0.68274,-2.8175,0.55826,0.92787,0.80229,3.0081,3.0738,-6.2065,-0.065727,-0.060028,2.8885,2.15,2.0242,-1.6912,1.8569,0.98565,0.74683,-0.70821,-1.109,0.63775,1.0934,0.96817,0.85954,0.072775,0.65955,-0.62085,0.57099,-1.079,0.5468,1.2352,0.56376,0.5318,0.43749,0.84336,-0.58033,4.311,14.405,-10.625,-20.857,6.3139
1.2771,1.275,1.2767,1.2776,1.2749,1.2763,1.2757,1.2776,1.2755,1.2762,42.138,42.195,42.15,42.162,42.194,42.211,42.166,42.153,42.121,42.288,42.261,42.258,42.263,42.204,42.151,42.158,42.154,42.144,42.205,42.165,42.188,42.256,42.251,42.155,42.211,42.221,42.169,42.258,42.3,42.257,42.324,42.56,42.285,42.241,42.335,42.38,42.316,42.409,42.106,1.4162,0,6.8679,0,-0.44849,0,0,0,0,0,1.4162,0,6.8679,0,-0.44849,0,0,0,0,0,0,0,0,0,0,0,0,0,0,0,0,0,0,0,0,0,0,0,0,0,0,0,0,0,1.4255,-3.536,0,0,0,0,0,0,0,0,0,0,0,0,0,1.0461,1.045,1.0221,0.99886,0.99427,0.99717,0.94151,0.95527,1.0114,1.0092,1.0039,0.99127,1.0058,1.002,0.99532,1.0076,1.016,1.017,1.0409,0.986,1.0147,1.0407,1.0353,1.0152,1.054,1.045,1.0257,1.0488,1.0505,1.0419,0.9908,0.97255,1.0374,0.98325,1.0371,1.0265,1.0477,1.0438,1.0261,-0.34489,0.21876,-0.32748,1.016,-1.1591,-1.2879,0.83429,-0.80008,-0.61302,0.49393,1.4184,0.6825,-2.8178,0.55818,0.92784,0.80229,3.0082,3.0737,-6.2064,-0.065707,-0.060032,2.8884,2.1499,2.0241,-1.6911,1.8567,0.98567,0.74682,-0.70818,-1.109,0.63723,1.0938,0.96864,0.85953,0.072691,0.65948,-0.62084,0.57127,-1.0788,0.54657,1.2352,0.56383,0.53185,0.43751,0.84343,-0.58019,4.311,14.405,-10.625,-20.857,6.3139
1.2772,1.2749,1.2767,1.2777,1.2747,1.2763,1.2757,1.2777,1.2754,1.2762,42.265,42.323,42.278,42.29,42.322,42.338,42.294,42.281,42.249,42.416,42.389,42.386,42.39,42.332,42.278,42.285,42.281,42.272,42.333,42.293,42.316,42.383,42.379,42.283,42.339,42.349,42.297,42.386,42.428,42.385,42.452,42.688,42.412,42.368,42.463,42.508,42.444,42.537,42.233,1.4162,0,6.8679,0,-0.44849,0,0,0,0,0,1.4162,0,6.8679,0,-0.44849,0,0,0,0,0,0,0,0,0,0,0,0,0,0,0,0,0,0,0,0,0,0,0,0,0,0,0,0,0,1.4255,-3.536,0,0,0,0,0,0,0,0,0,0,0,0,0,1.0461,1.045,1.0221,0.99886,0.99427,0.99717,0.94151,0.95527,1.0114,1.0092,1.0039,0.99127,1.0058,1.002,0.99532,1.0076,1.016,1.017,1.0409,0.986,1.0147,1.0407,1.0353,1.0152,1.054,1.045,1.0257,1.0488,1.0505,1.0419,0.9908,0.97255,1.0374,0.98325,1.0371,1.0265,1.0477,1.0438,1.0261,-0.34493,0.21878,-0.3274,1.0157,-1.1588,-1.2879,0.83428,-0.79992,-0.61306,0.49381,1.4179,0.68228,-2.8181,0.55811,0.92781,0.80229,3.0083,3.0736,-6.2063,-0.065687,-0.060036,2.8884,2.1498,2.0241,-1.6911,1.8566,0.98569,0.74682,-0.70816,-1.1089,0.63675,1.0942,0.96908,0.85952,0.072614,0.65941,-0.62082,0.57152,-1.0786,0.54636,1.2352,0.56389,0.5319,0.43753,0.8435,-0.58006,4.311,14.405,-10.625,-20.857,6.3139
1.2773,1.2748,1.2768,1.2778,1.2746,1.2763,1.2756,1.2778,1.2754,1.2762,42.393,42.451,42.405,42.418,42.449,42.466,42.422,42.408,42.377,42.544,42.517,42.513,42.518,42.459,42.406,42.413,42.409,42.399,42.46,42.421,42.443,42.511,42.507,42.411,42.467,42.476,42.424,42.513,42.555,42.513,42.58,42.815,42.54,42.496,42.591,42.635,42.571,42.665,42.361,1.4162,0,6.8679,0,-0.44849,0,0,0,0,0,1.4162,0,6.8679,0,-0.44849,0,0,0,0,0,0,0,0,0,0,0,0,0,0,0,0,0,0,0,0,0,0,0,0,0,0,0,0,0,1.4255,-3.536,0,0,0,0,0,0,0,0,0,0,0,0,0,1.0461,1.045,1.0221,0.99886,0.99427,0.99717,0.94151,0.95527,1.0114,1.0092,1.0039,0.99127,1.0058,1.002,0.99532,1.0076,1.016,1.017,1.0409,0.986,1.0147,1.0407,1.0353,1.0152,1.054,1.045,1.0257,1.0488,1.0505,1.0419,0.9908,0.97255,1.0374,0.98325,1.0371,1.0265,1.0477,1.0438,1.0261,-0.34496,0.21879,-0.32733,1.0153,-1.1585,-1.2878,0.83428,-0.79977,-0.61309,0.4937,1.4175,0.68208,-2.8183,0.55805,0.92778,0.80229,3.0085,3.0735,-6.2062,-0.065669,-0.06004,2.8883,2.1498,2.024,-1.691,1.8565,0.9857,0.74681,-0.70814,-1.1089,0.63631,1.0945,0.96949,0.85952,0.072543,0.65935,-0.62081,0.57175,-1.0785,0.54616,1.2352,0.56395,0.53195,0.43755,0.84357,-0.57994,4.311,14.405,-10.625,-20.857,6.3139
1.2773,1.2747,1.2768,1.2779,1.2745,1.2763,1.2756,1.2779,1.2753,1.2762,42.521,42.578,42.533,42.545,42.577,42.593,42.549,42.536,42.504,42.671,42.644,42.641,42.646,42.587,42.534,42.541,42.537,42.527,42.588,42.548,42.571,42.639,42.634,42.538,42.594,42.604,42.552,42.641,42.683,42.64,42.707,42.943,42.668,42.624,42.718,42.763,42.699,42.792,42.489,1.4162,0,6.8679,0,-0.44849,0,0,0,0,0,1.4162,0,6.8679,0,-0.44849,0,0,0,0,0,0,0,0,0,0,0,0,0,0,0,0,0,0,0,0,0,0,0,0,0,0,0,0,0,1.4255,-3.536,0,0,0,0,0,0,0,0,0,0,0,0,0,1.0461,1.045,1.0221,0.99886,0.99427,0.99717,0.94151,0.95527,1.0114,1.0092,1.0039,0.99127,1.0058,1.002,0.99532,1.0076,1.016,1.017,1.0409,0.986,1.0147,1.0407,1.0353,1.0152,1.054,1.045,1.0257,1.0488,1.0505,1.0419,0.9908,0.97255,1.0374,0.98325,1.0371,1.0265,1.0477,1.0438,1.0261,-0.34499,0.21881,-0.32726,1.015,-1.1583,-1.2878,0.83427,-0.79963,-0.61312,0.4936,1.4172,0.68189,-2.8185,0.55799,0.92775,0.80229,3.0086,3.0734,-6.2061,-0.065653,-0.060043,2.8883,2.1498,2.024,-1.6909,1.8563,0.98572,0.7468,-0.70812,-1.1089,0.6359,1.0949,0.96986,0.85951,0.072479,0.65929,-0.6208,0.57197,-1.0784,0.54598,1.2352,0.564,0.532,0.43757,0.84363,-0.57983,4.311,14.405,-10.625,-20.857,6.3139
1.2774,1.2746,1.2769,1.278,1.2744,1.2763,1.2756,1.278,1.2753,1.2762,42.648,42.706,42.66,42.673,42.705,42.721,42.677,42.663,42.632,42.799,42.772,42.769,42.773,42.715,42.661,42.668,42.664,42.654,42.716,42.676,42.698,42.766,42.762,42.666,42.722,42.732,42.68,42.769,42.811,42.768,42.835,43.07,42.795,42.751,42.846,42.89,42.827,42.92,42.616,1.4162,0,6.8679,0,-0.44849,0,0,0,0,0,1.4162,0,6.8679,0,-0.44849,0,0,0,0,0,0,0,0,0,0,0,0,0,0,0,0,0,0,0,0,0,0,0,0,0,0,0,0,0,1.4255,-3.536,0,0,0,0,0,0,0,0,0,0,0,0,0,1.0461,1.045,1.0221,0.99886,0.99427,0.99717,0.94151,0.95527,1.0114,1.0092,1.0039,0.99127,1.0058,1.002,0.99532,1.0076,1.016,1.017,1.0409,0.986,1.0147,1.0407,1.0353,1.0152,1.054,1.045,1.0257,1.0488,1.0505,1.0419,0.9908,0.97255,1.0374,0.98325,1.0371,1.0265,1.0477,1.0438,1.0261,-0.34502,0.21882,-0.3272,1.0147,-1.1581,-1.2877,0.83427,-0.7995,-0.61315,0.49351,1.4168,0.68172,-2.8187,0.55794,0.92772,0.80229,3.0087,3.0733,-6.206,-0.065638,-0.060046,2.8882,2.1497,2.024,-1.6909,1.8562,0.98573,0.7468,-0.7081,-1.1089,0.63552,1.0951,0.97019,0.85951,0.07242,0.65924,-0.62078,0.57217,-1.0783,0.54582,1.2352,0.56405,0.53204,0.43759,0.84369,-0.57974,4.311,14.405,-10.625,-20.857,6.3139
1.2774,1.2745,1.2769,1.278,1.2744,1.2763,1.2755,1.2781,1.2752,1.2762,42.776,42.834,42.788,42.801,42.832,42.849,42.805,42.791,42.76,42.927,42.899,42.896,42.901,42.842,42.789,42.796,42.792,42.782,42.843,42.803,42.826,42.894,42.89,42.794,42.849,42.859,42.807,42.896,42.938,42.895,42.963,43.198,42.923,42.879,42.973,43.018,42.954,43.047,42.744,1.4162,0,6.8679,0,-0.44849,0,0,0,0,0,1.4162,0,6.8679,0,-0.44849,0,0,0,0,0,0,0,0,0,0,0,0,0,0,0,0,0,0,0,0,0,0,0,0,0,0,0,0,0,1.4255,-3.536,0,0,0,0,0,0,0,0,0,0,0,0,0,1.0461,1.045,1.0221,0.99886,0.99427,0.99717,0.94151,0.95527,1.0114,1.0092,1.0039,0.99127,1.0058,1.002,0.99532,1.0076,1.016,1.017,1.0409,0.986,1.0147,1.0407,1.0353,1.0152,1.054,1.045,1.0257,1.0488,1.0505,1.0419,0.9908,0.97255,1.0374,0.98325,1.0371,1.0265,1.0477,1.0438,1.0261,-0.34505,0.21883,-0.32714,1.0145,-1.1579,-1.2877,0.83427,-0.79939,-0.61317,0.49343,1.4165,0.68157,-2.8189,0.55789,0.9277,0.80229,3.0087,3.0732,-6.2059,-0.065625,-0.060049,2.8882,2.1497,2.0239,-1.6908,1.8561,0.98574,0.74679,-0.70808,-1.1088,0.63519,1.0954,0.9705,0.8595,0.072368,0.65919,-0.62078,0.57234,-1.0782,0.54567,1.2352,0.56409,0.53208,0.43761,0.84374,-0.57965,4.311,14.405,-10.625,-20.857,6.3139
1.2775,1.2744,1.2769,1.2781,1.2743,1.2763,1.2755,1.2781,1.2752,1.2762,42.904,42.961,42.916,42.928,42.96,42.976,42.932,42.919,42.887,43.054,43.027,43.024,43.029,42.97,42.916,42.923,42.919,42.91,42.971,42.931,42.954,43.021,43.017,42.921,42.977,42.987,42.935,43.024,43.066,43.023,43.09,43.326,43.05,43.006,43.101,43.146,43.082,43.175,42.872,1.4162,0,6.8679,0,-0.44849,0,0,0,0,0,1.4162,0,6.8679,0,-0.44849,0,0,0,0,0,0,0,0,0,0,0,0,0,0,0,0,0,0,0,0,0,0,0,0,0,0,0,0,0,1.4255,-3.536,0,0,0,0,0,0,0,0,0,0,0,0,0,1.0461,1.045,1.0221,0.99886,0.99427,0.99717,0.94151,0.95527,1.0114,1.0092,1.0039,0.99127,1.0058,1.002,0.99532,1.0076,1.016,1.017,1.0409,0.986,1.0147,1.0407,1.0353,1.0152,1.054,1.045,1.0257,1.0488,1.0505,1.0419,0.9908,0.97255,1.0374,0.98325,1.0371,1.0265,1.0477,1.0438,1.0261,-0.34507,0.21884,-0.32709,1.0143,-1.1577,-1.2877,0.83427,-0.79929,-0.6132,0.49335,1.4163,0.68143,-2.8191,0.55784,0.92768,0.80229,3.0088,3.0731,-6.2058,-0.065613,-0.060052,2.8881,2.1496,2.0239,-1.6908,1.8561,0.98575,0.74679,-0.70807,-1.1088,0.63488,1.0956,0.97077,0.8595,0.072323,0.65915,-0.62077,0.5725,-1.0781,0.54553,1.2352,0.56413,0.53211,0.43762,0.84379,-0.57958,4.311,14.405,-10.625,-20.857,6.3139
1.2775,1.2744,1.2769,1.2782,1.2742,1.2763,1.2755,1.2782,1.2752,1.2762,43.031,43.089,43.043,43.056,43.088,43.104,43.06,43.046,43.015,43.182,43.155,43.152,43.156,43.098,43.044,43.051,43.047,43.037,43.099,43.059,43.081,43.149,43.145,43.049,43.105,43.115,43.062,43.152,43.194,43.151,43.218,43.453,43.178,43.134,43.229,43.273,43.21,43.303,42.999,1.4162,0,6.8679,0,-0.44849,0,0,0,0,0,1.4162,0,6.8679,0,-0.44849,0,0,0,0,0,0,0,0,0,0,0,0,0,0,0,0,0,0,0,0,0,0,0,0,0,0,0,0,0,1.4255,-3.536,0,0,0,0,0,0,0,0,0,0,0,0,0,1.0461,1.045,1.0221,0.99886,0.99427,0.99717,0.94151,0.95527,1.0114,1.0092,1.0039,0.99127,1.0058,1.002,0.99532,1.0076,1.016,1.017,1.0409,0.986,1.0147,1.0407,1.0353,1.0152,1.054,1.045,1.0257,1.0488,1.0505,1.0419,0.9908,0.97255,1.0374,0.98325,1.0371,1.0265,1.0477,1.0438,1.0261,-0.3451,0.21885,-0.32705,1.0141,-1.1576,-1.2876,0.83427,-0.7992,-0.61322,0.49329,1.416,0.68132,-2.8192,0.55781,0.92766,0.80229,3.0089,3.0731,-6.2058,-0.065603,-0.060054,2.8881,2.1496,2.0239,-1.6908,1.856,0.98576,0.74679,-0.70806,-1.1088,0.63462,1.0958,0.97101,0.8595,0.072283,0.65911,-0.62076,0.57264,-1.078,0.54541,1.2351,0.56417,0.53214,0.43764,0.84383,-0.57952,4.311,14.405,-10.625,-20.857,6.3139
1.2776,1.2743,1.277,1.2782,1.2742,1.2763,1.2755,1.2782,1.2751,1.2762,43.159,43.216,43.171,43.184,43.215,43.232,43.187,43.174,43.142,43.309,43.282,43.279,43.284,43.225,43.172,43.179,43.175,43.165,43.226,43.186,43.209,43.277,43.273,43.176,43.232,43.242,43.19,43.279,43.321,43.278,43.345,43.581,43.306,43.262,43.356,43.401,43.337,43.43,43.127,1.4162,0,6.8679,0,-0.44849,0,0,0,0,0,1.4162,0,6.8679,0,-0.44849,0,0,0,0,0,0,0,0,0,0,0,0,0,0,0,0,0,0,0,0,0,0,0,0,0,0,0,0,0,1.4255,-3.536,0,0,0,0,0,0,0,0,0,0,0,0,0,1.0461,1.045,1.0221,0.99886,0.99427,0.99717,0.94151,0.95527,1.0114,1.0092,1.0039,0.99127,1.0058,1.002,0.99532,1.0076,1.016,1.017,1.0409,0.986,1.0147,1.0407,1.0353,1.0152,1.054,1.045,1.0257,1.0488,1.0505,1.0419,0.9908,0.97255,1.0374,0.98325,1.0371,1.0265,1.0477,1.0438,1.0261,-0.34512,0.21886,-0.327,1.0139,-1.1575,-1.2876,0.83427,-0.79912,-0.61323,0.49324,1.4158,0.68121,-2.8193,0.55777,0.92765,0.80228,3.009,3.073,-6.2057,-0.065594,-0.060056,2.8881,2.1496,2.0239,-1.6907,1.8559,0.98577,0.74679,-0.70805,-1.1088,0.63439,1.096,0.97122,0.8595,0.07225,0.65908,-0.62075,0.57276,-1.0779,0.54531,1.2351,0.5642,0.53217,0.43765,0.84387,-0.57946,4.311,14.405,-10.625,-20.857,6.3139
1.2776,1.2743,1.277,1.2782,1.2741,1.2763,1.2755,1.2783,1.2751,1.2762,43.286,43.344,43.299,43.311,43.343,43.359,43.315,43.302,43.27,43.437,43.41,43.407,43.411,43.353,43.299,43.306,43.302,43.293,43.354,43.314,43.337,43.404,43.4,43.304,43.36,43.37,43.318,43.407,43.449,43.406,43.473,43.709,43.433,43.389,43.484,43.529,43.465,43.558,43.254,1.4162,0,6.8679,0,-0.44849,0,0,0,0,0,1.4162,0,6.8679,0,-0.44849,0,0,0,0,0,0,0,0,0,0,0,0,0,0,0,0,0,0,0,0,0,0,0,0,0,0,0,0,0,1.4255,-3.536,0,0,0,0,0,0,0,0,0,0,0,0,0,1.0461,1.045,1.0221,0.99886,0.99427,0.99717,0.94151,0.95527,1.0114,1.0092,1.0039,0.99127,1.0058,1.002,0.99532,1.0076,1.016,1.017,1.0409,0.986,1.0147,1.0407,1.0353,1.0152,1.054,1.045,1.0257,1.0488,1.0505,1.0419,0.9908,0.97255,1.0374,0.98325,1.0371,1.0265,1.0477,1.0438,1.0261,-0.34513,0.21887,-0.32697,1.0138,-1.1574,-1.2876,0.83427,-0.79905,-0.61325,0.49319,1.4157,0.68113,-2.8194,0.55775,0.92763,0.80228,3.009,3.073,-6.2057,-0.065586,-0.060058,2.8881,2.1496,2.0238,-1.6907,1.8559,0.98578,0.74678,-0.70805,-1.1088,0.63419,1.0962,0.97139,0.8595,0.072224,0.65905,-0.62075,0.57286,-1.0778,0.54522,1.2351,0.56423,0.53219,0.43766,0.8439,-0.57942,4.311,14.405,-10.625,-20.857,6.3139
1.2776,1.2742,1.277,1.2783,1.2741,1.2763,1.2754,1.2783,1.2751,1.2762,43.414,43.472,43.426,43.439,43.47,43.487,43.443,43.429,43.398,43.565,43.538,43.534,43.539,43.48,43.427,43.434,43.43,43.42,43.481,43.442,43.464,43.532,43.528,43.432,43.488,43.497,43.445,43.534,43.576,43.534,43.601,43.836,43.561,43.517,43.612,43.656,43.593,43.686,43.382,1.4162,0,6.8679,0,-0.44849,0,0,0,0,0,1.4162,0,6.8679,0,-0.44849,0,0,0,0,0,0,0,0,0,0,0,0,0,0,0,0,0,0,0,0,0,0,0,0,0,0,0,0,0,1.4255,-3.536,0,0,0,0,0,0,0,0,0,0,0,0,0,1.0461,1.045,1.0221,0.99886,0.99427,0.99717,0.94151,0.95527,1.0114,1.0092,1.0039,0.99127,1.0058,1.002,0.99532,1.0076,1.016,1.017,1.0409,0.986,1.0147,1.0407,1.0353,1.0152,1.054,1.045,1.0257,1.0488,1.0505,1.0419,0.9908,0.97255,1.0374,0.98325,1.0371,1.0265,1.0477,1.0438,1.0261,-0.34515,0.21888,-0.32694,1.0136,-1.1573,-1.2876,0.83427,-0.799,-0.61326,0.49316,1.4155,0.68106,-2.8195,0.55773,0.92762,0.80228,3.0091,3.0729,-6.2056,-0.06558,-0.060059,2.888,2.1495,2.0238,-1.6907,1.8558,0.98579,0.74678,-0.70804,-1.1087,0.63403,1.0963,0.97153,0.8595,0.072203,0.65903,-0.62075,0.57294,-1.0778,0.54514,1.2351,0.56425,0.53221,0.43767,0.84393,-0.57939,4.311,14.405,-10.625,-20.857,6.3139
1.2777,1.2742,1.277,1.2783,1.2741,1.2763,1.2754,1.2783,1.2751,1.2762,43.542,43.599,43.554,43.566,43.598,43.614,43.57,43.557,43.525,43.692,43.665,43.662,43.667,43.608,43.555,43.562,43.558,43.548,43.609,43.569,43.592,43.66,43.655,43.559,43.615,43.625,43.573,43.662,43.704,43.661,43.728,43.964,43.689,43.645,43.739,43.784,43.72,43.813,43.51,1.4162,0,6.8679,0,-0.44849,0,0,0,0,0,1.4162,0,6.8679,0,-0.44849,0,0,0,0,0,0,0,0,0,0,0,0,0,0,0,0,0,0,0,0,0,0,0,0,0,0,0,0,0,1.4255,-3.536,0,0,0,0,0,0,0,0,0,0,0,0,0,1.0461,1.045,1.0221,0.99886,0.99427,0.99717,0.94151,0.95527,1.0114,1.0092,1.0039,0.99127,1.0058,1.002,0.99532,1.0076,1.016,1.017,1.0409,0.986,1.0147,1.0407,1.0353,1.0152,1.054,1.045,1.0257,1.0488,1.0505,1.0419,0.9908,0.97255,1.0374,0.98325,1.0371,1.0265,1.0477,1.0438,1.0261,-0.34516,0.21889,-0.32691,1.0136,-1.1572,-1.2875,0.83427,-0.79896,-0.61326,0.49313,1.4154,0.68101,-2.8196,0.55771,0.92761,0.80228,3.0091,3.0729,-6.2056,-0.065575,-0.060061,2.888,2.1495,2.0238,-1.6907,1.8558,0.98579,0.74678,-0.70804,-1.1087,0.63391,1.0964,0.97164,0.8595,0.072189,0.65901,-0.62075,0.573,-1.0777,0.54508,1.2351,0.56427,0.53223,0.43768,0.84396,-0.57937,4.311,14.405,-10.625,-20.857,6.3139
1.2777,1.2742,1.277,1.2783,1.2741,1.2763,1.2754,1.2783,1.2751,1.2762,43.669,43.727,43.681,43.694,43.726,43.742,43.698,43.684,43.653,43.82,43.793,43.79,43.794,43.736,43.682,43.689,43.685,43.675,43.737,43.697,43.719,43.787,43.783,43.687,43.743,43.753,43.701,43.79,43.832,43.789,43.856,44.091,43.816,43.772,43.867,43.911,43.848,43.941,43.637,1.4162,0,6.8679,0,-0.44849,0,0,0,0,0,1.4162,0,6.8679,0,-0.44849,0,0,0,0,0,0,0,0,0,0,0,0,0,0,0,0,0,0,0,0,0,0,0,0,0,0,0,0,0,1.4255,-3.536,0,0,0,0,0,0,0,0,0,0,0,0,0,1.0461,1.045,1.0221,0.99886,0.99427,0.99717,0.94151,0.95527,1.0114,1.0092,1.0039,0.99127,1.0058,1.002,0.99532,1.0076,1.016,1.017,1.0409,0.986,1.0147,1.0407,1.0353,1.0152,1.054,1.045,1.0257,1.0488,1.0505,1.0419,0.9908,0.97255,1.0374,0.98325,1.0371,1.0265,1.0477,1.0438,1.0261,-0.34517,0.21889,-0.32689,1.0135,-1.1572,-1.2875,0.83427,-0.79893,-0.61327,0.49311,1.4154,0.68098,-2.8196,0.5577,0.92761,0.80228,3.0091,3.0729,-6.2056,-0.065572,-0.060062,2.888,2.1495,2.0238,-1.6907,1.8558,0.9858,0.74678,-0.70804,-1.1087,0.63382,1.0964,0.97172,0.8595,0.072181,0.659,-0.62075,0.57304,-1.0777,0.54504,1.2351,0.56428,0.53224,0.43769,0.84398,-0.57936,4.311,14.405,-10.625,-20.857,6.3139
1.2777,1.2742,1.277,1.2783,1.2741,1.2763,1.2754,1.2783,1.2751,1.2762,43.797,43.855,43.809,43.822,43.853,43.87,43.826,43.812,43.781,43.948,43.92,43.917,43.922,43.863,43.81,43.817,43.813,43.803,43.864,43.824,43.847,43.915,43.911,43.815,43.87,43.88,43.828,43.917,43.959,43.916,43.984,44.219,43.944,43.9,43.994,44.039,43.975,44.068,43.765,1.4162,0,6.8679,0,-0.44849,0,0,0,0,0,1.4162,0,6.8679,0,-0.44849,0,0,0,0,0,0,0,0,0,0,0,0,0,0,0,0,0,0,0,0,0,0,0,0,0,0,0,0,0,1.4255,-3.536,0,0,0,0,0,0,0,0,0,0,0,0,0,1.0461,1.045,1.0221,0.99886,0.99427,0.99717,0.94151,0.95527,1.0114,1.0092,1.0039,0.99127,1.0058,1.002,0.99532,1.0076,1.016,1.017,1.0409,0.986,1.0147,1.0407,1.0353,1.0152,1.054,1.045,1.0257,1.0488,1.0505,1.0419,0.9908,0.97255,1.0374,0.98325,1.0371,1.0265,1.0477,1.0438,1.0261,-0.34518,0.2189,-0.32687,1.0135,-1.1572,-1.2875,0.83428,-0.79891,-0.61327,0.49311,1.4153,0.68096,-2.8196,0.55769,0.9276,0.80228,3.0091,3.0729,-6.2056,-0.065571,-0.060062,2.888,2.1495,2.0238,-1.6907,1.8558,0.9858,0.74679,-0.70804,-1.1087,0.63377,1.0965,0.97176,0.8595,0.07218,0.659,-0.62075,0.57306,-1.0777,0.54501,1.2351,0.56429,0.53225,0.43769,0.844,-0.57937,4.311,14.405,-10.625,-20.857,6.3139
1.2777,1.2742,1.277,1.2783,1.2741,1.2763,1.2754,1.2783,1.2751,1.2762,43.925,43.982,43.937,43.949,43.981,43.997,43.953,43.94,43.908,44.075,44.048,44.045,44.05,43.991,43.937,43.944,43.94,43.931,43.992,43.952,43.975,44.042,44.038,43.942,43.998,44.008,43.956,44.045,44.087,44.044,44.111,44.347,44.071,44.027,44.122,44.167,44.103,44.196,43.893,1.4162,0,6.8679,0,-0.44849,0,0,0,0,0,1.4162,0,6.8679,0,-0.44849,0,0,0,0,0,0,0,0,0,0,0,0,0,0,0,0,0,0,0,0,0,0,0,0,0,0,0,0,0,1.4255,-3.536,0,0,0,0,0,0,0,0,0,0,0,0,0,1.0461,1.045,1.0221,0.99886,0.99427,0.99717,0.94151,0.95527,1.0114,1.0092,1.0039,0.99127,1.0058,1.002,0.99532,1.0076,1.016,1.017,1.0409,0.986,1.0147,1.0407,1.0353,1.0152,1.054,1.045,1.0257,1.0488,1.0505,1.0419,0.9908,0.97255,1.0374,0.98325,1.0371,1.0265,1.0477,1.0438,1.0261,-0.34518,0.21891,-0.32686,1.0135,-1.1572,-1.2875,0.83428,-0.7989,-0.61327,0.49311,1.4153,0.68097,-2.8197,0.55769,0.9276,0.80228,3.0091,3.0729,-6.2056,-0.065571,-0.060063,2.888,2.1495,2.0238,-1.6907,1.8558,0.9858,0.74679,-0.70805,-1.1087,0.63375,1.0965,0.97177,0.8595,0.072185,0.659,-0.62075,0.57307,-1.0777,0.545,1.2351,0.5643,0.53225,0.4377,0.84401,-0.57938,4.311,14.405,-10.625,-20.857,6.3139
1.2777,1.2742,1.277,1.2783,1.2741,1.2763,1.2754,1.2783,1.2751,1.2762,44.052,44.11,44.064,44.077,44.109,44.125,44.081,44.067,44.036,44.203,44.176,44.173,44.177,44.119,44.065,44.072,44.068,44.058,44.12,44.08,44.102,44.17,44.166,44.07,44.126,44.136,44.083,44.173,44.215,44.172,44.239,44.474,44.199,44.155,44.25,44.294,44.231,44.324,44.02,1.4162,0,6.8679,0,-0.44849,0,0,0,0,0,1.4162,0,6.8679,0,-0.44849,0,0,0,0,0,0,0,0,0,0,0,0,0,0,0,0,0,0,0,0,0,0,0,0,0,0,0,0,0,1.4255,-3.536,0,0,0,0,0,0,0,0,0,0,0,0,0,1.0461,1.045,1.0221,0.99886,0.99427,0.99717,0.94151,0.95527,1.0114,1.0092,1.0039,0.99127,1.0058,1.002,0.99532,1.0076,1.016,1.017,1.0409,0.986,1.0147,1.0407,1.0353,1.0152,1.054,1.045,1.0257,1.0488,1.0505,1.0419,0.9908,0.97255,1.0374,0.98325,1.0371,1.0265,1.0477,1.0438,1.0261,-0.34519,0.21891,-0.32685,1.0135,-1.1572,-1.2875,0.83429,-0.79891,-0.61327,0.49312,1.4154,0.68098,-2.8196,0.5577,0.9276,0.80228,3.0091,3.0729,-6.2056,-0.065572,-0.060063,2.888,2.1495,2.0238,-1.6907,1.8558,0.9858,0.74679,-0.70805,-1.1087,0.63377,1.0965,0.97175,0.85951,0.072196,0.659,-0.62075,0.57305,-1.0777,0.545,1.2351,0.5643,0.53226,0.4377,0.84401,-0.5794,4.311,14.405,-10.625,-20.857,6.3139
1.2777,1.2742,1.277,1.2782,1.2741,1.2763,1.2755,1.2783,1.2751,1.2762,44.18,44.237,44.192,44.205,44.236,44.253,44.208,44.195,44.163,44.33,44.303,44.3,44.305,44.246,44.193,44.2,44.196,44.186,44.247,44.207,44.23,44.298,44.294,44.197,44.253,44.263,44.211,44.3,44.342,44.299,44.366,44.602,44.327,44.283,44.377,44.422,44.358,44.451,44.148,1.4162,0,6.8679,0,-0.44849,0,0,0,0,0,1.4162,0,6.8679,0,-0.44849,0,0,0,0,0,0,0,0,0,0,0,0,0,0,0,0,0,0,0,0,0,0,0,0,0,0,0,0,0,1.4255,-3.536,0,0,0,0,0,0,0,0,0,0,0,0,0,1.0461,1.045,1.0221,0.99886,0.99427,0.99717,0.94151,0.95527,1.0114,1.0092,1.0039,0.99127,1.0058,1.002,0.99532,1.0076,1.016,1.017,1.0409,0.986,1.0147,1.0407,1.0353,1.0152,1.054,1.045,1.0257,1.0488,1.0505,1.0419,0.9908,0.97255,1.0374,0.98325,1.0371,1.0265,1.0477,1.0438,1.0261,-0.34519,0.21891,-0.32685,1.0136,-1.1573,-1.2875,0.83429,-0.79893,-0.61326,0.49314,1.4154,0.68102,-2.8196,0.55771,0.92761,0.80227,3.0091,3.0729,-6.2056,-0.065575,-0.060062,2.888,2.1495,2.0238,-1.6907,1.8558,0.9858,0.7468,-0.70806,-1.1087,0.63383,1.0964,0.97169,0.85951,0.072213,0.65901,-0.62076,0.57301,-1.0777,0.54501,1.2351,0.5643,0.53225,0.43771,0.84402,-0.57944,4.311,14.405,-10.625,-20.857,6.3139
1.2777,1.2742,1.277,1.2782,1.2742,1.2763,1.2755,1.2783,1.2751,1.2762,44.307,44.365,44.32,44.332,44.364,44.38,44.336,44.323,44.291,44.458,44.431,44.428,44.432,44.374,44.32,44.327,44.323,44.314,44.375,44.335,44.358,44.425,44.421,44.325,44.381,44.391,44.339,44.428,44.47,44.427,44.494,44.73,44.454,44.41,44.505,44.55,44.486,44.579,44.276,1.4162,0,6.8679,0,-0.44849,0,0,0,0,0,1.4162,0,6.8679,0,-0.44849,0,0,0,0,0,0,0,0,0,0,0,0,0,0,0,0,0,0,0,0,0,0,0,0,0,0,0,0,0,1.4255,-3.536,0,0,0,0,0,0,0,0,0,0,0,0,0,1.0461,1.045,1.0221,0.99886,0.99427,0.99717,0.94151,0.95527,1.0114,1.0092,1.0039,0.99127,1.0058,1.002,0.99532,1.0076,1.016,1.017,1.0409,0.986,1.0147,1.0407,1.0353,1.0152,1.054,1.045,1.0257,1.0488,1.0505,1.0419,0.9908,0.97255,1.0374,0.98325,1.0371,1.0265,1.0477,1.0438,1.0261,-0.34518,0.21892,-0.32686,1.0136,-1.1574,-1.2875,0.8343,-0.79896,-0.61325,0.49317,1.4155,0.68107,-2.8195,0.55772,0.92761,0.80227,3.0091,3.0729,-6.2057,-0.065579,-0.060062,2.888,2.1495,2.0238,-1.6907,1.8558,0.9858,0.7468,-0.70807,-1.1087,0.63392,1.0964,0.9716,0.85951,0.072237,0.65902,-0.62077,0.57296,-1.0777,0.54505,1.2351,0.56429,0.53225,0.43771,0.84402,-0.57949,4.311,14.405,-10.625,-20.857,6.3139
1.2776,1.2743,1.277,1.2782,1.2742,1.2763,1.2755,1.2782,1.2751,1.2762,44.435,44.493,44.447,44.46,44.491,44.508,44.464,44.45,44.419,44.586,44.559,44.555,44.56,44.501,44.448,44.455,44.451,44.441,44.502,44.463,44.485,44.553,44.549,44.453,44.509,44.519,44.466,44.555,44.597,44.555,44.622,44.857,44.582,44.538,44.633,44.677,44.614,44.707,44.403,1.4162,0,6.8679,0,-0.44849,0,0,0,0,0,1.4162,0,6.8679,0,-0.44849,0,0,0,0,0,0,0,0,0,0,0,0,0,0,0,0,0,0,0,0,0,0,0,0,0,0,0,0,0,1.4255,-3.536,0,0,0,0,0,0,0,0,0,0,0,0,0,1.0461,1.045,1.0221,0.99886,0.99427,0.99717,0.94151,0.95527,1.0114,1.0092,1.0039,0.99127,1.0058,1.002,0.99532,1.0076,1.016,1.017,1.0409,0.986,1.0147,1.0407,1.0353,1.0152,1.054,1.045,1.0257,1.0488,1.0505,1.0419,0.9908,0.97255,1.0374,0.98325,1.0371,1.0265,1.0477,1.0438,1.0261,-0.34518,0.21892,-0.32686,1.0137,-1.1575,-1.2875,0.83431,-0.799,-0.61324,0.4932,1.4156,0.68114,-2.8195,0.55774,0.92762,0.80227,3.0091,3.073,-6.2057,-0.065585,-0.060061,2.888,2.1496,2.0238,-1.6908,1.8559,0.9858,0.74681,-0.70809,-1.1087,0.63405,1.0963,0.97148,0.85952,0.072267,0.65904,-0.62077,0.57289,-1.0777,0.54509,1.2351,0.56428,0.53224,0.43771,0.84401,-0.57954,4.311,14.405,-10.625,-20.857,6.3139
1.2776,1.2743,1.277,1.2781,1.2743,1.2763,1.2755,1.2782,1.2752,1.2762,44.563,44.62,44.575,44.587,44.619,44.635,44.591,44.578,44.546,44.713,44.686,44.683,44.688,44.629,44.576,44.583,44.579,44.569,44.63,44.59,44.613,44.681,44.676,44.58,44.636,44.646,44.594,44.683,44.725,44.682,44.749,44.985,44.71,44.666,44.76,44.805,44.741,44.834,44.531,1.4162,0,6.8679,0,-0.44849,0,0,0,0,0,1.4162,0,6.8679,0,-0.44849,0,0,0,0,0,0,0,0,0,0,0,0,0,0,0,0,0,0,0,0,0,0,0,0,0,0,0,0,0,1.4255,-3.536,0,0,0,0,0,0,0,0,0,0,0,0,0,1.0461,1.045,1.0221,0.99886,0.99427,0.99717,0.94151,0.95527,1.0114,1.0092,1.0039,0.99127,1.0058,1.002,0.99532,1.0076,1.016,1.017,1.0409,0.986,1.0147,1.0407,1.0353,1.0152,1.054,1.045,1.0257,1.0488,1.0505,1.0419,0.9908,0.97255,1.0374,0.98325,1.0371,1.0265,1.0477,1.0438,1.0261,-0.34517,0.21892,-0.32688,1.0139,-1.1576,-1.2875,0.83432,-0.79906,-0.61322,0.49325,1.4158,0.68123,-2.8194,0.55777,0.92763,0.80227,3.009,3.073,-6.2058,-0.065592,-0.06006,2.8881,2.1496,2.0238,-1.6908,1.8559,0.98579,0.74681,-0.7081,-1.1088,0.63421,1.0961,0.97133,0.85952,0.072304,0.65907,-0.62078,0.57279,-1.0778,0.54515,1.2351,0.56426,0.53223,0.43771,0.844,-0.57961,4.311,14.405,-10.625,-20.857,6.3139
1.2776,1.2744,1.277,1.278,1.2743,1.2763,1.2755,1.2781,1.2752,1.2762,44.69,44.748,44.703,44.715,44.747,44.763,44.719,44.705,44.674,44.841,44.814,44.811,44.815,44.757,44.703,44.71,44.706,44.696,44.758,44.718,44.74,44.808,44.804,44.708,44.764,44.774,44.722,44.811,44.853,44.81,44.877,45.112,44.837,44.793,44.888,44.932,44.869,44.962,44.658,1.4162,0,6.8679,0,-0.44849,0,0,0,0,0,1.4162,0,6.8679,0,-0.44849,0,0,0,0,0,0,0,0,0,0,0,0,0,0,0,0,0,0,0,0,0,0,0,0,0,0,0,0,0,1.4255,-3.536,0,0,0,0,0,0,0,0,0,0,0,0,0,1.0461,1.045,1.0221,0.99886,0.99427,0.99717,0.94151,0.95527,1.0114,1.0092,1.0039,0.99127,1.0058,1.002,0.99532,1.0076,1.016,1.017,1.0409,0.986,1.0147,1.0407,1.0353,1.0152,1.054,1.045,1.0257,1.0488,1.0505,1.0419,0.9908,0.97255,1.0374,0.98325,1.0371,1.0265,1.0477,1.0438,1.0261,-0.34516,0.21892,-0.3269,1.0141,-1.1578,-1.2875,0.83433,-0.79912,-0.6132,0.49331,1.416,0.68133,-2.8193,0.5578,0.92765,0.80227,3.009,3.0731,-6.2058,-0.0656,-0.060059,2.8881,2.1496,2.0239,-1.6908,1.856,0.98579,0.74682,-0.70812,-1.1088,0.63441,1.096,0.97114,0.85953,0.072347,0.6591,-0.62079,0.57268,-1.0778,0.54523,1.2351,0.56424,0.53221,0.43771,0.84398,-0.57969,4.311,14.405,-10.625,-20.857,6.3139
1.2775,1.2744,1.277,1.278,1.2744,1.2763,1.2756,1.278,1.2752,1.2762,44.818,44.876,44.83,44.843,44.874,44.891,44.847,44.833,44.802,44.969,44.942,44.938,44.943,44.884,44.831,44.838,44.834,44.824,44.885,44.845,44.868,44.936,44.932,44.836,44.891,44.901,44.849,44.938,44.98,44.938,45.005,45.24,44.965,44.921,45.015,45.06,44.996,45.089,44.786,1.4162,0,6.8679,0,-0.44849,0,0,0,0,0,1.4162,0,6.8679,0,-0.44849,0,0,0,0,0,0,0,0,0,0,0,0,0,0,0,0,0,0,0,0,0,0,0,0,0,0,0,0,0,1.4255,-3.536,0,0,0,0,0,0,0,0,0,0,0,0,0,1.0461,1.045,1.0221,0.99886,0.99427,0.99717,0.94151,0.95527,1.0114,1.0092,1.0039,0.99127,1.0058,1.002,0.99532,1.0076,1.016,1.017,1.0409,0.986,1.0147,1.0407,1.0353,1.0152,1.054,1.045,1.0257,1.0488,1.0505,1.0419,0.9908,0.97255,1.0374,0.98325,1.0371,1.0265,1.0477,1.0438,1.0261,-0.34515,0.21892,-0.32692,1.0143,-1.158,-1.2876,0.83433,-0.7992,-0.61318,0.49337,1.4162,0.68145,-2.8191,0.55784,0.92766,0.80226,3.0089,3.0731,-6.2059,-0.065611,-0.060057,2.8881,2.1496,2.0239,-1.6909,1.856,0.98578,0.74683,-0.70814,-1.1088,0.63465,1.0958,0.97092,0.85954,0.072396,0.65913,-0.62081,0.57255,-1.0779,0.54532,1.2351,0.56421,0.53219,0.4377,0.84396,-0.57978,4.311,14.405,-10.625,-20.857,6.3139
1.2775,1.2745,1.2769,1.2779,1.2745,1.2763,1.2756,1.2779,1.2753,1.2762,44.946,45.003,44.958,44.97,45.002,45.018,44.974,44.961,44.929,45.096,45.069,45.066,45.071,45.012,44.958,44.965,44.961,44.952,45.013,44.973,44.996,45.063,45.059,44.963,45.019,45.029,44.977,45.066,45.108,45.065,45.132,45.368,45.092,45.048,45.143,45.188,45.124,45.217,44.914,1.4162,0,6.8679,0,-0.44849,0,0,0,0,0,1.4162,0,6.8679,0,-0.44849,0,0,0,0,0,0,0,0,0,0,0,0,0,0,0,0,0,0,0,0,0,0,0,0,0,0,0,0,0,1.4255,-3.536,0,0,0,0,0,0,0,0,0,0,0,0,0,1.0461,1.045,1.0221,0.99886,0.99427,0.99717,0.94151,0.95527,1.0114,1.0092,1.0039,0.99127,1.0058,1.002,0.99532,1.0076,1.016,1.017,1.0409,0.986,1.0147,1.0407,1.0353,1.0152,1.054,1.045,1.0257,1.0488,1.0505,1.0419,0.9908,0.97255,1.0374,0.98325,1.0371,1.0265,1.0477,1.0438,1.0261,-0.34514,0.21892,-0.32695,1.0145,-1.1582,-1.2876,0.83435,-0.79929,-0.61316,0.49345,1.4165,0.68159,-2.819,0.55788,0.92768,0.80226,3.0088,3.0732,-6.206,-0.065622,-0.060056,2.8881,2.1497,2.0239,-1.6909,1.8561,0.98578,0.74683,-0.70817,-1.1088,0.63492,1.0956,0.97067,0.85954,0.072451,0.65917,-0.62082,0.57239,-1.078,0.54543,1.2351,0.56418,0.53217,0.4377,0.84394,-0.57988,4.311,14.405,-10.625,-20.857,6.3139
1.2774,1.2746,1.2769,1.2778,1.2746,1.2763,1.2756,1.2778,1.2753,1.2762,45.073,45.131,45.085,45.098,45.13,45.146,45.102,45.088,45.057,45.224,45.197,45.194,45.198,45.14,45.086,45.093,45.089,45.079,45.141,45.101,45.123,45.191,45.187,45.091,45.147,45.157,45.104,45.194,45.236,45.193,45.26,45.495,45.22,45.176,45.271,45.315,45.252,45.345,45.041,1.4162,0,6.8679,0,-0.44849,0,0,0,0,0,1.4162,0,6.8679,0,-0.44849,0,0,0,0,0,0,0,0,0,0,0,0,0,0,0,0,0,0,0,0,0,0,0,0,0,0,0,0,0,1.4255,-3.536,0,0,0,0,0,0,0,0,0,0,0,0,0,1.0461,1.045,1.0221,0.99886,0.99427,0.99717,0.94151,0.95527,1.0114,1.0092,1.0039,0.99127,1.0058,1.002,0.99532,1.0076,1.016,1.017,1.0409,0.986,1.0147,1.0407,1.0353,1.0152,1.054,1.045,1.0257,1.0488,1.0505,1.0419,0.9908,0.97255,1.0374,0.98325,1.0371,1.0265,1.0477,1.0438,1.0261,-0.34512,0.21892,-0.32698,1.0147,-1.1584,-1.2876,0.83436,-0.7994,-0.61313,0.49353,1.4168,0.68174,-2.8188,0.55792,0.9277,0.80226,3.0088,3.0733,-6.2061,-0.065635,-0.060053,2.8882,2.1497,2.0239,-1.691,1.8562,0.98577,0.74684,-0.70819,-1.1088,0.63522,1.0954,0.97038,0.85955,0.072513,0.65922,-0.62083,0.57222,-1.0781,0.54555,1.2351,0.56415,0.53214,0.4377,0.84391,-0.57999,4.311,14.405,-10.625,-20.857,6.3139
1.2774,1.2747,1.2769,1.2777,1.2747,1.2763,1.2757,1.2777,1.2754,1.2762,45.201,45.259,45.213,45.226,45.257,45.274,45.229,45.216,45.184,45.351,45.324,45.321,45.326,45.267,45.214,45.221,45.217,45.207,45.268,45.228,45.251,45.319,45.315,45.218,45.274,45.284,45.232,45.321,45.363,45.32,45.387,45.623,45.348,45.304,45.398,45.443,45.379,45.472,45.169,1.4162,0,6.8679,0,-0.44849,0,0,0,0,0,1.4162,0,6.8679,0,-0.44849,0,0,0,0,0,0,0,0,0,0,0,0,0,0,0,0,0,0,0,0,0,0,0,0,0,0,0,0,0,1.4255,-3.536,0,0,0,0,0,0,0,0,0,0,0,0,0,1.0461,1.045,1.0221,0.99886,0.99427,0.99717,0.94151,0.95527,1.0114,1.0092,1.0039,0.99127,1.0058,1.002,0.99532,1.0076,1.016,1.017,1.0409,0.986,1.0147,1.0407,1.0353,1.0152,1.054,1.045,1.0257,1.0488,1.0505,1.0419,0.9908,0.97255,1.0374,0.98325,1.0371,1.0265,1.0477,1.0438,1.0261,-0.3451,0.21892,-0.32702,1.015,-1.1586,-1.2876,0.83437,-0.79951,-0.6131,0.49363,1.4171,0.68191,-2.8186,0.55798,0.92772,0.80226,3.0087,3.0734,-6.2062,-0.06565,-0.060051,2.8882,2.1497,2.024,-1.691,1.8563,0.98576,0.74685,-0.70822,-1.1089,0.63557,1.0951,0.97006,0.85956,0.072581,0.65927,-0.62085,0.57203,-1.0782,0.54569,1.2352,0.56411,0.53211,0.43769,0.84388,-0.58012,4.311,14.405,-10.625,-20.857,6.3139
1.2773,1.2748,1.2768,1.2776,1.2748,1.2763,1.2757,1.2776,1.2755,1.2762,45.328,45.386,45.341,45.353,45.385,45.401,45.357,45.344,45.312,45.479,45.452,45.449,45.453,45.395,45.341,45.348,45.344,45.335,45.396,45.356,45.379,45.446,45.442,45.346,45.402,45.412,45.36,45.449,45.491,45.448,45.515,45.751,45.475,45.431,45.526,45.571,45.507,45.6,45.297,1.4162,0,6.8679,0,-0.44849,0,0,0,0,0,1.4162,0,6.8679,0,-0.44849,0,0,0,0,0,0,0,0,0,0,0,0,0,0,0,0,0,0,0,0,0,0,0,0,0,0,0,0,0,1.4255,-3.536,0,0,0,0,0,0,0,0,0,0,0,0,0,1.0461,1.045,1.0221,0.99886,0.99427,0.99717,0.94151,0.95527,1.0114,1.0092,1.0039,0.99127,1.0058,1.002,0.99532,1.0076,1.016,1.017,1.0409,0.986,1.0147,1.0407,1.0353,1.0152,1.054,1.045,1.0257,1.0488,1.0505,1.0419,0.9908,0.97255,1.0374,0.98325,1.0371,1.0265,1.0477,1.0438,1.0261,-0.34508,0.21892,-0.32706,1.0153,-1.1589,-1.2877,0.83438,-0.79964,-0.61307,0.49373,1.4175,0.6821,-2.8184,0.55803,0.92775,0.80225,3.0086,3.0735,-6.2063,-0.065666,-0.060048,2.8883,2.1498,2.024,-1.6911,1.8564,0.98575,0.74686,-0.70825,-1.1089,0.63594,1.0948,0.96971,0.85957,0.072655,0.65933,-0.62087,0.57182,-1.0783,0.54584,1.2352,0.56407,0.53208,0.43768,0.84384,-0.58025,4.311,14.405,-10.625,-20.857,6.3139
1.2772,1.2749,1.2768,1.2775,1.2749,1.2763,1.2758,1.2775,1.2755,1.2762,45.456,45.514,45.468,45.481,45.512,45.529,45.485,45.471,45.44,45.607,45.58,45.576,45.581,45.522,45.469,45.476,45.472,45.462,45.523,45.484,45.506,45.574,45.57,45.474,45.53,45.54,45.487,45.576,45.618,45.576,45.643,45.878,45.603,45.559,45.654,45.698,45.634,45.728,45.424,1.4162,0,6.8679,0,-0.44849,0,0,0,0,0,1.4162,0,6.8679,0,-0.44849,0,0,0,0,0,0,0,0,0,0,0,0,0,0,0,0,0,0,0,0,0,0,0,0,0,0,0,0,0,1.4255,-3.536,0,0,0,0,0,0,0,0,0,0,0,0,0,1.0461,1.045,1.0221,0.99886,0.99427,0.99717,0.94151,0.95527,1.0114,1.0092,1.0039,0.99127,1.0058,1.002,0.99532,1.0076,1.016,1.017,1.0409,0.986,1.0147,1.0407,1.0353,1.0152,1.054,1.045,1.0257,1.0488,1.0505,1.0419,0.9908,0.97255,1.0374,0.98325,1.0371,1.0265,1.0477,1.0438,1.0261,-0.34506,0.21891,-0.32711,1.0157,-1.1592,-1.2877,0.83439,-0.79978,-0.61303,0.49384,1.4179,0.68231,-2.8182,0.5581,0.92778,0.80225,3.0085,3.0736,-6.2064,-0.065683,-0.060046,2.8883,2.1498,2.024,-1.6912,1.8566,0.98574,0.74688,-0.70828,-1.1089,0.63636,1.0945,0.96932,0.85958,0.072736,0.65939,-0.62089,0.57159,-1.0784,0.54601,1.2352,0.56402,0.53204,0.43767,0.8438,-0.58039,4.311,14.405,-10.625,-20.857,6.3139
1.2771,1.275,1.2768,1.2773,1.2751,1.2763,1.2758,1.2774,1.2756,1.2762,45.584,45.641,45.596,45.608,45.64,45.656,45.612,45.599,45.567,45.734,45.707,45.704,45.709,45.65,45.597,45.604,45.6,45.59,45.651,45.611,45.634,45.702,45.697,45.601,45.657,45.667,45.615,45.704,45.746,45.703,45.77,46.006,45.731,45.687,45.781,45.826,45.762,45.855,45.552,1.4162,0,6.8679,0,-0.44849,0,0,0,0,0,1.4162,0,6.8679,0,-0.44849,0,0,0,0,0,0,0,0,0,0,0,0,0,0,0,0,0,0,0,0,0,0,0,0,0,0,0,0,0,1.4255,-3.536,0,0,0,0,0,0,0,0,0,0,0,0,0,1.0461,1.045,1.0221,0.99886,0.99427,0.99717,0.94151,0.95527,1.0114,1.0092,1.0039,0.99127,1.0058,1.002,0.99532,1.0076,1.016,1.017,1.0409,0.986,1.0147,1.0407,1.0353,1.0152,1.054,1.045,1.0257,1.0488,1.0505,1.0419,0.9908,0.97255,1.0374,0.98325,1.0371,1.0265,1.0477,1.0438,1.0261,-0.34503,0.21891,-0.32717,1.016,-1.1595,-1.2877,0.83441,-0.79993,-0.61299,0.49396,1.4183,0.68253,-2.8179,0.55817,0.92781,0.80225,3.0083,3.0737,-6.2066,-0.065702,-0.060042,2.8884,2.1499,2.0241,-1.6913,1.8567,0.98573,0.74689,-0.70831,-1.109,0.63681,1.0942,0.96891,0.85959,0.072823,0.65945,-0.62091,0.57135,-1.0785,0.54619,1.2352,0.56397,0.532,0.43766,0.84375,-0.58055,4.311,14.405,-10.625,-20.857,6.3139
1.2771,1.2752,1.2767,1.2772,1.2752,1.2763,1.2759,1.2773,1.2757,1.2762,45.711,45.769,45.724,45.736,45.768,45.784,45.74,45.726,45.695,45.862,45.835,45.832,45.836,45.778,45.724,45.731,45.727,45.717,45.779,45.739,45.761,45.829,45.825,45.729,45.785,45.795,45.743,45.832,45.874,45.831,45.898,46.134,45.858,45.814,45.909,45.953,45.89,45.983,45.679,1.4162,0,6.8679,0,-0.44849,0,0,0,0,0,1.4162,0,6.8679,0,-0.44849,0,0,0,0,0,0,0,0,0,0,0,0,0,0,0,0,0,0,0,0,0,0,0,0,0,0,0,0,0,1.4255,-3.536,0,0,0,0,0,0,0,0,0,0,0,0,0,1.0461,1.045,1.0221,0.99886,0.99427,0.99717,0.94151,0.95527,1.0114,1.0092,1.0039,0.99127,1.0058,1.002,0.99532,1.0076,1.016,1.017,1.0409,0.986,1.0147,1.0407,1.0353,1.0152,1.054,1.045,1.0257,1.0488,1.0505,1.0419,0.9908,0.97255,1.0374,0.98325,1.0371,1.0265,1.0477,1.0438,1.0261,-0.34501,0.21891,-0.32722,1.0164,-1.1598,-1.2878,0.83442,-0.80009,-0.61295,0.49409,1.4187,0.68277,-2.8176,0.55824,0.92784,0.80224,3.0082,3.0738,-6.2067,-0.065723,-0.060039,2.8884,2.1499,2.0241,-1.6914,1.8568,0.98571,0.7469,-0.70835,-1.109,0.63729,1.0938,0.96846,0.8596,0.072916,0.65953,-0.62093,0.57108,-1.0787,0.54639,1.2352,0.56392,0.53195,0.43765,0.8437,-0.58072,4.311,14.405,-10.625,-20.857,6.3139
1.277,1.2753,1.2767,1.2771,1.2754,1.2763,1.2759,1.2771,1.2758,1.2762,45.839,45.897,45.851,45.864,45.895,45.912,45.868,45.854,45.823,45.99,45.963,45.959,45.964,45.905,45.852,45.859,45.855,45.845,45.906,45.866,45.889,45.957,45.953,45.857,45.912,45.922,45.87,45.959,46.001,45.959,46.026,46.261,45.986,45.942,46.036,46.081,46.017,46.11,45.807,1.4162,0,6.8679,0,-0.44849,0,0,0,0,0,1.4162,0,6.8679,0,-0.44849,0,0,0,0,0,0,0,0,0,0,0,0,0,0,0,0,0,0,0,0,0,0,0,0,0,0,0,0,0,1.4255,-3.536,0,0,0,0,0,0,0,0,0,0,0,0,0,1.0461,1.045,1.0221,0.99886,0.99427,0.99717,0.94151,0.95527,1.0114,1.0092,1.0039,0.99127,1.0058,1.002,0.99532,1.0076,1.016,1.017,1.0409,0.986,1.0147,1.0407,1.0353,1.0152,1.054,1.045,1.0257,1.0488,1.0505,1.0419,0.9908,0.97255,1.0374,0.98325,1.0371,1.0265,1.0477,1.0438,1.0261,-0.34497,0.2189,-0.32729,1.0168,-1.1602,-1.2878,0.83444,-0.80027,-0.61291,0.49423,1.4192,0.68303,-2.8173,0.55832,0.92788,0.80224,3.0081,3.0739,-6.2069,-0.065745,-0.060035,2.8885,2.15,2.0242,-1.6914,1.857,0.9857,0.74691,-0.70838,-1.109,0.63781,1.0934,0.96797,0.85962,0.073016,0.6596,-0.62095,0.57079,-1.0788,0.5466,1.2352,0.56386,0.5319,0.43764,0.84364,-0.58089,4.311,14.405,-10.625,-20.857,6.3139
1.2769,1.2755,1.2766,1.2769,1.2755,1.2763,1.276,1.277,1.2758,1.2762,45.967,46.024,45.979,45.991,46.023,46.039,45.995,45.982,45.95,46.117,46.09,46.087,46.092,46.033,45.979,45.986,45.982,45.973,46.034,45.994,46.017,46.084,46.08,45.984,46.04,46.05,45.998,46.087,46.129,46.086,46.153,46.389,46.113,46.069,46.164,46.209,46.145,46.238,45.935,1.4162,0,6.8679,0,-0.44849,0,0,0,0,0,1.4162,0,6.8679,0,-0.44849,0,0,0,0,0,0,0,0,0,0,0,0,0,0,0,0,0,0,0,0,0,0,0,0,0,0,0,0,0,1.4255,-3.536,0,0,0,0,0,0,0,0,0,0,0,0,0,1.0461,1.045,1.0221,0.99886,0.99427,0.99717,0.94151,0.95527,1.0114,1.0092,1.0039,0.99127,1.0058,1.002,0.99532,1.0076,1.016,1.017,1.0409,0.986,1.0147,1.0407,1.0353,1.0152,1.054,1.045,1.0257,1.0488,1.0505,1.0419,0.9908,0.97255,1.0374,0.98325,1.0371,1.0265,1.0477,1.0438,1.0261,-0.34494,0.21889,-0.32736,1.0173,-1.1606,-1.2879,0.83445,-0.80046,-0.61286,0.49438,1.4197,0.6833,-2.817,0.5584,0.92792,0.80224,3.0079,3.0741,-6.207,-0.065768,-0.060031,2.8886,2.1501,2.0242,-1.6915,1.8572,0.98568,0.74693,-0.70843,-1.1091,0.63837,1.093,0.96746,0.85963,0.073122,0.65968,-0.62098,0.57049,-1.079,0.54683,1.2352,0.56379,0.53185,0.43762,0.84358,-0.58108,4.311,14.405,-10.625,-20.857,6.3139
1.2768,1.2756,1.2766,1.2767,1.2757,1.2763,1.2761,1.2768,1.2759,1.2763,46.094,46.152,46.106,46.119,46.151,46.167,46.123,46.109,46.078,46.245,46.218,46.215,46.219,46.161,46.107,46.114,46.11,46.1,46.162,46.122,46.144,46.212,46.208,46.112,46.168,46.178,46.125,46.215,46.257,46.214,46.281,46.516,46.241,46.197,46.292,46.336,46.273,46.366,46.062,1.4162,0,6.8679,0,-0.44849,0,0,0,0,0,1.4162,0,6.8679,0,-0.44849,0,0,0,0,0,0,0,0,0,0,0,0,0,0,0,0,0,0,0,0,0,0,0,0,0,0,0,0,0,1.4255,-3.536,0,0,0,0,0,0,0,0,0,0,0,0,0,1.0461,1.045,1.0221,0.99886,0.99427,0.99717,0.94151,0.95527,1.0114,1.0092,1.0039,0.99127,1.0058,1.002,0.99532,1.0076,1.016,1.017,1.0409,0.986,1.0147,1.0407,1.0353,1.0152,1.054,1.045,1.0257,1.0488,1.0505,1.0419,0.99081,0.97255,1.0374,0.98325,1.0371,1.0265,1.0477,1.0438,1.0261,-0.34491,0.21889,-0.32743,1.0178,-1.161,-1.2879,0.83447,-0.80065,-0.61281,0.49453,1.4203,0.68359,-2.8167,0.55849,0.92796,0.80223,3.0078,3.0742,-6.2072,-0.065793,-0.060027,2.8886,2.1501,2.0243,-1.6916,1.8573,0.98566,0.74694,-0.70847,-1.1091,0.63896,1.0925,0.96691,0.85964,0.073234,0.65977,-0.621,0.57016,-1.0792,0.54707,1.2352,0.56372,0.5318,0.43761,0.84352,-0.58128,4.311,14.405,-10.625,-20.857,6.3139
1.2766,1.2758,1.2765,1.2766,1.2759,1.2762,1.2761,1.2766,1.276,1.2763,46.222,46.28,46.234,46.247,46.278,46.295,46.25,46.237,46.205,46.373,46.345,46.342,46.347,46.288,46.235,46.242,46.238,46.228,46.289,46.249,46.272,46.34,46.336,46.239,46.295,46.305,46.253,46.342,46.384,46.341,46.408,46.644,46.369,46.325,46.419,46.464,46.4,46.493,46.19,1.4162,0,6.8679,0,-0.44849,0,0,0,0,0,1.4162,0,6.8679,0,-0.44849,0,0,0,0,0,0,0,0,0,0,0,0,0,0,0,0,0,0,0,0,0,0,0,0,0,0,0,0,0,1.4255,-3.536,0,0,0,0,0,0,0,0,0,0,0,0,0,1.0461,1.045,1.0221,0.99886,0.99427,0.99717,0.94151,0.95527,1.0114,1.0092,1.0039,0.99127,1.0058,1.002,0.99532,1.0076,1.016,1.017,1.0409,0.986,1.0147,1.0407,1.0353,1.0152,1.054,1.045,1.0257,1.0488,1.0505,1.0419,0.99081,0.97255,1.0374,0.98325,1.0371,1.0265,1.0477,1.0438,1.0261,-0.34487,0.21888,-0.32751,1.0183,-1.1614,-1.288,0.83449,-0.80087,-0.61276,0.4947,1.4209,0.6839,-2.8164,0.55859,0.928,0.80223,3.0076,3.0744,-6.2074,-0.065819,-0.060022,2.8887,2.1502,2.0243,-1.6918,1.8575,0.98565,0.74696,-0.70851,-1.1092,0.63959,1.092,0.96633,0.85966,0.073352,0.65986,-0.62103,0.56982,-1.0794,0.54733,1.2352,0.56365,0.53174,0.43759,0.84345,-0.58149,4.311,14.405,-10.625,-20.857,6.3139
1.2765,1.276,1.2764,1.2764,1.2761,1.2762,1.2762,1.2764,1.2761,1.2763,46.349,46.407,46.362,46.374,46.406,46.422,46.378,46.365,46.333,46.5,46.473,46.47,46.474,46.416,46.362,46.369,46.365,46.356,46.417,46.377,46.4,46.467,46.463,46.367,46.423,46.433,46.381,46.47,46.512,46.469,46.536,46.772,46.496,46.452,46.547,46.592,46.528,46.621,46.318,1.4162,0,6.8679,0,-0.44849,0,0,0,0,0,1.4162,0,6.8679,0,-0.44849,0,0,0,0,0,0,0,0,0,0,0,0,0,0,0,0,0,0,0,0,0,0,0,0,0,0,0,0,0,1.4255,-3.536,0,0,0,0,0,0,0,0,0,0,0,0,0,1.0461,1.045,1.0221,0.99886,0.99427,0.99717,0.94151,0.95527,1.0114,1.0092,1.0039,0.99127,1.0058,1.002,0.99532,1.0076,1.016,1.017,1.0409,0.986,1.0147,1.0407,1.0353,1.0152,1.054,1.045,1.0257,1.0488,1.0505,1.0419,0.99081,0.97255,1.0374,0.98325,1.0371,1.0265,1.0477,1.0438,1.0261,-0.34483,0.21887,-0.32759,1.0188,-1.1619,-1.2881,0.83451,-0.80109,-0.6127,0.49488,1.4215,0.68422,-2.816,0.55869,0.92804,0.80222,3.0075,3.0745,-6.2076,-0.065847,-0.060017,2.8888,2.1503,2.0244,-1.6919,1.8577,0.98563,0.74698,-0.70856,-1.1092,0.64026,1.0915,0.96571,0.85967,0.073477,0.65996,-0.62106,0.56945,-1.0795,0.54761,1.2352,0.56357,0.53168,0.43757,0.84337,-0.58171,4.311,14.405,-10.625,-20.857,6.3139
1.2764,1.2762,1.2764,1.2762,1.2763,1.2762,1.2763,1.2762,1.2763,1.2763,46.477,46.535,46.489,46.502,46.533,46.55,46.506,46.492,46.461,46.628,46.601,46.597,46.602,46.543,46.49,46.497,46.493,46.483,46.544,46.505,46.527,46.595,46.591,46.495,46.551,46.561,46.508,46.597,46.64,46.597,46.664,46.899,46.624,46.58,46.675,46.719,46.655,46.749,46.445,1.4162,0,6.8679,0,-0.44849,0,0,0,0,0,1.4162,0,6.8679,0,-0.44849,0,0,0,0,0,0,0,0,0,0,0,0,0,0,0,0,0,0,0,0,0,0,0,0,0,0,0,0,0,1.4255,-3.536,0,0,0,0,0,0,0,0,0,0,0,0,0,1.0461,1.045,1.0221,0.99886,0.99427,0.99717,0.94151,0.95527,1.0114,1.0092,1.0039,0.99127,1.0058,1.002,0.99532,1.0076,1.016,1.017,1.0409,0.986,1.0147,1.0407,1.0353,1.0152,1.054,1.045,1.0257,1.0488,1.0505,1.0419,0.99081,0.97255,1.0374,0.98325,1.0371,1.0265,1.0477,1.0438,1.0261,-0.34479,0.21886,-0.32768,1.0194,-1.1623,-1.2881,0.83452,-0.80133,-0.61264,0.49506,1.4222,0.68457,-2.8156,0.5588,0.92809,0.80222,3.0073,3.0747,-6.2078,-0.065876,-0.060012,2.8889,2.1503,2.0245,-1.692,1.8579,0.98561,0.74699,-0.70861,-1.1093,0.64096,1.091,0.96507,0.85969,0.073608,0.66006,-0.62109,0.56907,-1.0798,0.54789,1.2352,0.56349,0.53161,0.43755,0.8433,-0.58194,4.311,14.405,-10.625,-20.857,6.3139
1.2763,1.2763,1.2763,1.276,1.2765,1.2762,1.2764,1.276,1.2764,1.2763,46.605,46.662,46.617,46.629,46.661,46.677,46.633,46.62,46.588,46.755,46.728,46.725,46.73,46.671,46.618,46.625,46.621,46.611,46.672,46.632,46.655,46.723,46.718,46.622,46.678,46.688,46.636,46.725,46.767,46.724,46.791,47.027,46.751,46.708,46.802,46.847,46.783,46.876,46.573,1.4162,0,6.8679,0,-0.44849,0,0,0,0,0,1.4162,0,6.8679,0,-0.44849,0,0,0,0,0,0,0,0,0,0,0,0,0,0,0,0,0,0,0,0,0,0,0,0,0,0,0,0,0,1.4255,-3.536,0,0,0,0,0,0,0,0,0,0,0,0,0,1.0461,1.045,1.0221,0.99886,0.99427,0.99717,0.94151,0.95527,1.0114,1.0092,1.0039,0.99127,1.0058,1.002,0.99532,1.0076,1.016,1.017,1.0409,0.986,1.0147,1.0407,1.0353,1.0152,1.054,1.045,1.0257,1.0488,1.0505,1.0419,0.99081,0.97255,1.0374,0.98325,1.0371,1.0265,1.0477,1.0438,1.0261,-0.34474,0.21885,-0.32777,1.02,-1.1628,-1.2882,0.83454,-0.80157,-0.61258,0.49525,1.4228,0.68492,-2.8152,0.55891,0.92814,0.80222,3.0071,3.0749,-6.208,-0.065906,-0.060007,2.8889,2.1504,2.0245,-1.6921,1.8582,0.98558,0.74701,-0.70866,-1.1094,0.64169,1.0904,0.96439,0.8597,0.073745,0.66017,-0.62112,0.56867,-1.08,0.5482,1.2352,0.56341,0.53154,0.43753,0.84321,-0.58218,4.311,14.405,-10.625,-20.857,6.3139
1.2761,1.2765,1.2762,1.2758,1.2767,1.2762,1.2764,1.2758,1.2765,1.2763,46.732,46.79,46.745,46.757,46.789,46.805,46.761,46.748,46.716,46.883,46.856,46.853,46.857,46.799,46.745,46.752,46.748,46.739,46.8,46.76,46.782,46.85,46.846,46.75,46.806,46.816,46.764,46.853,46.895,46.852,46.919,47.155,46.879,46.835,46.93,46.975,46.911,47.004,46.7,1.4162,0,6.8679,0,-0.44849,0,0,0,0,0,1.4162,0,6.8679,0,-0.44849,0,0,0,0,0,0,0,0,0,0,0,0,0,0,0,0,0,0,0,0,0,0,0,0,0,0,0,0,0,1.4255,-3.536,0,0,0,0,0,0,0,0,0,0,0,0,0,1.0461,1.045,1.0221,0.99886,0.99427,0.99717,0.94151,0.95527,1.0114,1.0092,1.0039,0.99127,1.0058,1.002,0.99532,1.0076,1.016,1.017,1.0409,0.986,1.0147,1.0407,1.0353,1.0152,1.054,1.045,1.0257,1.0488,1.0505,1.0419,0.99081,0.97255,1.0374,0.98325,1.0371,1.0265,1.0477,1.0438,1.0261,-0.3447,0.21884,-0.32786,1.0205,-1.1633,-1.2883,0.83456,-0.80181,-0.61252,0.49544,1.4235,0.68527,-2.8148,0.55901,0.92819,0.80221,3.0069,3.0751,-6.2082,-0.065936,-0.060002,2.889,2.1505,2.0246,-1.6922,1.8584,0.98556,0.74703,-0.70871,-1.1094,0.64239,1.0899,0.96374,0.85972,0.073876,0.66027,-0.62115,0.56828,-1.0802,0.54849,1.2352,0.56333,0.53147,0.43751,0.84313,-0.58242,4.311,14.405,-10.625,-20.857,6.3139
1.276,1.2767,1.2762,1.2756,1.2769,1.2762,1.2765,1.2757,1.2766,1.2763,46.86,46.918,46.872,46.885,46.916,46.933,46.889,46.875,46.844,47.011,46.984,46.98,46.985,46.926,46.873,46.88,46.876,46.866,46.927,46.887,46.91,46.978,46.974,46.878,46.933,46.943,46.891,46.98,47.022,46.98,47.047,47.282,47.007,46.963,47.057,47.102,47.038,47.132,46.828,1.4162,0,6.8679,0,-0.44849,0,0,0,0,0,1.4162,0,6.8679,0,-0.44849,0,0,0,0,0,0,0,0,0,0,0,0,0,0,0,0,0,0,0,0,0,0,0,0,0,0,0,0,0,1.4255,-3.536,0,0,0,0,0,0,0,0,0,0,0,0,0,1.0461,1.045,1.0221,0.99886,0.99427,0.99717,0.94151,0.95527,1.0114,1.0092,1.0039,0.99127,1.0058,1.002,0.99532,1.0076,1.016,1.017,1.0409,0.986,1.0147,1.0407,1.0353,1.0152,1.054,1.045,1.0257,1.0488,1.0505,1.0419,0.99081,0.97254,1.0374,0.98325,1.0371,1.0265,1.0477,1.0438,1.0261,-0.34466,0.21883,-0.32795,1.0211,-1.1637,-1.2883,0.83458,-0.80204,-0.61247,0.49562,1.4241,0.68559,-2.8144,0.55911,0.92823,0.80221,3.0067,3.0752,-6.2084,-0.065964,-0.059997,2.8891,2.1506,2.0246,-1.6924,1.8586,0.98554,0.74705,-0.70875,-1.1095,0.64306,1.0894,0.96312,0.85973,0.074,0.66037,-0.62118,0.56792,-1.0804,0.54876,1.2353,0.56325,0.53141,0.43749,0.84306,-0.58264,4.311,14.405,-10.625,-20.857,6.3139
1.2759,1.2769,1.2761,1.2755,1.2771,1.2762,1.2766,1.2755,1.2767,1.2763,46.988,47.045,47,47.012,47.044,47.06,47.016,47.003,46.971,47.138,47.111,47.108,47.113,47.054,47,47.007,47.003,46.994,47.055,47.015,47.038,47.105,47.101,47.005,47.061,47.071,47.019,47.108,47.15,47.107,47.174,47.41,47.134,47.091,47.185,47.23,47.166,47.259,46.956,1.4162,0,6.8679,0,-0.44849,0,0,0,0,0,1.4162,0,6.8679,0,-0.44849,0,0,0,0,0,0,0,0,0,0,0,0,0,0,0,0,0,0,0,0,0,0,0,0,0,0,0,0,0,1.4255,-3.536,0,0,0,0,0,0,0,0,0,0,0,0,0,1.0461,1.045,1.0221,0.99886,0.99427,0.99717,0.94151,0.95527,1.0114,1.0092,1.0039,0.99127,1.0058,1.002,0.99532,1.0076,1.016,1.017,1.0409,0.986,1.0147,1.0407,1.0353,1.0152,1.054,1.045,1.0257,1.0488,1.0505,1.0419,0.99081,0.97254,1.0374,0.98325,1.0371,1.0265,1.0477,1.0438,1.0261,-0.34462,0.21883,-0.32803,1.0216,-1.1642,-1.2884,0.8346,-0.80225,-0.61241,0.49578,1.4247,0.6859,-2.8141,0.55921,0.92828,0.8022,3.0066,3.0754,-6.2086,-0.06599,-0.059992,2.8892,2.1507,2.0247,-1.6925,1.8588,0.98553,0.74706,-0.7088,-1.1095,0.6437,1.0889,0.96253,0.85975,0.074118,0.66046,-0.62121,0.56757,-1.0806,0.54903,1.2353,0.56317,0.53135,0.43748,0.84298,-0.58284,4.311,14.405,-10.625,-20.857,6.3139
1.2758,1.277,1.276,1.2753,1.2772,1.2762,1.2767,1.2753,1.2768,1.2763,47.115,47.173,47.127,47.14,47.172,47.188,47.144,47.13,47.099,47.266,47.239,47.236,47.24,47.182,47.128,47.135,47.131,47.121,47.183,47.143,47.165,47.233,47.229,47.133,47.189,47.199,47.146,47.236,47.278,47.235,47.302,47.537,47.262,47.218,47.313,47.357,47.294,47.387,47.083,1.4162,0,6.8679,0,-0.44849,0,0,0,0,0,1.4162,0,6.8679,0,-0.44849,0,0,0,0,0,0,0,0,0,0,0,0,0,0,0,0,0,0,0,0,0,0,0,0,0,0,0,0,0,1.4255,-3.536,0,0,0,0,0,0,0,0,0,0,0,0,0,1.0461,1.045,1.0221,0.99886,0.99427,0.99717,0.94151,0.95527,1.0114,1.0092,1.0039,0.99127,1.0058,1.002,0.99532,1.0076,1.016,1.017,1.0409,0.986,1.0147,1.0407,1.0353,1.0152,1.054,1.045,1.0257,1.0488,1.0505,1.0419,0.99081,0.97254,1.0374,0.98325,1.0371,1.0265,1.0477,1.0438,1.0261,-0.34458,0.21882,-0.32811,1.022,-1.1646,-1.2885,0.83461,-0.80245,-0.61236,0.49594,1.4253,0.68619,-2.8137,0.5593,0.92832,0.8022,3.0064,3.0755,-6.2087,-0.066015,-0.059987,2.8892,2.1507,2.0248,-1.6926,1.8589,0.98551,0.74708,-0.70884,-1.1096,0.64431,1.0884,0.96198,0.85976,0.074229,0.66055,-0.62123,0.56724,-1.0807,0.54928,1.2353,0.5631,0.53129,0.43746,0.84291,-0.58304,4.311,14.405,-10.625,-20.857,6.3139
1.2757,1.2772,1.276,1.2752,1.2774,1.2762,1.2767,1.2752,1.2769,1.2763,47.243,47.301,47.255,47.268,47.299,47.316,47.272,47.258,47.226,47.394,47.366,47.363,47.368,47.309,47.256,47.263,47.259,47.249,47.31,47.27,47.293,47.361,47.357,47.26,47.316,47.326,47.274,47.363,47.405,47.363,47.43,47.665,47.389,47.346,47.44,47.485,47.421,47.514,47.211,1.4162,0,6.8679,0,-0.44849,0,0,0,0,0,1.4162,0,6.8679,0,-0.44849,0,0,0,0,0,0,0,0,0,0,0,0,0,0,0,0,0,0,0,0,0,0,0,0,0,0,0,0,0,1.4255,-3.536,0,0,0,0,0,0,0,0,0,0,0,0,0,1.0461,1.045,1.0221,0.99886,0.99427,0.99717,0.94151,0.95527,1.0114,1.0092,1.0039,0.99127,1.0058,1.002,0.99532,1.0076,1.016,1.017,1.0409,0.986,1.0147,1.0407,1.0353,1.0152,1.054,1.045,1.0257,1.0488,1.0505,1.0419,0.99081,0.97254,1.0374,0.98325,1.0371,1.0265,1.0477,1.0438,1.0261,-0.34454,0.21881,-0.32819,1.0225,-1.165,-1.2885,0.83463,-0.80265,-0.61232,0.49609,1.4258,0.68647,-2.8134,0.55939,0.92836,0.8022,3.0063,3.0757,-6.2089,-0.066039,-0.059983,2.8893,2.1508,2.0248,-1.6927,1.8591,0.98549,0.74709,-0.70888,-1.1096,0.64488,1.088,0.96145,0.85977,0.074334,0.66063,-0.62125,0.56693,-1.0809,0.54952,1.2353,0.56303,0.53123,0.43744,0.84285,-0.58322,4.311,14.405,-10.625,-20.857,6.3139
1.2756,1.2773,1.2759,1.275,1.2776,1.2762,1.2768,1.275,1.2769,1.2763,47.37,47.428,47.383,47.395,47.427,47.443,47.399,47.386,47.354,47.521,47.494,47.491,47.495,47.437,47.383,47.39,47.386,47.377,47.438,47.398,47.421,47.488,47.484,47.388,47.444,47.454,47.402,47.491,47.533,47.49,47.557,47.793,47.517,47.474,47.568,47.613,47.549,47.642,47.339,1.4162,0,6.8679,0,-0.44849,0,0,0,0,0,1.4162,0,6.8679,0,-0.44849,0,0,0,0,0,0,0,0,0,0,0,0,0,0,0,0,0,0,0,0,0,0,0,0,0,0,0,0,0,1.4255,-3.536,0,0,0,0,0,0,0,0,0,0,0,0,0,1.0461,1.045,1.0221,0.99886,0.99427,0.99717,0.94151,0.95527,1.0114,1.0092,1.0039,0.99127,1.0058,1.002,0.99532,1.0076,1.016,1.017,1.0409,0.986,1.0147,1.0407,1.0353,1.0152,1.054,1.045,1.0257,1.0488,1.0505,1.0419,0.99081,0.97254,1.0374,0.98325,1.0371,1.0265,1.0477,1.0438,1.0261,-0.34451,0.2188,-0.32826,1.0229,-1.1653,-1.2886,0.83464,-0.80283,-0.61227,0.49623,1.4263,0.68673,-2.8131,0.55947,0.92839,0.8022,3.0061,3.0758,-6.209,-0.066061,-0.059979,2.8894,2.1508,2.0249,-1.6928,1.8593,0.98547,0.7471,-0.70891,-1.1096,0.64541,1.0876,0.96096,0.85978,0.074432,0.66071,-0.62128,0.56664,-1.0811,0.54974,1.2353,0.56297,0.53118,0.43743,0.84278,-0.5834,4.311,14.405,-10.625,-20.857,6.3139
1.2755,1.2775,1.2759,1.2749,1.2777,1.2762,1.2768,1.2749,1.277,1.2763,47.498,47.556,47.51,47.523,47.555,47.571,47.527,47.513,47.482,47.649,47.622,47.618,47.623,47.564,47.511,47.518,47.514,47.504,47.565,47.526,47.548,47.616,47.612,47.516,47.572,47.582,47.529,47.619,47.661,47.618,47.685,47.92,47.645,47.601,47.696,47.74,47.676,47.77,47.466,1.4162,0,6.868,0,-0.44849,0,0,0,0,0,1.4162,0,6.8679,0,-0.44849,0,0,0,0,0,0,0,0,0,0,0,0,0,0,0,0,0,0,0,0,0,0,0,0,0,0,0,0,0,1.4255,-3.536,0,0,0,0,0,0,0,0,0,0,0,0,0,1.0461,1.045,1.0221,0.99886,0.99427,0.99717,0.94151,0.95527,1.0114,1.0092,1.0039,0.99127,1.0058,1.002,0.99532,1.0076,1.016,1.017,1.0409,0.986,1.0147,1.0407,1.0353,1.0152,1.054,1.045,1.0257,1.0488,1.0505,1.0419,0.99081,0.97254,1.0374,0.98325,1.0371,1.0265,1.0477,1.0438,1.0261,-0.34448,0.21879,-0.32832,1.0233,-1.1656,-1.2886,0.83465,-0.80299,-0.61223,0.49636,1.4268,0.68697,-2.8129,0.55954,0.92843,0.80219,3.006,3.0759,-6.2092,-0.066082,-0.059975,2.8894,2.1509,2.0249,-1.6928,1.8594,0.98546,0.74711,-0.70895,-1.1097,0.64592,1.0872,0.9605,0.85979,0.074523,0.66078,-0.6213,0.56637,-1.0812,0.54995,1.2353,0.56291,0.53113,0.43741,0.84272,-0.58356,4.311,14.405,-10.625,-20.857,6.3139
1.2754,1.2776,1.2758,1.2748,1.2778,1.2762,1.2769,1.2748,1.2771,1.2763,47.626,47.683,47.638,47.65,47.682,47.699,47.654,47.641,47.609,47.776,47.749,47.746,47.751,47.692,47.639,47.646,47.642,47.632,47.693,47.653,47.676,47.744,47.739,47.643,47.699,47.709,47.657,47.746,47.788,47.745,47.812,48.048,47.772,47.729,47.823,47.868,47.804,47.897,47.594,1.4162,0,6.868,0,-0.44849,0,0,0,0,0,1.4162,0,6.8679,0,-0.44849,0,0,0,0,0,0,0,0,0,0,0,0,0,0,0,0,0,0,0,0,0,0,0,0,0,0,0,0,0,1.4255,-3.536,0,0,0,0,0,0,0,0,0,0,0,0,0,1.0461,1.045,1.0221,0.99886,0.99427,0.99717,0.94151,0.95527,1.0114,1.0092,1.0039,0.99127,1.0058,1.002,0.99532,1.0076,1.016,1.017,1.0409,0.986,1.0147,1.0407,1.0353,1.0152,1.054,1.045,1.0257,1.0488,1.0505,1.0419,0.99081,0.97254,1.0374,0.98325,1.0371,1.0265,1.0477,1.0438,1.0261,-0.34445,0.21878,-0.32839,1.0237,-1.1659,-1.2887,0.83466,-0.80315,-0.61219,0.49648,1.4272,0.6872,-2.8126,0.55961,0.92846,0.80219,3.0059,3.076,-6.2093,-0.066101,-0.059972,2.8895,2.151,2.0249,-1.6929,1.8595,0.98545,0.74712,-0.70898,-1.1097,0.64639,1.0868,0.96007,0.8598,0.074607,0.66085,-0.62132,0.56611,-1.0814,0.55015,1.2353,0.56286,0.53109,0.4374,0.84267,-0.5837,4.311,14.405,-10.625,-20.857,6.3139
1.2754,1.2777,1.2758,1.2747,1.2779,1.2762,1.2769,1.2747,1.2772,1.2763,47.753,47.811,47.766,47.778,47.81,47.826,47.782,47.769,47.737,47.904,47.877,47.874,47.878,47.82,47.766,47.773,47.769,47.76,47.821,47.781,47.803,47.871,47.867,47.771,47.827,47.837,47.785,47.874,47.916,47.873,47.94,48.176,47.9,47.856,47.951,47.996,47.932,48.025,47.721,1.4162,0,6.868,0,-0.44849,0,0,0,0,0,1.4162,0,6.8679,0,-0.44849,0,0,0,0,0,0,0,0,0,0,0,0,0,0,0,0,0,0,0,0,0,0,0,0,0,0,0,0,0,1.4255,-3.536,0,0,0,0,0,0,0,0,0,0,0,0,0,1.0461,1.045,1.0221,0.99886,0.99427,0.99717,0.94151,0.95527,1.0114,1.0092,1.0039,0.99127,1.0058,1.002,0.99532,1.0076,1.016,1.017,1.0409,0.986,1.0147,1.0407,1.0353,1.0152,1.054,1.045,1.0257,1.0488,1.0505,1.0419,0.99081,0.97254,1.0374,0.98325,1.0371,1.0265,1.0477,1.0438,1.0261,-0.34442,0.21878,-0.32845,1.024,-1.1662,-1.2887,0.83467,-0.8033,-0.61216,0.49659,1.4276,0.6874,-2.8124,0.55968,0.92849,0.80219,3.0058,3.0762,-6.2094,-0.066119,-0.059969,2.8895,2.151,2.025,-1.693,1.8597,0.98543,0.74713,-0.709,-1.1098,0.64682,1.0865,0.95967,0.85981,0.074685,0.66091,-0.62133,0.56588,-1.0815,0.55033,1.2353,0.5628,0.53104,0.43738,0.84261,-0.58384,4.311,14.405,-10.625,-20.857,6.3139
1.2753,1.2778,1.2758,1.2746,1.2781,1.2762,1.277,1.2746,1.2772,1.2763,47.881,47.939,47.893,47.906,47.937,47.954,47.91,47.896,47.865,48.032,48.005,48.001,48.006,47.947,47.894,47.901,47.897,47.887,47.948,47.908,47.931,47.999,47.995,47.899,47.954,47.964,47.912,48.001,48.043,48.001,48.068,48.303,48.028,47.984,48.078,48.123,48.059,48.153,47.849,1.4162,0,6.868,0,-0.44849,0,0,0,0,0,1.4162,0,6.8679,0,-0.44849,0,0,0,0,0,0,0,0,0,0,0,0,0,0,0,0,0,0,0,0,0,0,0,0,0,0,0,0,0,1.4255,-3.536,0,0,0,0,0,0,0,0,0,0,0,0,0,1.0461,1.045,1.0221,0.99886,0.99427,0.99717,0.94151,0.95527,1.0114,1.0092,1.0039,0.99127,1.0058,1.002,0.99532,1.0076,1.016,1.017,1.0409,0.986,1.0147,1.0407,1.0353,1.0152,1.054,1.045,1.0257,1.0488,1.0505,1.0419,0.99081,0.97254,1.0374,0.98325,1.0371,1.0265,1.0477,1.0438,1.0261,-0.34439,0.21877,-0.3285,1.0243,-1.1665,-1.2887,0.83468,-0.80343,-0.61212,0.4967,1.428,0.68759,-2.8121,0.55974,0.92852,0.80219,3.0057,3.0763,-6.2095,-0.066136,-0.059966,2.8896,2.1511,2.025,-1.6931,1.8598,0.98542,0.74714,-0.70903,-1.1098,0.64722,1.0862,0.9593,0.85982,0.074756,0.66097,-0.62135,0.56566,-1.0816,0.5505,1.2353,0.56275,0.531,0.43737,0.84256,-0.58397,4.311,14.405,-10.625,-20.857,6.3139
1.2752,1.2779,1.2757,1.2745,1.2782,1.2762,1.277,1.2745,1.2773,1.2763,48.009,48.066,48.021,48.033,48.065,48.081,48.037,48.024,47.992,48.159,48.132,48.129,48.134,48.075,48.021,48.028,48.024,48.015,48.076,48.036,48.059,48.126,48.122,48.026,48.082,48.092,48.04,48.129,48.171,48.128,48.195,48.431,48.155,48.112,48.206,48.251,48.187,48.28,47.977,1.4162,0,6.868,0,-0.44849,0,0,0,0,0,1.4162,0,6.8679,0,-0.44849,0,0,0,0,0,0,0,0,0,0,0,0,0,0,0,0,0,0,0,0,0,0,0,0,0,0,0,0,0,1.4255,-3.536,0,0,0,0,0,0,0,0,0,0,0,0,0,1.0461,1.045,1.0221,0.99886,0.99427,0.99717,0.94151,0.95527,1.0114,1.0092,1.0039,0.99127,1.0058,1.002,0.99532,1.0076,1.016,1.017,1.0409,0.986,1.0147,1.0407,1.0353,1.0152,1.054,1.045,1.0257,1.0488,1.0505,1.0419,0.99081,0.97254,1.0374,0.98325,1.0371,1.0265,1.0477,1.0438,1.0261,-0.34437,0.21876,-0.32855,1.0246,-1.1667,-1.2888,0.83469,-0.80356,-0.61209,0.49679,1.4283,0.68777,-2.8119,0.55979,0.92854,0.80219,3.0056,3.0763,-6.2096,-0.066151,-0.059963,2.8896,2.1511,2.025,-1.6931,1.8599,0.98541,0.74715,-0.70905,-1.1098,0.64759,1.0859,0.95896,0.85982,0.07482,0.66102,-0.62136,0.56546,-1.0817,0.55066,1.2353,0.56271,0.53097,0.43736,0.84251,-0.58408,4.311,14.405,-10.625,-20.857,6.3139
1.2752,1.278,1.2757,1.2744,1.2782,1.2762,1.277,1.2744,1.2773,1.2763,48.136,48.194,48.148,48.161,48.193,48.209,48.165,48.151,48.12,48.287,48.26,48.257,48.261,48.203,48.149,48.156,48.152,48.142,48.203,48.164,48.186,48.254,48.25,48.154,48.21,48.22,48.167,48.257,48.299,48.256,48.323,48.558,48.283,48.239,48.334,48.378,48.314,48.408,48.104,1.4162,0,6.868,0,-0.44849,0,0,0,0,0,1.4162,0,6.8679,0,-0.44849,0,0,0,0,0,0,0,0,0,0,0,0,0,0,0,0,0,0,0,0,0,0,0,0,0,0,0,0,0,1.4255,-3.536,0,0,0,0,0,0,0,0,0,0,0,0,0,1.0461,1.045,1.0221,0.99886,0.99427,0.99717,0.94151,0.95527,1.0114,1.0092,1.0039,0.99127,1.0058,1.002,0.99532,1.0076,1.016,1.017,1.0409,0.986,1.0147,1.0407,1.0353,1.0152,1.054,1.045,1.0257,1.0488,1.0505,1.0419,0.99082,0.97254,1.0374,0.98325,1.0371,1.0265,1.0477,1.0438,1.0261,-0.34435,0.21875,-0.3286,1.0249,-1.1669,-1.2888,0.83469,-0.80367,-0.61207,0.49688,1.4286,0.68793,-2.8118,0.55984,0.92856,0.80219,3.0055,3.0764,-6.2097,-0.066164,-0.05996,2.8897,2.1511,2.0251,-1.6932,1.86,0.9854,0.74716,-0.70907,-1.1098,0.64793,1.0856,0.95866,0.85983,0.074877,0.66107,-0.62137,0.56528,-1.0818,0.5508,1.2353,0.56267,0.53093,0.43734,0.84247,-0.58418,4.311,14.405,-10.625,-20.857,6.3139
1.2751,1.2781,1.2757,1.2743,1.2783,1.2762,1.2771,1.2743,1.2774,1.2763,48.264,48.322,48.276,48.289,48.32,48.337,48.293,48.279,48.247,48.415,48.387,48.384,48.389,48.33,48.277,48.284,48.28,48.27,48.331,48.291,48.314,48.382,48.378,48.281,48.337,48.347,48.295,48.384,48.426,48.384,48.451,48.686,48.41,48.367,48.461,48.506,48.442,48.535,48.232,1.4162,0,6.868,0,-0.44849,0,0,0,0,0,1.4162,0,6.8679,0,-0.44849,0,0,0,0,0,0,0,0,0,0,0,0,0,0,0,0,0,0,0,0,0,0,0,0,0,0,0,0,0,1.4255,-3.536,0,0,0,0,0,0,0,0,0,0,0,0,0,1.0461,1.045,1.0221,0.99886,0.99427,0.99717,0.94151,0.95527,1.0114,1.0092,1.0039,0.99127,1.0058,1.002,0.99532,1.0076,1.016,1.017,1.0409,0.986,1.0147,1.0407,1.0353,1.0152,1.054,1.045,1.0257,1.0488,1.0505,1.0419,0.99082,0.97254,1.0374,0.98325,1.0371,1.0265,1.0477,1.0438,1.0261,-0.34432,0.21875,-0.32864,1.0251,-1.1671,-1.2888,0.8347,-0.80377,-0.61204,0.49695,1.4289,0.68807,-2.8116,0.55988,0.92858,0.80218,3.0054,3.0765,-6.2098,-0.066176,-0.059958,2.8897,2.1512,2.0251,-1.6932,1.8601,0.98539,0.74716,-0.70909,-1.1099,0.64823,1.0854,0.95839,0.85984,0.074928,0.66111,-0.62139,0.56513,-1.0819,0.55093,1.2353,0.56263,0.5309,0.43733,0.84243,-0.58427,4.311,14.405,-10.625,-20.857,6.3139
1.2751,1.2781,1.2756,1.2742,1.2784,1.2762,1.2771,1.2742,1.2774,1.2763,48.391,48.449,48.404,48.416,48.448,48.464,48.42,48.407,48.375,48.542,48.515,48.512,48.516,48.458,48.404,48.411,48.407,48.398,48.459,48.419,48.442,48.509,48.505,48.409,48.465,48.475,48.423,48.512,48.554,48.511,48.578,48.814,48.538,48.495,48.589,48.634,48.57,48.663,48.36,1.4162,0,6.868,0,-0.44849,0,0,0,0,0,1.4162,0,6.8679,0,-0.44849,0,0,0,0,0,0,0,0,0,0,0,0,0,0,0,0,0,0,0,0,0,0,0,0,0,0,0,0,0,1.4255,-3.536,0,0,0,0,0,0,0,0,0,0,0,0,0,1.0461,1.045,1.0221,0.99886,0.99427,0.99717,0.94151,0.95527,1.0114,1.0092,1.0039,0.99127,1.0058,1.002,0.99532,1.0076,1.016,1.017,1.0409,0.986,1.0147,1.0407,1.0353,1.0152,1.054,1.045,1.0257,1.0488,1.0505,1.0419,0.99082,0.97254,1.0374,0.98324,1.0371,1.0265,1.0477,1.0438,1.0261,-0.34431,0.21874,-0.32868,1.0253,-1.1673,-1.2889,0.8347,-0.80386,-0.61202,0.49702,1.4291,0.68819,-2.8114,0.55992,0.9286,0.80218,3.0053,3.0766,-6.2099,-0.066187,-0.059956,2.8897,2.1512,2.0251,-1.6933,1.8602,0.98538,0.74717,-0.7091,-1.1099,0.6485,1.0852,0.95815,0.85984,0.074972,0.66115,-0.62139,0.56498,-1.082,0.55104,1.2353,0.5626,0.53088,0.43732,0.84239,-0.58434,4.311,14.405,-10.625,-20.857,6.3139
1.275,1.2782,1.2756,1.2742,1.2785,1.2762,1.2771,1.2742,1.2774,1.2763,48.519,48.577,48.531,48.544,48.576,48.592,48.548,48.534,48.503,48.67,48.643,48.64,48.644,48.586,48.532,48.539,48.535,48.525,48.586,48.547,48.569,48.637,48.633,48.537,48.592,48.603,48.55,48.64,48.682,48.639,48.706,48.941,48.666,48.622,48.717,48.761,48.697,48.791,48.487,1.4162,0,6.868,0,-0.44849,0,0,0,0,0,1.4162,0,6.8679,0,-0.44849,0,0,0,0,0,0,0,0,0,0,0,0,0,0,0,0,0,0,0,0,0,0,0,0,0,0,0,0,0,1.4255,-3.536,0,0,0,0,0,0,0,0,0,0,0,0,0,1.0461,1.045,1.0221,0.99886,0.99427,0.99717,0.94151,0.95527,1.0114,1.0092,1.0039,0.99127,1.0058,1.002,0.99532,1.0076,1.016,1.017,1.0409,0.986,1.0147,1.0407,1.0353,1.0152,1.054,1.045,1.0257,1.0488,1.0505,1.0419,0.99082,0.97254,1.0374,0.98324,1.0371,1.0265,1.0477,1.0438,1.0261,-0.34429,0.21873,-0.32872,1.0255,-1.1674,-1.2889,0.8347,-0.80394,-0.61201,0.49707,1.4293,0.6883,-2.8113,0.55996,0.92862,0.80218,3.0053,3.0766,-6.2099,-0.066196,-0.059954,2.8898,2.1512,2.0251,-1.6933,1.8602,0.98537,0.74717,-0.70912,-1.1099,0.64873,1.085,0.95794,0.85984,0.07501,0.66119,-0.6214,0.56486,-1.0821,0.55115,1.2353,0.56257,0.53085,0.43731,0.84236,-0.58441,4.311,14.405,-10.625,-20.857,6.3139
1.275,1.2782,1.2756,1.2741,1.2785,1.2762,1.2771,1.2741,1.2775,1.2763,48.647,48.704,48.659,48.671,48.703,48.72,48.675,48.662,48.63,48.797,48.77,48.767,48.772,48.713,48.66,48.667,48.663,48.653,48.714,48.674,48.697,48.765,48.76,48.664,48.72,48.73,48.678,48.767,48.809,48.766,48.833,49.069,48.793,48.75,48.844,48.889,48.825,48.918,48.615,1.4162,0,6.868,0,-0.44849,0,0,0,0,0,1.4162,0,6.8679,0,-0.44849,0,0,0,0,0,0,0,0,0,0,0,0,0,0,0,0,0,0,0,0,0,0,0,0,0,0,0,0,0,1.4255,-3.536,0,0,0,0,0,0,0,0,0,0,0,0,0,1.0461,1.045,1.0221,0.99886,0.99427,0.99717,0.94151,0.95527,1.0114,1.0092,1.0039,0.99127,1.0058,1.002,0.99532,1.0076,1.016,1.017,1.0409,0.986,1.0147,1.0407,1.0353,1.0152,1.054,1.045,1.0257,1.0488,1.0505,1.0419,0.99082,0.97254,1.0374,0.98324,1.0371,1.0265,1.0477,1.0438,1.0261,-0.34427,0.21873,-0.32875,1.0257,-1.1675,-1.2889,0.83471,-0.804,-0.61199,0.49712,1.4295,0.68839,-2.8112,0.55998,0.92863,0.80218,3.0052,3.0767,-6.21,-0.066204,-0.059952,2.8898,2.1512,2.0252,-1.6933,1.8603,0.98536,0.74717,-0.70913,-1.1099,0.64893,1.0849,0.95776,0.85984,0.07504,0.66121,-0.62141,0.56476,-1.0821,0.55123,1.2353,0.56254,0.53083,0.4373,0.84233,-0.58446,4.311,14.405,-10.625,-20.857,6.3139
1.275,1.2783,1.2756,1.2741,1.2785,1.2762,1.2771,1.2741,1.2775,1.2763,48.774,48.832,48.787,48.799,48.831,48.847,48.803,48.79,48.758,48.925,48.898,48.895,48.899,48.841,48.787,48.794,48.79,48.781,48.842,48.802,48.824,48.892,48.888,48.792,48.848,48.858,48.806,48.895,48.937,48.894,48.961,49.197,48.921,48.877,48.972,49.017,48.953,49.046,48.742,1.4162,0,6.868,0,-0.44849,0,0,0,0,0,1.4162,0,6.8679,0,-0.44849,0,0,0,0,0,0,0,0,0,0,0,0,0,0,0,0,0,0,0,0,0,0,0,0,0,0,0,0,0,1.4255,-3.536,0,0,0,0,0,0,0,0,0,0,0,0,0,1.0461,1.045,1.0221,0.99886,0.99427,0.99717,0.94151,0.95527,1.0114,1.0092,1.0039,0.99127,1.0058,1.002,0.99532,1.0076,1.016,1.017,1.0409,0.986,1.0147,1.0407,1.0353,1.0152,1.054,1.045,1.0257,1.0488,1.0505,1.0419,0.99082,0.97254,1.0374,0.98324,1.0371,1.0265,1.0477,1.0438,1.0261,-0.34426,0.21872,-0.32878,1.0258,-1.1676,-1.2889,0.83471,-0.80406,-0.61198,0.49716,1.4296,0.68846,-2.8111,0.56001,0.92864,0.80218,3.0052,3.0767,-6.21,-0.066211,-0.059951,2.8898,2.1513,2.0252,-1.6933,1.8603,0.98536,0.74717,-0.70913,-1.1099,0.6491,1.0848,0.95761,0.85985,0.075064,0.66124,-0.62141,0.56467,-1.0822,0.55131,1.2353,0.56252,0.53081,0.43729,0.8423,-0.5845,4.311,14.405,-10.625,-20.857,6.3139
1.2749,1.2783,1.2756,1.2741,1.2786,1.2762,1.2772,1.2741,1.2775,1.2763,48.902,48.96,48.914,48.927,48.958,48.975,48.931,48.917,48.886,49.053,49.026,49.022,49.027,48.968,48.915,48.922,48.918,48.908,48.969,48.929,48.952,49.02,49.016,48.92,48.975,48.985,48.933,49.022,49.064,49.022,49.089,49.324,49.049,49.005,49.099,49.144,49.08,49.174,48.87,1.4162,0,6.868,0,-0.44849,0,0,0,0,0,1.4162,0,6.8679,0,-0.44849,0,0,0,0,0,0,0,0,0,0,0,0,0,0,0,0,0,0,0,0,0,0,0,0,0,0,0,0,0,1.4255,-3.536,0,0,0,0,0,0,0,0,0,0,0,0,0,1.0461,1.045,1.0221,0.99886,0.99427,0.99717,0.94151,0.95527,1.0114,1.0092,1.0039,0.99127,1.0058,1.002,0.99532,1.0076,1.016,1.017,1.0409,0.986,1.0147,1.0407,1.0353,1.0152,1.054,1.045,1.0257,1.0488,1.0505,1.0419,0.99082,0.97254,1.0374,0.98324,1.0371,1.0265,1.0477,1.0438,1.0261,-0.34425,0.21871,-0.32881,1.0259,-1.1677,-1.289,0.83471,-0.8041,-0.61197,0.49719,1.4297,0.68851,-2.8111,0.56003,0.92865,0.80219,3.0051,3.0767,-6.2101,-0.066216,-0.05995,2.8898,2.1513,2.0252,-1.6934,1.8604,0.98535,0.74717,-0.70914,-1.1099,0.64923,1.0847,0.9575,0.85985,0.075081,0.66125,-0.62141,0.56461,-1.0822,0.55137,1.2353,0.5625,0.53079,0.43728,0.84228,-0.58453,4.311,14.405,-10.625,-20.857,6.3139
1.2749,1.2783,1.2756,1.2741,1.2786,1.2762,1.2772,1.2741,1.2775,1.2763,49.03,49.087,49.042,49.054,49.086,49.102,49.058,49.045,49.013,49.18,49.153,49.15,49.155,49.096,49.042,49.049,49.045,49.036,49.097,49.057,49.08,49.147,49.143,49.047,49.103,49.113,49.061,49.15,49.192,49.149,49.216,49.452,49.176,49.133,49.227,49.272,49.208,49.301,48.998,1.4162,0,6.868,0,-0.44849,0,0,0,0,0,1.4162,0,6.8679,0,-0.44849,0,0,0,0,0,0,0,0,0,0,0,0,0,0,0,0,0,0,0,0,0,0,0,0,0,0,0,0,0,1.4255,-3.536,0,0,0,0,0,0,0,0,0,0,0,0,0,1.0461,1.045,1.0221,0.99886,0.99427,0.99717,0.94151,0.95527,1.0114,1.0092,1.0039,0.99127,1.0058,1.002,0.99532,1.0076,1.016,1.017,1.0409,0.986,1.0147,1.0407,1.0353,1.0152,1.054,1.045,1.0257,1.0488,1.0505,1.0419,0.99082,0.97254,1.0374,0.98324,1.0371,1.0265,1.0477,1.0438,1.0261,-0.34424,0.21871,-0.32883,1.0259,-1.1677,-1.289,0.8347,-0.80414,-0.61196,0.49721,1.4298,0.68855,-2.811,0.56004,0.92866,0.80219,3.0051,3.0767,-6.2101,-0.066219,-0.059949,2.8898,2.1513,2.0252,-1.6934,1.8604,0.98535,0.74717,-0.70914,-1.1099,0.64933,1.0846,0.95741,0.85985,0.075092,0.66127,-0.62142,0.56456,-1.0823,0.55142,1.2353,0.56249,0.53078,0.43728,0.84226,-0.58455,4.311,14.405,-10.625,-20.857,6.3139
1.2749,1.2784,1.2756,1.2741,1.2786,1.2762,1.2772,1.2741,1.2775,1.2763,49.157,49.215,49.169,49.182,49.214,49.23,49.186,49.172,49.141,49.308,49.281,49.278,49.282,49.224,49.17,49.177,49.173,49.163,49.224,49.185,49.207,49.275,49.271,49.175,49.231,49.241,49.188,49.278,49.32,49.277,49.344,49.58,49.304,49.26,49.355,49.399,49.335,49.429,49.125,1.4162,0,6.868,0,-0.44849,0,0,0,0,0,1.4162,0,6.8679,0,-0.44849,0,0,0,0,0,0,0,0,0,0,0,0,0,0,0,0,0,0,0,0,0,0,0,0,0,0,0,0,0,1.4255,-3.536,0,0,0,0,0,0,0,0,0,0,0,0,0,1.0461,1.045,1.0221,0.99886,0.99427,0.99717,0.94151,0.95527,1.0114,1.0092,1.0039,0.99127,1.0058,1.002,0.99532,1.0076,1.016,1.017,1.0409,0.986,1.0147,1.0407,1.0353,1.0152,1.054,1.045,1.0257,1.0488,1.0505,1.0419,0.99082,0.97254,1.0374,0.98324,1.0371,1.0265,1.0477,1.0438,1.0261,-0.34423,0.2187,-0.32884,1.026,-1.1677,-1.289,0.8347,-0.80416,-0.61196,0.49722,1.4299,0.68857,-2.811,0.56005,0.92866,0.80219,3.0051,3.0768,-6.2101,-0.066221,-0.059948,2.8898,2.1513,2.0252,-1.6934,1.8604,0.98535,0.74717,-0.70914,-1.1099,0.6494,1.0845,0.95736,0.85985,0.075096,0.66127,-0.62142,0.56453,-1.0823,0.55145,1.2353,0.56248,0.53077,0.43727,0.84224,-0.58455,4.311,14.405,-10.625,-20.857,6.3139
1.2749,1.2784,1.2756,1.2741,1.2786,1.2762,1.2772,1.2741,1.2775,1.2763,49.285,49.343,49.297,49.31,49.341,49.358,49.314,49.3,49.268,49.436,49.408,49.405,49.41,49.351,49.298,49.305,49.301,49.291,49.352,49.312,49.335,49.403,49.399,49.302,49.358,49.368,49.316,49.405,49.447,49.405,49.472,49.707,49.431,49.388,49.482,49.527,49.463,49.556,49.253,1.4162,0,6.868,0,-0.44849,0,0,0,0,0,1.4162,0,6.8679,0,-0.44849,0,0,0,0,0,0,0,0,0,0,0,0,0,0,0,0,0,0,0,0,0,0,0,0,0,0,0,0,0,1.4255,-3.536,0,0,0,0,0,0,0,0,0,0,0,0,0,1.0461,1.045,1.0221,0.99886,0.99427,0.99717,0.94151,0.95527,1.0114,1.0092,1.0039,0.99127,1.0058,1.002,0.99532,1.0076,1.016,1.017,1.0409,0.986,1.0147,1.0407,1.0353,1.0152,1.054,1.045,1.0257,1.0488,1.0505,1.0419,0.99082,0.97254,1.0374,0.98324,1.0371,1.0265,1.0477,1.0438,1.0261,-0.34423,0.2187,-0.32886,1.026,-1.1677,-1.289,0.8347,-0.80417,-0.61196,0.49723,1.4299,0.68858,-2.811,0.56005,0.92867,0.80219,3.0051,3.0768,-6.2101,-0.066222,-0.059948,2.8898,2.1513,2.0252,-1.6934,1.8604,0.98534,0.74717,-0.70913,-1.1099,0.64943,1.0845,0.95734,0.85984,0.075093,0.66128,-0.62141,0.56452,-1.0823,0.55147,1.2353,0.56247,0.53077,0.43726,0.84222,-0.58455,4.311,14.405,-10.625,-20.857,6.3139
1.2749,1.2783,1.2756,1.2741,1.2786,1.2762,1.2772,1.2741,1.2775,1.2763,49.412,49.47,49.425,49.437,49.469,49.485,49.441,49.428,49.396,49.563,49.536,49.533,49.538,49.479,49.425,49.432,49.428,49.419,49.48,49.44,49.463,49.53,49.526,49.43,49.486,49.496,49.444,49.533,49.575,49.532,49.599,49.835,49.559,49.516,49.61,49.655,49.591,49.684,49.381,1.4162,0,6.868,0,-0.44849,0,0,0,0,0,1.4162,0,6.8679,0,-0.44849,0,0,0,0,0,0,0,0,0,0,0,0,0,0,0,0,0,0,0,0,0,0,0,0,0,0,0,0,0,1.4255,-3.536,0,0,0,0,0,0,0,0,0,0,0,0,0,1.0461,1.045,1.0221,0.99886,0.99427,0.99717,0.94151,0.95527,1.0114,1.0092,1.0039,0.99127,1.0058,1.002,0.99532,1.0076,1.016,1.017,1.0409,0.986,1.0147,1.0407,1.0353,1.0152,1.054,1.045,1.0257,1.0488,1.0505,1.0419,0.99082,0.97254,1.0374,0.98324,1.0371,1.0265,1.0477,1.0438,1.0261,-0.34422,0.21869,-0.32886,1.026,-1.1677,-1.289,0.83469,-0.80416,-0.61196,0.49722,1.4299,0.68857,-2.811,0.56005,0.92867,0.80219,3.0051,3.0768,-6.2101,-0.066221,-0.059947,2.8898,2.1513,2.0252,-1.6934,1.8604,0.98534,0.74717,-0.70913,-1.1099,0.64943,1.0845,0.95735,0.85984,0.075083,0.66128,-0.62141,0.56453,-1.0823,0.55148,1.2353,0.56247,0.53076,0.43726,0.84221,-0.58453,4.311,14.405,-10.625,-20.857,6.3139
1.2749,1.2783,1.2756,1.2741,1.2785,1.2762,1.2771,1.2741,1.2775,1.2763,49.54,49.598,49.552,49.565,49.597,49.613,49.569,49.555,49.524,49.691,49.664,49.661,49.665,49.607,49.553,49.56,49.556,49.546,49.607,49.568,49.59,49.658,49.654,49.558,49.614,49.624,49.571,49.661,49.703,49.66,49.727,49.962,49.687,49.643,49.738,49.782,49.718,49.812,49.508,1.4162,0,6.868,0,-0.44849,0,0,0,0,0,1.4162,0,6.8679,0,-0.44849,0,0,0,0,0,0,0,0,0,0,0,0,0,0,0,0,0,0,0,0,0,0,0,0,0,0,0,0,0,1.4255,-3.536,0,0,0,0,0,0,0,0,0,0,0,0,0,1.0461,1.045,1.0221,0.99886,0.99427,0.99717,0.94151,0.95527,1.0114,1.0092,1.0039,0.99127,1.0058,1.002,0.99532,1.0076,1.016,1.017,1.0409,0.986,1.0147,1.0407,1.0353,1.0152,1.054,1.045,1.0257,1.0488,1.0505,1.0419,0.99082,0.97254,1.0374,0.98324,1.0371,1.0265,1.0477,1.0438,1.0261,-0.34422,0.21869,-0.32887,1.0259,-1.1676,-1.289,0.83469,-0.80415,-0.61197,0.4972,1.4298,0.68854,-2.811,0.56004,0.92866,0.80219,3.0051,3.0767,-6.21,-0.066219,-0.059947,2.8898,2.1513,2.0252,-1.6934,1.8604,0.98534,0.74716,-0.70912,-1.1099,0.6494,1.0845,0.9574,0.85984,0.075067,0.66127,-0.6214,0.56456,-1.0823,0.55148,1.2353,0.56247,0.53076,0.43725,0.84221,-0.5845,4.311,14.405,-10.625,-20.857,6.3139
1.2749,1.2783,1.2756,1.2741,1.2785,1.2762,1.2771,1.2741,1.2775,1.2763,49.668,49.725,49.68,49.692,49.724,49.741,49.696,49.683,49.651,49.818,49.791,49.788,49.793,49.734,49.681,49.688,49.684,49.674,49.735,49.695,49.718,49.786,49.781,49.685,49.741,49.751,49.699,49.788,49.83,49.787,49.854,50.09,49.814,49.771,49.865,49.91,49.846,49.939,49.636,1.4162,0,6.868,0,-0.44849,0,0,0,0,0,1.4162,0,6.8679,0,-0.44849,0,0,0,0,0,0,0,0,0,0,0,0,0,0,0,0,0,0,0,0,0,0,0,0,0,0,0,0,0,1.4255,-3.536,0,0,0,0,0,0,0,0,0,0,0,0,0,1.0461,1.045,1.0221,0.99886,0.99427,0.99717,0.94151,0.95527,1.0114,1.0092,1.0039,0.99127,1.0058,1.002,0.99532,1.0076,1.016,1.017,1.0409,0.986,1.0147,1.0407,1.0353,1.0152,1.054,1.045,1.0257,1.0488,1.0505,1.0419,0.99082,0.97254,1.0374,0.98324,1.0371,1.0265,1.0477,1.0438,1.0261,-0.34422,0.21868,-0.32887,1.0259,-1.1676,-1.289,0.83468,-0.80413,-0.61198,0.49718,1.4297,0.68849,-2.8111,0.56003,0.92866,0.8022,3.0051,3.0767,-6.21,-0.066215,-0.059948,2.8898,2.1513,2.0252,-1.6933,1.8604,0.98534,0.74716,-0.70911,-1.1099,0.64933,1.0846,0.95747,0.85983,0.075044,0.66126,-0.6214,0.56461,-1.0823,0.55146,1.2353,0.56247,0.53076,0.43725,0.8422,-0.58445,4.311,14.405,-10.625,-20.857,6.3139
1.2749,1.2783,1.2756,1.2742,1.2785,1.2762,1.2771,1.2742,1.2775,1.2763,49.795,49.853,49.808,49.82,49.852,49.868,49.824,49.811,49.779,49.946,49.919,49.916,49.92,49.862,49.808,49.815,49.811,49.802,49.863,49.823,49.845,49.913,49.909,49.813,49.869,49.879,49.827,49.916,49.958,49.915,49.982,50.218,49.942,49.898,49.993,50.038,49.974,50.067,49.763,1.4162,0,6.868,0,-0.44849,0,0,0,0,0,1.4162,0,6.8679,0,-0.44849,0,0,0,0,0,0,0,0,0,0,0,0,0,0,0,0,0,0,0,0,0,0,0,0,0,0,0,0,0,1.4255,-3.536,0,0,0,0,0,0,0,0,0,0,0,0,0,1.0461,1.045,1.0221,0.99886,0.99427,0.99717,0.94151,0.95527,1.0114,1.0092,1.0039,0.99127,1.0058,1.002,0.99532,1.0076,1.016,1.017,1.0409,0.986,1.0147,1.0407,1.0353,1.0152,1.054,1.045,1.0257,1.0488,1.0505,1.0419,0.99082,0.97254,1.0374,0.98324,1.0371,1.0265,1.0477,1.0438,1.0261,-0.34422,0.21868,-0.32887,1.0258,-1.1675,-1.289,0.83467,-0.80409,-0.61199,0.49714,1.4296,0.68843,-2.8111,0.56001,0.92865,0.8022,3.0052,3.0767,-6.21,-0.06621,-0.059948,2.8898,2.1513,2.0252,-1.6933,1.8603,0.98534,0.74715,-0.70909,-1.1099,0.64923,1.0847,0.95758,0.85983,0.075014,0.66124,-0.62139,0.56468,-1.0822,0.55142,1.2353,0.56248,0.53077,0.43725,0.8422,-0.5844,4.311,14.405,-10.625,-20.857,6.3139
1.275,1.2782,1.2756,1.2742,1.2784,1.2762,1.2771,1.2742,1.2774,1.2763,49.923,49.981,49.935,49.948,49.979,49.996,49.952,49.938,49.907,50.074,50.047,50.043,50.048,49.989,49.936,49.943,49.939,49.929,49.99,49.95,49.973,50.041,50.037,49.941,49.996,50.006,49.954,50.043,50.085,50.043,50.11,50.345,50.07,50.026,50.12,50.165,50.101,50.195,49.891,1.4162,0,6.868,0,-0.44849,0,0,0,0,0,1.4162,0,6.8679,0,-0.44849,0,0,0,0,0,0,0,0,0,0,0,0,0,0,0,0,0,0,0,0,0,0,0,0,0,0,0,0,0,1.4255,-3.536,0,0,0,0,0,0,0,0,0,0,0,0,0,1.0461,1.045,1.0221,0.99886,0.99427,0.99717,0.94151,0.95527,1.0114,1.0092,1.0039,0.99127,1.0058,1.002,0.99532,1.0076,1.016,1.017,1.0409,0.986,1.0147,1.0407,1.0353,1.0152,1.054,1.045,1.0257,1.0488,1.0505,1.0419,0.99082,0.97254,1.0374,0.98324,1.0371,1.0265,1.0477,1.0438,1.0261,-0.34422,0.21867,-0.32886,1.0256,-1.1673,-1.289,0.83466,-0.80404,-0.612,0.4971,1.4295,0.68835,-2.8112,0.55998,0.92864,0.8022,3.0052,3.0767,-6.2099,-0.066204,-0.059949,2.8898,2.1512,2.0252,-1.6933,1.8603,0.98535,0.74715,-0.70907,-1.1099,0.64909,1.0848,0.95771,0.85982,0.074978,0.66122,-0.62138,0.56476,-1.0822,0.55138,1.2353,0.56249,0.53078,0.43725,0.8422,-0.58433,4.311,14.405,-10.625,-20.857,6.3139
1.275,1.2782,1.2756,1.2743,1.2783,1.2762,1.2771,1.2743,1.2774,1.2763,50.051,50.108,50.063,50.075,50.107,50.123,50.079,50.066,50.034,50.201,50.174,50.171,50.176,50.117,50.063,50.07,50.067,50.057,50.118,50.078,50.101,50.168,50.164,50.068,50.124,50.134,50.082,50.171,50.213,50.17,50.237,50.473,50.197,50.154,50.248,50.293,50.229,50.322,50.019,1.4162,0,6.868,0,-0.44849,0,0,0,0,0,1.4162,0,6.8679,0,-0.44849,0,0,0,0,0,0,0,0,0,0,0,0,0,0,0,0,0,0,0,0,0,0,0,0,0,0,0,0,0,1.4255,-3.536,0,0,0,0,0,0,0,0,0,0,0,0,0,1.0461,1.045,1.0221,0.99886,0.99427,0.99717,0.94151,0.95527,1.0114,1.0092,1.0039,0.99127,1.0058,1.002,0.99532,1.0076,1.016,1.017,1.0409,0.986,1.0147,1.0407,1.0353,1.0152,1.054,1.045,1.0257,1.0488,1.0505,1.0419,0.99082,0.97254,1.0374,0.98324,1.0371,1.0265,1.0477,1.0438,1.0261,-0.34423,0.21867,-0.32885,1.0255,-1.1672,-1.289,0.83465,-0.80399,-0.61202,0.49705,1.4293,0.68825,-2.8113,0.55996,0.92863,0.8022,3.0052,3.0766,-6.2098,-0.066196,-0.05995,2.8898,2.1512,2.0252,-1.6932,1.8602,0.98535,0.74714,-0.70905,-1.1099,0.64892,1.0849,0.95788,0.85981,0.074935,0.66119,-0.62137,0.56486,-1.0822,0.55132,1.2353,0.56251,0.53079,0.43724,0.84221,-0.58425,4.311,14.405,-10.625,-20.857,6.3139
1.275,1.2781,1.2756,1.2744,1.2783,1.2762,1.277,1.2744,1.2774,1.2763,50.178,50.236,50.19,50.203,50.235,50.251,50.207,50.193,50.162,50.329,50.302,50.299,50.303,50.245,50.191,50.198,50.194,50.184,50.246,50.206,50.228,50.296,50.292,50.196,50.252,50.262,50.209,50.299,50.341,50.298,50.365,50.601,50.325,50.281,50.376,50.42,50.356,50.45,50.146,1.4162,0,6.868,0,-0.44849,0,0,0,0,0,1.4162,0,6.8679,0,-0.44849,0,0,0,0,0,0,0,0,0,0,0,0,0,0,0,0,0,0,0,0,0,0,0,0,0,0,0,0,0,1.4255,-3.536,0,0,0,0,0,0,0,0,0,0,0,0,0,1.0461,1.045,1.0221,0.99886,0.99427,0.99717,0.94151,0.95527,1.0114,1.0092,1.0039,0.99127,1.0058,1.002,0.99532,1.0076,1.016,1.017,1.0409,0.986,1.0147,1.0407,1.0353,1.0152,1.054,1.045,1.0257,1.0488,1.0505,1.0419,0.99082,0.97254,1.0374,0.98324,1.0371,1.0265,1.0477,1.0438,1.0261,-0.34424,0.21867,-0.32884,1.0253,-1.167,-1.289,0.83464,-0.80392,-0.61204,0.49698,1.4291,0.68814,-2.8114,0.55992,0.92862,0.80221,3.0053,3.0765,-6.2098,-0.066186,-0.059951,2.8897,2.1512,2.0251,-1.6932,1.8601,0.98535,0.74713,-0.70903,-1.1099,0.64872,1.0851,0.95808,0.8598,0.074885,0.66116,-0.62135,0.56499,-1.0821,0.55124,1.2353,0.56253,0.5308,0.43724,0.84222,-0.58416,4.311,14.405,-10.625,-20.857,6.3139
1.2751,1.278,1.2756,1.2745,1.2782,1.2762,1.277,1.2744,1.2773,1.2763,50.306,50.364,50.318,50.331,50.362,50.379,50.335,50.321,50.289,50.457,50.429,50.426,50.431,50.372,50.319,50.326,50.322,50.312,50.373,50.333,50.356,50.424,50.42,50.323,50.379,50.389,50.337,50.426,50.468,50.426,50.493,50.728,50.452,50.409,50.503,50.548,50.484,50.577,50.274,1.4162,0,6.868,0,-0.44849,0,0,0,0,0,1.4162,0,6.8679,0,-0.44849,0,0,0,0,0,0,0,0,0,0,0,0,0,0,0,0,0,0,0,0,0,0,0,0,0,0,0,0,0,1.4255,-3.536,0,0,0,0,0,0,0,0,0,0,0,0,0,1.0461,1.045,1.0221,0.99886,0.99427,0.99717,0.94151,0.95527,1.0114,1.0092,1.0039,0.99127,1.0058,1.002,0.99532,1.0076,1.016,1.017,1.0409,0.986,1.0147,1.0407,1.0353,1.0152,1.054,1.045,1.0257,1.0488,1.0505,1.0419,0.99082,0.97254,1.0374,0.98324,1.0371,1.0265,1.0477,1.0438,1.0261,-0.34425,0.21866,-0.32882,1.0251,-1.1668,-1.289,0.83462,-0.80383,-0.61207,0.49691,1.4288,0.68801,-2.8116,0.55988,0.9286,0.80221,3.0053,3.0765,-6.2097,-0.066176,-0.059953,2.8897,2.1512,2.0251,-1.6931,1.8601,0.98536,0.74712,-0.70901,-1.1099,0.64848,1.0853,0.95832,0.8598,0.074829,0.66112,-0.62134,0.56513,-1.082,0.55116,1.2353,0.56255,0.53082,0.43724,0.84223,-0.58406,4.311,14.405,-10.625,-20.857,6.3139
1.2751,1.278,1.2757,1.2746,1.2781,1.2762,1.277,1.2745,1.2773,1.2763,50.433,50.491,50.446,50.458,50.49,50.506,50.462,50.449,50.417,50.584,50.557,50.554,50.559,50.5,50.446,50.453,50.449,50.44,50.501,50.461,50.484,50.551,50.547,50.451,50.507,50.517,50.465,50.554,50.596,50.553,50.62,50.856,50.58,50.537,50.631,50.676,50.612,50.705,50.402,1.4162,0,6.868,0,-0.44849,0,0,0,0,0,1.4162,0,6.8679,0,-0.44849,0,0,0,0,0,0,0,0,0,0,0,0,0,0,0,0,0,0,0,0,0,0,0,0,0,0,0,0,0,1.4255,-3.536,0,0,0,0,0,0,0,0,0,0,0,0,0,1.0461,1.045,1.0221,0.99886,0.99427,0.99717,0.94151,0.95527,1.0114,1.0092,1.0039,0.99127,1.0058,1.002,0.99532,1.0076,1.016,1.017,1.0409,0.986,1.0147,1.0407,1.0353,1.0152,1.054,1.045,1.0257,1.0488,1.0505,1.0419,0.99081,0.97254,1.0374,0.98324,1.0371,1.0265,1.0477,1.0438,1.0261,-0.34426,0.21866,-0.3288,1.0248,-1.1666,-1.2889,0.83461,-0.80374,-0.61209,0.49683,1.4286,0.68786,-2.8117,0.55984,0.92858,0.80222,3.0054,3.0764,-6.2096,-0.066163,-0.059954,2.8897,2.1511,2.0251,-1.6931,1.86,0.98536,0.74711,-0.70898,-1.1098,0.64821,1.0855,0.95858,0.85979,0.074765,0.66108,-0.62132,0.56529,-1.082,0.55106,1.2353,0.56258,0.53084,0.43724,0.84224,-0.58394,4.311,14.405,-10.625,-20.857,6.3139
1.2752,1.2779,1.2757,1.2747,1.278,1.2762,1.2769,1.2746,1.2772,1.2763,50.561,50.619,50.573,50.586,50.618,50.634,50.59,50.576,50.545,50.712,50.685,50.682,50.686,50.628,50.574,50.581,50.577,50.567,50.628,50.589,50.611,50.679,50.675,50.579,50.635,50.645,50.592,50.682,50.724,50.681,50.748,50.983,50.708,50.664,50.759,50.803,50.739,50.833,50.529,1.4162,0,6.868,0,-0.44849,0,0,0,0,0,1.4162,0,6.8679,0,-0.44849,0,0,0,0,0,0,0,0,0,0,0,0,0,0,0,0,0,0,0,0,0,0,0,0,0,0,0,0,0,1.4255,-3.536,0,0,0,0,0,0,0,0,0,0,0,0,0,1.0461,1.045,1.0221,0.99886,0.99427,0.99717,0.94151,0.95527,1.0114,1.0092,1.0039,0.99127,1.0058,1.002,0.99532,1.0076,1.016,1.017,1.0409,0.986,1.0147,1.0407,1.0353,1.0152,1.054,1.045,1.0257,1.0488,1.0505,1.0419,0.99081,0.97254,1.0374,0.98324,1.0371,1.0265,1.0477,1.0438,1.0261,-0.34427,0.21866,-0.32877,1.0246,-1.1663,-1.2889,0.83459,-0.80364,-0.61212,0.49674,1.4283,0.6877,-2.8119,0.55979,0.92856,0.80222,3.0055,3.0763,-6.2095,-0.06615,-0.059956,2.8896,2.1511,2.0251,-1.693,1.8599,0.98537,0.7471,-0.70895,-1.1098,0.64791,1.0857,0.95887,0.85977,0.074696,0.66103,-0.6213,0.56547,-1.0819,0.55094,1.2353,0.56261,0.53087,0.43724,0.84226,-0.58382,4.311,14.405,-10.625,-20.857,6.3139
1.2753,1.2778,1.2757,1.2748,1.2779,1.2762,1.2769,1.2748,1.2771,1.2763,50.689,50.746,50.701,50.713,50.745,50.762,50.717,50.704,50.672,50.839,50.812,50.809,50.814,50.755,50.702,50.709,50.705,50.695,50.756,50.716,50.739,50.807,50.802,50.706,50.762,50.772,50.72,50.809,50.851,50.808,50.875,51.111,50.835,50.792,50.886,50.931,50.867,50.96,50.657,1.4162,0,6.868,0,-0.44849,0,0,0,0,0,1.4162,0,6.8679,0,-0.44849,0,0,0,0,0,0,0,0,0,0,0,0,0,0,0,0,0,0,0,0,0,0,0,0,0,0,0,0,0,1.4255,-3.536,0,0,0,0,0,0,0,0,0,0,0,0,0,1.0461,1.045,1.0221,0.99886,0.99427,0.99717,0.94151,0.95527,1.0114,1.0092,1.0039,0.99127,1.0058,1.002,0.99532,1.0076,1.016,1.017,1.0409,0.986,1.0147,1.0407,1.0353,1.0152,1.054,1.045,1.0257,1.0488,1.0505,1.0419,0.99081,0.97254,1.0374,0.98324,1.0371,1.0265,1.0477,1.0438,1.0261,-0.34429,0.21865,-0.32874,1.0243,-1.1661,-1.2889,0.83458,-0.80352,-0.61215,0.49664,1.4279,0.68752,-2.8121,0.55973,0.92854,0.80222,3.0056,3.0762,-6.2094,-0.066134,-0.059958,2.8896,2.1511,2.025,-1.6929,1.8598,0.98538,0.74708,-0.70892,-1.1098,0.64757,1.086,0.9592,0.85976,0.074619,0.66098,-0.62128,0.56566,-1.0818,0.55081,1.2353,0.56265,0.53089,0.43724,0.84228,-0.58368,4.311,14.405,-10.625,-20.857,6.3139
1.2753,1.2777,1.2758,1.2749,1.2777,1.2762,1.2768,1.2749,1.2771,1.2763,50.816,50.874,50.829,50.841,50.873,50.889,50.845,50.832,50.8,50.967,50.94,50.937,50.941,50.883,50.829,50.836,50.832,50.823,50.884,50.844,50.866,50.934,50.93,50.834,50.89,50.9,50.848,50.937,50.979,50.936,51.003,51.239,50.963,50.919,51.014,51.059,50.995,51.088,50.784,1.4162,0,6.868,0,-0.44849,0,0,0,0,0,1.4162,0,6.8679,0,-0.44849,0,0,0,0,0,0,0,0,0,0,0,0,0,0,0,0,0,0,0,0,0,0,0,0,0,0,0,0,0,1.4255,-3.536,0,0,0,0,0,0,0,0,0,0,0,0,0,1.0461,1.045,1.0221,0.99886,0.99427,0.99717,0.94151,0.95527,1.0114,1.0092,1.0039,0.99127,1.0058,1.002,0.99532,1.0076,1.016,1.017,1.0409,0.986,1.0147,1.0407,1.0353,1.0152,1.054,1.045,1.0257,1.0488,1.0505,1.0419,0.99081,0.97254,1.0374,0.98324,1.0371,1.0265,1.0477,1.0438,1.0261,-0.3443,0.21865,-0.32871,1.024,-1.1658,-1.2889,0.83456,-0.80339,-0.61219,0.49653,1.4275,0.68732,-2.8123,0.55967,0.92851,0.80223,3.0057,3.0761,-6.2092,-0.066118,-0.059961,2.8896,2.151,2.025,-1.6929,1.8597,0.98539,0.74707,-0.70888,-1.1098,0.6472,1.0863,0.95956,0.85975,0.074536,0.66092,-0.62126,0.56588,-1.0817,0.55067,1.2353,0.56269,0.53092,0.43725,0.84231,-0.58353,4.311,14.405,-10.625,-20.857,6.3139
1.2754,1.2775,1.2758,1.275,1.2776,1.2762,1.2768,1.275,1.277,1.2763,50.944,51.002,50.956,50.969,51,51.017,50.973,50.959,50.928,51.095,51.068,51.064,51.069,51.01,50.957,50.964,50.96,50.95,51.011,50.971,50.994,51.062,51.058,50.962,51.017,51.027,50.975,51.064,51.106,51.064,51.131,51.366,51.091,51.047,51.141,51.186,51.122,51.216,50.912,1.4162,0,6.868,0,-0.44849,0,0,0,0,0,1.4162,0,6.8679,0,-0.44849,0,0,0,0,0,0,0,0,0,0,0,0,0,0,0,0,0,0,0,0,0,0,0,0,0,0,0,0,0,1.4255,-3.536,0,0,0,0,0,0,0,0,0,0,0,0,0,1.0461,1.045,1.0221,0.99886,0.99427,0.99717,0.94151,0.95527,1.0114,1.0092,1.0039,0.99127,1.0058,1.002,0.99532,1.0076,1.016,1.017,1.0409,0.986,1.0147,1.0407,1.0353,1.0152,1.054,1.045,1.0257,1.0488,1.0505,1.0419,0.99081,0.97254,1.0374,0.98324,1.0371,1.0265,1.0477,1.0438,1.0261,-0.34432,0.21865,-0.32867,1.0236,-1.1654,-1.2888,0.83454,-0.80326,-0.61223,0.49642,1.4271,0.6871,-2.8126,0.55961,0.92848,0.80223,3.0058,3.076,-6.2091,-0.0661,-0.059963,2.8895,2.151,2.025,-1.6928,1.8595,0.9854,0.74706,-0.70884,-1.1097,0.64679,1.0866,0.95995,0.85974,0.074446,0.66086,-0.62124,0.56612,-1.0816,0.55052,1.2353,0.56273,0.53096,0.43725,0.84234,-0.58337,4.311,14.405,-10.625,-20.857,6.3139
1.2755,1.2774,1.2758,1.2752,1.2774,1.2762,1.2767,1.2751,1.2769,1.2763,51.072,51.129,51.084,51.096,51.128,51.144,51.1,51.087,51.055,51.222,51.195,51.192,51.197,51.138,51.084,51.091,51.088,51.078,51.139,51.099,51.122,51.189,51.185,51.089,51.145,51.155,51.103,51.192,51.234,51.191,51.258,51.494,51.218,51.175,51.269,51.314,51.25,51.343,51.04,1.4162,0,6.868,0,-0.44849,0,0,0,0,0,1.4162,0,6.8679,0,-0.44849,0,0,0,0,0,0,0,0,0,0,0,0,0,0,0,0,0,0,0,0,0,0,0,0,0,0,0,0,0,1.4255,-3.536,0,0,0,0,0,0,0,0,0,0,0,0,0,1.0461,1.045,1.0221,0.99886,0.99427,0.99717,0.94151,0.95527,1.0114,1.0092,1.0039,0.99127,1.0058,1.002,0.99532,1.0076,1.016,1.017,1.0409,0.986,1.0147,1.0407,1.0353,1.0152,1.054,1.045,1.0257,1.0488,1.0505,1.0419,0.99081,0.97254,1.0374,0.98325,1.0371,1.0265,1.0477,1.0438,1.0261,-0.34434,0.21865,-0.32863,1.0232,-1.1651,-1.2888,0.83452,-0.80311,-0.61227,0.49629,1.4267,0.68687,-2.8128,0.55954,0.92846,0.80224,3.0059,3.0759,-6.209,-0.06608,-0.059966,2.8895,2.1509,2.0249,-1.6927,1.8594,0.98541,0.74704,-0.7088,-1.1097,0.64636,1.0869,0.96037,0.85972,0.074349,0.66079,-0.62121,0.56637,-1.0814,0.55035,1.2353,0.56277,0.53099,0.43725,0.84237,-0.58319,4.311,14.405,-10.625,-20.857,6.3139
1.2756,1.2773,1.2759,1.2753,1.2773,1.2762,1.2766,1.2753,1.2768,1.2763,51.199,51.257,51.211,51.224,51.256,51.272,51.228,51.214,51.183,51.35,51.323,51.32,51.324,51.266,51.212,51.219,51.215,51.205,51.267,51.227,51.249,51.317,51.313,51.217,51.273,51.283,51.231,51.32,51.362,51.319,51.386,51.622,51.346,51.302,51.397,51.441,51.378,51.471,51.167,1.4162,0,6.868,0,-0.44849,0,0,0,0,0,1.4162,0,6.8679,0,-0.44849,0,0,0,0,0,0,0,0,0,0,0,0,0,0,0,0,0,0,0,0,0,0,0,0,0,0,0,0,0,1.4255,-3.536,0,0,0,0,0,0,0,0,0,0,0,0,0,1.0461,1.045,1.0221,0.99886,0.99427,0.99717,0.94151,0.95527,1.0114,1.0092,1.0039,0.99127,1.0058,1.002,0.99532,1.0076,1.016,1.017,1.0409,0.986,1.0147,1.0407,1.0353,1.0152,1.054,1.045,1.0257,1.0488,1.0505,1.0419,0.99081,0.97254,1.0374,0.98325,1.0371,1.0265,1.0477,1.0438,1.0261,-0.34436,0.21864,-0.32859,1.0228,-1.1647,-1.2888,0.8345,-0.80295,-0.61231,0.49616,1.4262,0.68662,-2.8131,0.55946,0.92842,0.80225,3.006,3.0758,-6.2088,-0.06606,-0.059969,2.8894,2.1509,2.0249,-1.6926,1.8592,0.98542,0.74702,-0.70876,-1.1096,0.64588,1.0873,0.96082,0.85971,0.074245,0.66072,-0.62119,0.56664,-1.0813,0.55017,1.2353,0.56282,0.53103,0.43726,0.84241,-0.58301,4.311,14.405,-10.625,-20.857,6.3139
1.2757,1.2771,1.2759,1.2755,1.2771,1.2763,1.2766,1.2755,1.2767,1.2763,51.327,51.385,51.339,51.352,51.383,51.4,51.356,51.342,51.311,51.478,51.45,51.447,51.452,51.393,51.34,51.347,51.343,51.333,51.394,51.354,51.377,51.445,51.441,51.344,51.4,51.41,51.358,51.447,51.489,51.447,51.514,51.749,51.474,51.43,51.524,51.569,51.505,51.598,51.295,1.4162,0,6.868,0,-0.44849,0,0,0,0,0,1.4162,0,6.8679,0,-0.44849,0,0,0,0,0,0,0,0,0,0,0,0,0,0,0,0,0,0,0,0,0,0,0,0,0,0,0,0,0,1.4255,-3.536,0,0,0,0,0,0,0,0,0,0,0,0,0,1.0461,1.045,1.0221,0.99886,0.99427,0.99717,0.94151,0.95527,1.0114,1.0092,1.0039,0.99127,1.0058,1.002,0.99532,1.0076,1.016,1.017,1.0409,0.986,1.0147,1.0407,1.0353,1.0152,1.054,1.045,1.0257,1.0488,1.0505,1.0419,0.99081,0.97254,1.0374,0.98325,1.0371,1.0265,1.0477,1.0438,1.0261,-0.34439,0.21864,-0.32854,1.0224,-1.1643,-1.2887,0.83448,-0.80277,-0.61236,0.49601,1.4257,0.68636,-2.8134,0.55938,0.92839,0.80225,3.0062,3.0757,-6.2086,-0.066037,-0.059973,2.8893,2.1508,2.0248,-1.6925,1.8591,0.98543,0.74701,-0.70871,-1.1096,0.64538,1.0877,0.96131,0.85969,0.074135,0.66064,-0.62116,0.56693,-1.0812,0.54997,1.2353,0.56288,0.53107,0.43726,0.84244,-0.58281,4.311,14.405,-10.625,-20.857,6.3139
1.2758,1.277,1.276,1.2757,1.2769,1.2763,1.2765,1.2756,1.2767,1.2763,51.454,51.512,51.467,51.479,51.511,51.527,51.483,51.47,51.438,51.605,51.578,51.575,51.58,51.521,51.467,51.474,51.47,51.461,51.522,51.482,51.505,51.572,51.568,51.472,51.528,51.538,51.486,51.575,51.617,51.574,51.641,51.877,51.601,51.558,51.652,51.697,51.633,51.726,51.423,1.4162,0,6.868,0,-0.44849,0,0,0,0,0,1.4162,0,6.8679,0,-0.44849,0,0,0,0,0,0,0,0,0,0,0,0,0,0,0,0,0,0,0,0,0,0,0,0,0,0,0,0,0,1.4255,-3.536,0,0,0,0,0,0,0,0,0,0,0,0,0,1.0461,1.045,1.0221,0.99886,0.99427,0.99717,0.94151,0.95527,1.0114,1.0092,1.0039,0.99127,1.0058,1.002,0.99532,1.0076,1.016,1.017,1.0409,0.986,1.0147,1.0407,1.0353,1.0152,1.054,1.045,1.0257,1.0488,1.0505,1.0419,0.99081,0.97254,1.0374,0.98325,1.0371,1.0265,1.0477,1.0438,1.0261,-0.34441,0.21864,-0.32849,1.0219,-1.1639,-1.2887,0.83445,-0.80259,-0.61241,0.49586,1.4252,0.68608,-2.8137,0.5593,0.92835,0.80226,3.0063,3.0755,-6.2085,-0.066014,-0.059976,2.8893,2.1507,2.0248,-1.6924,1.8589,0.98544,0.74699,-0.70866,-1.1096,0.64484,1.0881,0.96182,0.85967,0.074018,0.66056,-0.62113,0.56724,-1.081,0.54976,1.2353,0.56293,0.53112,0.43727,0.84249,-0.5826,4.311,14.405,-10.625,-20.857,6.3139
1.2759,1.2768,1.276,1.2758,1.2767,1.2763,1.2764,1.2758,1.2766,1.2763,51.582,51.64,51.594,51.607,51.639,51.655,51.611,51.597,51.566,51.733,51.706,51.703,51.707,51.649,51.595,51.602,51.598,51.588,51.649,51.61,51.632,51.7,51.696,51.6,51.656,51.666,51.613,51.703,51.745,51.702,51.769,52.004,51.729,51.685,51.78,51.824,51.76,51.854,51.55,1.4162,0,6.868,0,-0.44849,0,0,0,0,0,1.4162,0,6.8679,0,-0.44849,0,0,0,0,0,0,0,0,0,0,0,0,0,0,0,0,0,0,0,0,0,0,0,0,0,0,0,0,0,1.4255,-3.536,0,0,0,0,0,0,0,0,0,0,0,0,0,1.0461,1.045,1.0221,0.99886,0.99427,0.99717,0.94151,0.95527,1.0114,1.0092,1.0039,0.99127,1.0058,1.002,0.99532,1.0076,1.016,1.017,1.0409,0.986,1.0147,1.0407,1.0353,1.0152,1.054,1.045,1.0257,1.0488,1.0505,1.0419,0.99081,0.97254,1.0374,0.98325,1.0371,1.0265,1.0477,1.0438,1.0261,-0.34444,0.21864,-0.32843,1.0214,-1.1635,-1.2886,0.83443,-0.80239,-0.61246,0.49569,1.4246,0.68578,-2.814,0.55921,0.92831,0.80226,3.0064,3.0754,-6.2083,-0.065988,-0.05998,2.8892,2.1507,2.0247,-1.6923,1.8587,0.98546,0.74697,-0.70861,-1.1095,0.64427,1.0885,0.96237,0.85966,0.073895,0.66047,-0.6211,0.56757,-1.0809,0.54954,1.2353,0.563,0.53116,0.43727,0.84253,-0.58238,4.311,14.405,-10.625,-20.857,6.3139
1.276,1.2766,1.2761,1.276,1.2765,1.2763,1.2764,1.276,1.2764,1.2763,51.71,51.767,51.722,51.734,51.766,51.783,51.738,51.725,51.693,51.86,51.833,51.83,51.835,51.776,51.723,51.73,51.726,51.716,51.777,51.737,51.76,51.828,51.823,51.727,51.783,51.793,51.741,51.83,51.872,51.829,51.896,52.132,51.856,51.813,51.907,51.952,51.888,51.981,51.678,1.4162,0,6.868,0,-0.44849,0,0,0,0,0,1.4162,0,6.8679,0,-0.44849,0,0,0,0,0,0,0,0,0,0,0,0,0,0,0,0,0,0,0,0,0,0,0,0,0,0,0,0,0,1.4255,-3.536,0,0,0,0,0,0,0,0,0,0,0,0,0,1.0461,1.045,1.0221,0.99886,0.99427,0.99717,0.94151,0.95527,1.0114,1.0092,1.0039,0.99127,1.0058,1.002,0.99532,1.0076,1.016,1.017,1.0409,0.986,1.0147,1.0407,1.0353,1.0152,1.054,1.045,1.0257,1.0488,1.0505,1.0419,0.99081,0.97254,1.0374,0.98325,1.0371,1.0265,1.0477,1.0438,1.0261,-0.34447,0.21864,-0.32837,1.0209,-1.163,-1.2886,0.8344,-0.80219,-0.61252,0.49552,1.424,0.68546,-2.8144,0.55911,0.92827,0.80227,3.0066,3.0752,-6.2081,-0.065962,-0.059984,2.8891,2.1506,2.0247,-1.6922,1.8585,0.98547,0.74695,-0.70856,-1.1095,0.64366,1.089,0.96295,0.85964,0.073764,0.66038,-0.62107,0.56792,-1.0807,0.54931,1.2353,0.56306,0.53122,0.43728,0.84258,-0.58214,4.311,14.405,-10.625,-20.857,6.3139
1.2761,1.2765,1.2762,1.2762,1.2763,1.2763,1.2763,1.2762,1.2763,1.2763,51.837,51.895,51.85,51.862,51.894,51.91,51.866,51.853,51.821,51.988,51.961,51.958,51.962,51.904,51.85,51.857,51.853,51.844,51.905,51.865,51.887,51.955,51.951,51.855,51.911,51.921,51.869,51.958,52,51.957,52.024,52.26,51.984,51.94,52.035,52.08,52.016,52.109,51.805,1.4162,0,6.868,0,-0.44849,0,0,0,0,0,1.4162,0,6.8679,0,-0.44849,0,0,0,0,0,0,0,0,0,0,0,0,0,0,0,0,0,0,0,0,0,0,0,0,0,0,0,0,0,1.4255,-3.536,0,0,0,0,0,0,0,0,0,0,0,0,0,1.0461,1.045,1.0221,0.99886,0.99427,0.99717,0.94151,0.95527,1.0114,1.0092,1.0039,0.99127,1.0058,1.002,0.99532,1.0076,1.016,1.017,1.0409,0.986,1.0147,1.0407,1.0353,1.0152,1.054,1.045,1.0257,1.0488,1.0505,1.0419,0.99081,0.97254,1.0374,0.98325,1.0371,1.0265,1.0477,1.0438,1.0261,-0.3445,0.21864,-0.3283,1.0204,-1.1625,-1.2885,0.83438,-0.80197,-0.61258,0.49534,1.4234,0.68513,-2.8148,0.55901,0.92823,0.80228,3.0068,3.075,-6.2079,-0.065934,-0.059988,2.8891,2.1505,2.0246,-1.692,1.8583,0.98549,0.74693,-0.7085,-1.1094,0.64302,1.0895,0.96356,0.85962,0.073627,0.66028,-0.62103,0.56829,-1.0805,0.54906,1.2353,0.56313,0.53127,0.43729,0.84263,-0.5819,4.311,14.405,-10.625,-20.857,6.3139
1.2762,1.2763,1.2762,1.2764,1.2761,1.2763,1.2762,1.2764,1.2762,1.2763,51.965,52.023,51.977,51.99,52.021,52.038,51.994,51.98,51.949,52.116,52.089,52.085,52.09,52.031,51.978,51.985,51.981,51.971,52.032,51.993,52.015,52.083,52.079,51.983,52.038,52.048,51.996,52.085,52.127,52.085,52.152,52.387,52.112,52.068,52.163,52.207,52.143,52.237,51.933,1.4162,0,6.868,0,-0.44849,0,0,0,0,0,1.4162,0,6.8679,0,-0.44849,0,0,0,0,0,0,0,0,0,0,0,0,0,0,0,0,0,0,0,0,0,0,0,0,0,0,0,0,0,1.4255,-3.536,0,0,0,0,0,0,0,0,0,0,0,0,0,1.0461,1.045,1.0221,0.99886,0.99427,0.99717,0.94151,0.95527,1.0114,1.0092,1.0039,0.99127,1.0058,1.002,0.99532,1.0076,1.016,1.017,1.0409,0.986,1.0147,1.0407,1.0353,1.0152,1.054,1.045,1.0257,1.0488,1.0505,1.0419,0.99081,0.97254,1.0374,0.98325,1.0371,1.0265,1.0477,1.0438,1.0261,-0.34454,0.21863,-0.32824,1.0198,-1.162,-1.2885,0.83435,-0.80174,-0.61264,0.49515,1.4228,0.68478,-2.8152,0.5589,0.92818,0.80229,3.0069,3.0749,-6.2077,-0.065904,-0.059993,2.889,2.1504,2.0245,-1.6919,1.8581,0.98551,0.7469,-0.70844,-1.1094,0.64235,1.09,0.9642,0.8596,0.073484,0.66018,-0.621,0.56867,-1.0803,0.54879,1.2353,0.5632,0.53133,0.4373,0.84268,-0.58164,4.311,14.405,-10.625,-20.857,6.3139
1.2763,1.2761,1.2763,1.2767,1.2759,1.2763,1.2761,1.2766,1.2761,1.2763,52.093,52.15,52.105,52.117,52.149,52.165,52.121,52.108,52.076,52.243,52.216,52.213,52.218,52.159,52.105,52.112,52.109,52.099,52.16,52.12,52.143,52.211,52.206,52.11,52.166,52.176,52.124,52.213,52.255,52.212,52.279,52.515,52.239,52.196,52.29,52.335,52.271,52.364,52.061,1.4162,0,6.868,0,-0.44849,0,0,0,0,0,1.4162,0,6.8679,0,-0.44849,0,0,0,0,0,0,0,0,0,0,0,0,0,0,0,0,0,0,0,0,0,0,0,0,0,0,0,0,0,1.4255,-3.536,0,0,0,0,0,0,0,0,0,0,0,0,0,1.0461,1.045,1.0221,0.99886,0.99427,0.99717,0.94151,0.95527,1.0114,1.0092,1.0039,0.99127,1.0058,1.002,0.99532,1.0076,1.016,1.017,1.0409,0.986,1.0147,1.0407,1.0353,1.0152,1.054,1.045,1.0257,1.0488,1.0505,1.0419,0.99081,0.97254,1.0374,0.98325,1.0371,1.0265,1.0477,1.0438,1.0261,-0.34457,0.21863,-0.32817,1.0192,-1.1615,-1.2884,0.83432,-0.80151,-0.6127,0.49496,1.4221,0.68443,-2.8155,0.5588,0.92814,0.80229,3.0071,3.0747,-6.2074,-0.065875,-0.059998,2.8889,2.1504,2.0245,-1.6918,1.8579,0.98552,0.74688,-0.70839,-1.1093,0.64168,1.0905,0.96484,0.85958,0.073342,0.66008,-0.62096,0.56906,-1.0801,0.54853,1.2353,0.56327,0.53138,0.43731,0.84274,-0.58139,4.311,14.405,-10.625,-20.857,6.3139
1.2764,1.2759,1.2763,1.2769,1.2757,1.2763,1.276,1.2768,1.276,1.2763,52.22,52.278,52.232,52.245,52.277,52.293,52.249,52.235,52.204,52.371,52.344,52.341,52.345,52.287,52.233,52.24,52.236,52.226,52.288,52.248,52.27,52.338,52.334,52.238,52.294,52.304,52.252,52.341,52.383,52.34,52.407,52.642,52.367,52.323,52.418,52.462,52.399,52.492,52.188,1.4162,0,6.868,0,-0.44849,0,0,0,0,0,1.4162,0,6.8679,0,-0.44849,0,0,0,0,0,0,0,0,0,0,0,0,0,0,0,0,0,0,0,0,0,0,0,0,0,0,0,0,0,1.4255,-3.536,0,0,0,0,0,0,0,0,0,0,0,0,0,1.0461,1.045,1.0221,0.99886,0.99427,0.99717,0.94151,0.95527,1.0114,1.0092,1.0039,0.99127,1.0058,1.002,0.99532,1.0076,1.016,1.017,1.0409,0.986,1.0147,1.0407,1.0353,1.0152,1.054,1.045,1.0257,1.0488,1.0505,1.0419,0.99081,0.97254,1.0374,0.98325,1.0371,1.0265,1.0477,1.0438,1.0261,-0.3446,0.21863,-0.3281,1.0187,-1.161,-1.2884,0.8343,-0.8013,-0.61276,0.49478,1.4215,0.6841,-2.8159,0.5587,0.92809,0.8023,3.0073,3.0745,-6.2072,-0.065847,-0.060002,2.8888,2.1503,2.0244,-1.6916,1.8577,0.98554,0.74686,-0.70833,-1.1092,0.64104,1.091,0.96544,0.85956,0.073207,0.65999,-0.62093,0.56942,-1.0799,0.54828,1.2352,0.56334,0.53144,0.43731,0.84279,-0.58114,4.311,14.405,-10.625,-20.857,6.3139
1.2766,1.2757,1.2764,1.277,1.2755,1.2763,1.276,1.277,1.2759,1.2763,52.348,52.406,52.36,52.373,52.404,52.421,52.377,52.363,52.332,52.499,52.471,52.468,52.473,52.414,52.361,52.368,52.364,52.354,52.415,52.375,52.398,52.466,52.462,52.366,52.421,52.431,52.379,52.468,52.51,52.467,52.535,52.77,52.495,52.451,52.545,52.59,52.526,52.619,52.316,1.4162,0,6.868,0,-0.44849,0,0,0,0,0,1.4162,0,6.8679,0,-0.44849,0,0,0,0,0,0,0,0,0,0,0,0,0,0,0,0,0,0,0,0,0,0,0,0,0,0,0,0,0,1.4255,-3.536,0,0,0,0,0,0,0,0,0,0,0,0,0,1.0461,1.045,1.0221,0.99886,0.99427,0.99717,0.94151,0.95527,1.0114,1.0092,1.0039,0.99127,1.0058,1.002,0.99532,1.0076,1.016,1.017,1.0409,0.986,1.0147,1.0407,1.0353,1.0152,1.054,1.045,1.0257,1.0488,1.0505,1.0419,0.9908,0.97254,1.0374,0.98325,1.0371,1.0265,1.0477,1.0438,1.0261,-0.34463,0.21863,-0.32804,1.0182,-1.1606,-1.2883,0.83427,-0.80109,-0.61281,0.49461,1.4209,0.68379,-2.8163,0.5586,0.92805,0.80231,3.0074,3.0744,-6.2071,-0.065821,-0.060006,2.8888,2.1502,2.0244,-1.6915,1.8575,0.98555,0.74684,-0.70828,-1.1092,0.64044,1.0915,0.96602,0.85954,0.073079,0.65989,-0.6209,0.56976,-1.0798,0.54805,1.2352,0.56341,0.53149,0.43732,0.84284,-0.58091,4.311,14.405,-10.625,-20.857,6.3139
1.2767,1.2756,1.2764,1.2772,1.2753,1.2764,1.2759,1.2772,1.2758,1.2763,52.475,52.533,52.488,52.5,52.532,52.548,52.504,52.491,52.459,52.626,52.599,52.596,52.601,52.542,52.488,52.495,52.491,52.482,52.543,52.503,52.526,52.593,52.589,52.493,52.549,52.559,52.507,52.596,52.638,52.595,52.662,52.898,52.622,52.578,52.673,52.718,52.654,52.747,52.444,1.4162,0,6.868,0,-0.44849,0,0,0,0,0,1.4162,0,6.8679,0,-0.44849,0,0,0,0,0,0,0,0,0,0,0,0,0,0,0,0,0,0,0,0,0,0,0,0,0,0,0,0,0,1.4255,-3.536,0,0,0,0,0,0,0,0,0,0,0,0,0,1.0461,1.045,1.0221,0.99886,0.99427,0.99717,0.94151,0.95527,1.0114,1.0092,1.0039,0.99127,1.0058,1.002,0.99532,1.0076,1.016,1.017,1.0409,0.986,1.0147,1.0407,1.0353,1.0152,1.054,1.045,1.0257,1.0488,1.0505,1.0419,0.9908,0.97254,1.0374,0.98325,1.0371,1.0265,1.0477,1.0438,1.0261,-0.34466,0.21863,-0.32798,1.0177,-1.1601,-1.2883,0.83425,-0.80089,-0.61287,0.49445,1.4203,0.68349,-2.8166,0.55851,0.92801,0.80231,3.0076,3.0742,-6.2069,-0.065796,-0.06001,2.8887,2.1502,2.0243,-1.6914,1.8574,0.98557,0.74682,-0.70823,-1.1092,0.63986,1.092,0.96656,0.85952,0.072959,0.65981,-0.62087,0.57009,-1.0796,0.54782,1.2352,0.56347,0.53154,0.43733,0.84289,-0.5807,4.311,14.405,-10.625,-20.857,6.3139
1.2768,1.2754,1.2765,1.2774,1.2751,1.2764,1.2758,1.2773,1.2757,1.2763,52.603,52.661,52.615,52.628,52.66,52.676,52.632,52.618,52.587,52.754,52.727,52.724,52.728,52.67,52.616,52.623,52.619,52.609,52.671,52.631,52.653,52.721,52.717,52.621,52.677,52.687,52.634,52.724,52.766,52.723,52.79,53.025,52.75,52.706,52.801,52.845,52.782,52.875,52.571,1.4162,0,6.868,0,-0.44849,0,0,0,0,0,1.4162,0,6.8679,0,-0.44849,0,0,0,0,0,0,0,0,0,0,0,0,0,0,0,0,0,0,0,0,0,0,0,0,0,0,0,0,0,1.4255,-3.536,0,0,0,0,0,0,0,0,0,0,0,0,0,1.0461,1.045,1.0221,0.99886,0.99427,0.99717,0.94151,0.95527,1.0114,1.0092,1.0039,0.99127,1.0058,1.002,0.99532,1.0076,1.016,1.017,1.0409,0.986,1.0147,1.0407,1.0353,1.0152,1.054,1.045,1.0257,1.0488,1.0505,1.0419,0.9908,0.97254,1.0374,0.98325,1.0371,1.0265,1.0477,1.0438,1.0261,-0.34469,0.21863,-0.32792,1.0173,-1.1597,-1.2882,0.83423,-0.80071,-0.61292,0.4943,1.4198,0.68321,-2.8169,0.55843,0.92798,0.80232,3.0077,3.0741,-6.2067,-0.065772,-0.060014,2.8886,2.1501,2.0243,-1.6913,1.8572,0.98558,0.7468,-0.70818,-1.1091,0.63932,1.0924,0.96708,0.85951,0.072845,0.65973,-0.62084,0.5704,-1.0794,0.54761,1.2352,0.56353,0.53158,0.43734,0.84294,-0.5805,4.311,14.405,-10.625,-20.857,6.3139
1.2769,1.2753,1.2765,1.2775,1.275,1.2764,1.2758,1.2775,1.2756,1.2763,52.731,52.788,52.743,52.756,52.787,52.804,52.759,52.746,52.714,52.881,52.854,52.851,52.856,52.797,52.744,52.751,52.747,52.737,52.798,52.758,52.781,52.849,52.845,52.748,52.804,52.814,52.762,52.851,52.893,52.85,52.917,53.153,52.878,52.834,52.928,52.973,52.909,53.002,52.699,1.4162,0,6.868,0,-0.44849,0,0,0,0,0,1.4162,0,6.8679,0,-0.44849,0,0,0,0,0,0,0,0,0,0,0,0,0,0,0,0,0,0,0,0,0,0,0,0,0,0,0,0,0,1.4255,-3.536,0,0,0,0,0,0,0,0,0,0,0,0,0,1.0461,1.045,1.0221,0.99886,0.99427,0.99717,0.94151,0.95527,1.0114,1.0092,1.0039,0.99127,1.0058,1.002,0.99532,1.0076,1.016,1.017,1.0409,0.986,1.0147,1.0407,1.0353,1.0152,1.054,1.045,1.0257,1.0488,1.0505,1.0419,0.9908,0.97254,1.0374,0.98325,1.0371,1.0265,1.0477,1.0438,1.0261,-0.34472,0.21864,-0.32787,1.0168,-1.1594,-1.2882,0.83421,-0.80054,-0.61296,0.49416,1.4193,0.68295,-2.8172,0.55835,0.92794,0.80232,3.0079,3.0739,-6.2065,-0.06575,-0.060017,2.8886,2.15,2.0242,-1.6912,1.857,0.9856,0.74679,-0.70814,-1.1091,0.63881,1.0928,0.96756,0.85949,0.072739,0.65965,-0.62081,0.57069,-1.0793,0.5474,1.2352,0.56359,0.53163,0.43735,0.84298,-0.58031,4.311,14.405,-10.625,-20.857,6.3139
1.2769,1.2751,1.2766,1.2777,1.2748,1.2764,1.2757,1.2776,1.2755,1.2763,52.858,52.916,52.871,52.883,52.915,52.931,52.887,52.874,52.842,53.009,52.982,52.979,52.983,52.925,52.871,52.878,52.874,52.865,52.926,52.886,52.909,52.976,52.972,52.876,52.932,52.942,52.89,52.979,53.021,52.978,53.045,53.281,53.005,52.961,53.056,53.101,53.037,53.13,52.826,1.4162,0,6.868,0,-0.44849,0,0,0,0,0,1.4162,0,6.8679,0,-0.44849,0,0,0,0,0,0,0,0,0,0,0,0,0,0,0,0,0,0,0,0,0,0,0,0,0,0,0,0,0,1.4255,-3.536,0,0,0,0,0,0,0,0,0,0,0,0,0,1.0461,1.045,1.0221,0.99886,0.99427,0.99717,0.94151,0.95527,1.0114,1.0092,1.0039,0.99127,1.0058,1.002,0.99532,1.0076,1.016,1.017,1.0409,0.986,1.0147,1.0407,1.0353,1.0152,1.054,1.045,1.0257,1.0488,1.0505,1.0419,0.9908,0.97254,1.0374,0.98325,1.0371,1.0265,1.0477,1.0438,1.0261,-0.34474,0.21864,-0.32782,1.0164,-1.159,-1.2882,0.83419,-0.80037,-0.613,0.49402,1.4188,0.6827,-2.8175,0.55827,0.92791,0.80233,3.008,3.0738,-6.2064,-0.065729,-0.06002,2.8885,2.15,2.0242,-1.6911,1.8569,0.98561,0.74677,-0.7081,-1.109,0.63833,1.0931,0.96802,0.85948,0.07264,0.65958,-0.62079,0.57096,-1.0792,0.54721,1.2352,0.56364,0.53167,0.43735,0.84303,-0.58013,4.311,14.405,-10.625,-20.857,6.3139
1.277,1.275,1.2766,1.2778,1.2747,1.2764,1.2756,1.2778,1.2754,1.2762,52.986,53.044,52.998,53.011,53.042,53.059,53.015,53.001,52.97,53.137,53.11,53.106,53.111,53.052,52.999,53.006,53.002,52.992,53.053,53.014,53.036,53.104,53.1,53.004,53.06,53.069,53.017,53.106,53.148,53.106,53.173,53.408,53.133,53.089,53.184,53.228,53.164,53.258,52.954,1.4162,0,6.868,0,-0.44849,0,0,0,0,0,1.4162,0,6.8679,0,-0.44849,0,0,0,0,0,0,0,0,0,0,0,0,0,0,0,0,0,0,0,0,0,0,0,0,0,0,0,0,0,1.4255,-3.536,0,0,0,0,0,0,0,0,0,0,0,0,0,1.0461,1.045,1.0221,0.99886,0.99427,0.99717,0.94151,0.95527,1.0114,1.0092,1.0039,0.99127,1.0058,1.002,0.99532,1.0076,1.016,1.017,1.0409,0.986,1.0147,1.0407,1.0353,1.0152,1.054,1.045,1.0257,1.0488,1.0505,1.0419,0.9908,0.97254,1.0374,0.98325,1.0371,1.0265,1.0477,1.0438,1.0261,-0.34477,0.21864,-0.32777,1.016,-1.1587,-1.2881,0.83417,-0.80022,-0.61304,0.4939,1.4184,0.68247,-2.8177,0.5582,0.92788,0.80233,3.0081,3.0737,-6.2062,-0.06571,-0.060023,2.8885,2.1499,2.0241,-1.691,1.8567,0.98562,0.74676,-0.70806,-1.109,0.63788,1.0935,0.96844,0.85947,0.072548,0.65951,-0.62077,0.57122,-1.079,0.54704,1.2352,0.56369,0.53171,0.43736,0.84307,-0.57996,4.311,14.405,-10.625,-20.857,6.3139
1.2771,1.2749,1.2767,1.2779,1.2745,1.2764,1.2756,1.2779,1.2754,1.2762,53.114,53.171,53.126,53.138,53.17,53.186,53.142,53.129,53.097,53.264,53.237,53.234,53.239,53.18,53.127,53.134,53.13,53.12,53.181,53.141,53.164,53.232,53.227,53.131,53.187,53.197,53.145,53.234,53.276,53.233,53.3,53.536,53.26,53.217,53.311,53.356,53.292,53.385,53.082,1.4162,0,6.868,0,-0.44849,0,0,0,0,0,1.4162,0,6.8679,0,-0.44849,0,0,0,0,0,0,0,0,0,0,0,0,0,0,0,0,0,0,0,0,0,0,0,0,0,0,0,0,0,1.4255,-3.536,0,0,0,0,0,0,0,0,0,0,0,0,0,1.0461,1.045,1.0221,0.99886,0.99427,0.99717,0.94151,0.95527,1.0114,1.0092,1.0039,0.99127,1.0058,1.002,0.99532,1.0076,1.016,1.017,1.0409,0.986,1.0147,1.0407,1.0353,1.0152,1.054,1.045,1.0257,1.0488,1.0505,1.0419,0.9908,0.97254,1.0374,0.98325,1.0371,1.0265,1.0477,1.0438,1.0261,-0.34479,0.21864,-0.32772,1.0157,-1.1584,-1.2881,0.83416,-0.80008,-0.61308,0.49378,1.418,0.68226,-2.818,0.55814,0.92785,0.80234,3.0082,3.0736,-6.2061,-0.065692,-0.060026,2.8884,2.1499,2.0241,-1.6909,1.8566,0.98563,0.74675,-0.70803,-1.109,0.63746,1.0938,0.96884,0.85946,0.072463,0.65945,-0.62075,0.57145,-1.0789,0.54687,1.2352,0.56373,0.53175,0.43737,0.84311,-0.57981,4.311,14.405,-10.625,-20.857,6.3139
1.2772,1.2748,1.2767,1.2781,1.2744,1.2764,1.2755,1.278,1.2753,1.2762,53.241,53.299,53.253,53.266,53.298,53.314,53.27,53.256,53.225,53.392,53.365,53.362,53.366,53.308,53.254,53.261,53.257,53.247,53.309,53.269,53.291,53.359,53.355,53.259,53.315,53.325,53.273,53.362,53.404,53.361,53.428,53.663,53.388,53.344,53.439,53.483,53.42,53.513,53.209,1.4162,0,6.868,0,-0.44849,0,0,0,0,0,1.4162,0,6.8679,0,-0.44849,0,0,0,0,0,0,0,0,0,0,0,0,0,0,0,0,0,0,0,0,0,0,0,0,0,0,0,0,0,1.4255,-3.536,0,0,0,0,0,0,0,0,0,0,0,0,0,1.0461,1.045,1.0221,0.99886,0.99427,0.99717,0.94151,0.95527,1.0114,1.0092,1.0039,0.99127,1.0058,1.002,0.99532,1.0076,1.016,1.017,1.0409,0.986,1.0147,1.0407,1.0353,1.0152,1.054,1.045,1.0257,1.0488,1.0505,1.0419,0.9908,0.97254,1.0374,0.98325,1.0371,1.0265,1.0477,1.0438,1.0261,-0.34481,0.21864,-0.32768,1.0154,-1.1581,-1.2881,0.83414,-0.79995,-0.61312,0.49368,1.4176,0.68206,-2.8182,0.55808,0.92782,0.80234,3.0083,3.0735,-6.206,-0.065675,-0.060029,2.8884,2.1498,2.0241,-1.6909,1.8565,0.98564,0.74674,-0.708,-1.1089,0.63707,1.0941,0.9692,0.85945,0.072385,0.65939,-0.62073,0.57167,-1.0788,0.54671,1.2352,0.56378,0.53178,0.43738,0.84314,-0.57967,4.311,14.405,-10.625,-20.857,6.3139
1.2772,1.2747,1.2767,1.2782,1.2743,1.2764,1.2755,1.2781,1.2753,1.2762,53.369,53.427,53.381,53.394,53.425,53.442,53.398,53.384,53.353,53.52,53.492,53.489,53.494,53.435,53.382,53.389,53.385,53.375,53.436,53.396,53.419,53.487,53.483,53.387,53.442,53.452,53.4,53.489,53.531,53.488,53.556,53.791,53.516,53.472,53.566,53.611,53.547,53.64,53.337,1.4162,0,6.868,0,-0.44849,0,0,0,0,0,1.4162,0,6.8679,0,-0.44849,0,0,0,0,0,0,0,0,0,0,0,0,0,0,0,0,0,0,0,0,0,0,0,0,0,0,0,0,0,1.4255,-3.536,0,0,0,0,0,0,0,0,0,0,0,0,0,1.0461,1.045,1.0221,0.99886,0.99427,0.99717,0.94151,0.95527,1.0114,1.0092,1.0039,0.99127,1.0058,1.002,0.99532,1.0076,1.016,1.017,1.0409,0.986,1.0147,1.0407,1.0353,1.0152,1.054,1.045,1.0257,1.0488,1.0505,1.0419,0.9908,0.97254,1.0374,0.98325,1.0371,1.0265,1.0477,1.0438,1.0261,-0.34483,0.21864,-0.32764,1.0151,-1.1578,-1.288,0.83413,-0.79983,-0.61315,0.49358,1.4173,0.68188,-2.8184,0.55802,0.9278,0.80234,3.0084,3.0734,-6.2059,-0.06566,-0.060032,2.8883,2.1498,2.024,-1.6908,1.8564,0.98565,0.74673,-0.70797,-1.1089,0.63672,1.0944,0.96954,0.85944,0.072314,0.65934,-0.62071,0.57187,-1.0787,0.54657,1.2352,0.56382,0.53181,0.43738,0.84318,-0.57955,4.311,14.405,-10.625,-20.857,6.3139
1.2773,1.2746,1.2768,1.2783,1.2742,1.2764,1.2755,1.2782,1.2752,1.2762,53.497,53.554,53.509,53.521,53.553,53.569,53.525,53.512,53.48,53.647,53.62,53.617,53.622,53.563,53.509,53.516,53.512,53.503,53.564,53.524,53.547,53.614,53.61,53.514,53.57,53.58,53.528,53.617,53.659,53.616,53.683,53.919,53.643,53.599,53.694,53.739,53.675,53.768,53.465,1.4162,0,6.868,0,-0.44849,0,0,0,0,0,1.4162,0,6.868,0,-0.44849,0,0,0,0,0,0,0,0,0,0,0,0,0,0,0,0,0,0,0,0,0,0,0,0,0,0,0,0,0,1.4255,-3.536,0,0,0,0,0,0,0,0,0,0,0,0,0,1.0461,1.045,1.0221,0.99886,0.99427,0.99717,0.94151,0.95527,1.0114,1.0092,1.0039,0.99127,1.0058,1.002,0.99532,1.0076,1.016,1.017,1.0409,0.986,1.0147,1.0407,1.0353,1.0152,1.054,1.045,1.0257,1.0488,1.0505,1.0419,0.9908,0.97254,1.0374,0.98325,1.0371,1.0265,1.0477,1.0438,1.0261,-0.34485,0.21865,-0.3276,1.0148,-1.1576,-1.288,0.83412,-0.79972,-0.61318,0.49349,1.417,0.68172,-2.8186,0.55797,0.92778,0.80234,3.0085,3.0733,-6.2058,-0.065647,-0.060034,2.8883,2.1498,2.024,-1.6908,1.8563,0.98566,0.74672,-0.70795,-1.1089,0.63639,1.0946,0.96984,0.85943,0.072251,0.65929,-0.62069,0.57205,-1.0786,0.54644,1.2352,0.56385,0.53184,0.43739,0.84321,-0.57943,4.311,14.405,-10.625,-20.857,6.3139
1.2773,1.2745,1.2768,1.2783,1.2741,1.2764,1.2754,1.2783,1.2752,1.2762,53.624,53.682,53.636,53.649,53.681,53.697,53.653,53.639,53.608,53.775,53.748,53.745,53.749,53.691,53.637,53.644,53.64,53.63,53.692,53.652,53.674,53.742,53.738,53.642,53.698,53.708,53.655,53.745,53.787,53.744,53.811,54.046,53.771,53.727,53.822,53.866,53.803,53.896,53.592,1.4162,0,6.868,0,-0.44849,0,0,0,0,0,1.4162,0,6.868,0,-0.44849,0,0,0,0,0,0,0,0,0,0,0,0,0,0,0,0,0,0,0,0,0,0,0,0,0,0,0,0,0,1.4255,-3.536,0,0,0,0,0,0,0,0,0,0,0,0,0,1.0461,1.045,1.0221,0.99886,0.99427,0.99717,0.94151,0.95527,1.0114,1.0092,1.0039,0.99127,1.0058,1.002,0.99532,1.0076,1.016,1.017,1.0409,0.986,1.0147,1.0407,1.0353,1.0152,1.054,1.045,1.0257,1.0488,1.0505,1.0419,0.9908,0.97254,1.0374,0.98325,1.0371,1.0265,1.0477,1.0438,1.0261,-0.34486,0.21865,-0.32757,1.0146,-1.1574,-1.288,0.83411,-0.79962,-0.6132,0.49341,1.4167,0.68158,-2.8187,0.55793,0.92776,0.80235,3.0086,3.0733,-6.2057,-0.065634,-0.060036,2.8882,2.1497,2.024,-1.6907,1.8562,0.98567,0.74671,-0.70792,-1.1088,0.6361,1.0949,0.97011,0.85942,0.072194,0.65924,-0.62068,0.57221,-1.0785,0.54632,1.2352,0.56389,0.53187,0.4374,0.84324,-0.57933,4.311,14.405,-10.625,-20.857,6.3139
1.2774,1.2744,1.2768,1.2784,1.2741,1.2764,1.2754,1.2784,1.2751,1.2762,53.752,53.809,53.764,53.777,53.808,53.825,53.78,53.767,53.735,53.902,53.875,53.872,53.877,53.818,53.765,53.772,53.768,53.758,53.819,53.779,53.802,53.87,53.866,53.769,53.825,53.835,53.783,53.872,53.914,53.871,53.938,54.174,53.899,53.855,53.949,53.994,53.93,54.023,53.72,1.4162,0,6.868,0,-0.44849,0,0,0,0,0,1.4162,0,6.868,0,-0.44849,0,0,0,0,0,0,0,0,0,0,0,0,0,0,0,0,0,0,0,0,0,0,0,0,0,0,0,0,0,1.4255,-3.536,0,0,0,0,0,0,0,0,0,0,0,0,0,1.0461,1.045,1.0221,0.99886,0.99427,0.99717,0.94151,0.95527,1.0114,1.0092,1.0039,0.99127,1.0058,1.002,0.99532,1.0076,1.016,1.017,1.0409,0.986,1.0147,1.0407,1.0353,1.0152,1.054,1.045,1.0257,1.0488,1.0505,1.0419,0.9908,0.97254,1.0374,0.98325,1.0371,1.0265,1.0477,1.0438,1.0261,-0.34488,0.21865,-0.32753,1.0144,-1.1572,-1.2879,0.83411,-0.79953,-0.61322,0.49334,1.4165,0.68145,-2.8189,0.55789,0.92774,0.80235,3.0086,3.0732,-6.2056,-0.065623,-0.060038,2.8882,2.1497,2.024,-1.6907,1.8561,0.98568,0.7467,-0.7079,-1.1088,0.63583,1.0951,0.97036,0.85942,0.072145,0.65921,-0.62067,0.57236,-1.0784,0.54621,1.2352,0.56392,0.53189,0.4374,0.84327,-0.57925,4.311,14.405,-10.625,-20.857,6.3139
1.2774,1.2744,1.2768,1.2785,1.274,1.2764,1.2754,1.2784,1.2751,1.2762,53.879,53.937,53.892,53.904,53.936,53.952,53.908,53.895,53.863,54.03,54.003,54,54.004,53.946,53.892,53.899,53.895,53.886,53.947,53.907,53.93,53.997,53.993,53.897,53.953,53.963,53.911,54,54.042,53.999,54.066,54.302,54.026,53.982,54.077,54.122,54.058,54.151,53.847,1.4162,0,6.868,0,-0.44849,0,0,0,0,0,1.4162,0,6.868,0,-0.44849,0,0,0,0,0,0,0,0,0,0,0,0,0,0,0,0,0,0,0,0,0,0,0,0,0,0,0,0,0,1.4255,-3.536,0,0,0,0,0,0,0,0,0,0,0,0,0,1.0461,1.045,1.0221,0.99886,0.99427,0.99717,0.94151,0.95527,1.0114,1.0092,1.0039,0.99127,1.0058,1.002,0.99532,1.0076,1.016,1.017,1.0409,0.986,1.0147,1.0407,1.0353,1.0152,1.054,1.045,1.0257,1.0488,1.0505,1.0419,0.9908,0.97254,1.0374,0.98325,1.0371,1.0265,1.0477,1.0438,1.0261,-0.34489,0.21865,-0.3275,1.0142,-1.1571,-1.2879,0.8341,-0.79945,-0.61324,0.49328,1.4163,0.68134,-2.819,0.55785,0.92772,0.80235,3.0087,3.0731,-6.2056,-0.065614,-0.06004,2.8882,2.1497,2.0239,-1.6906,1.856,0.98568,0.7467,-0.70789,-1.1088,0.6356,1.0952,0.97057,0.85941,0.072103,0.65917,-0.62066,0.57248,-1.0784,0.54612,1.2352,0.56394,0.53192,0.43741,0.8433,-0.57917,4.311,14.405,-10.625,-20.857,6.3139
1.2775,1.2743,1.2769,1.2785,1.2739,1.2764,1.2753,1.2785,1.275,1.2762,54.007,54.065,54.019,54.032,54.063,54.08,54.036,54.022,53.991,54.158,54.131,54.127,54.132,54.073,54.02,54.027,54.023,54.013,54.074,54.035,54.057,54.125,54.121,54.025,54.081,54.091,54.038,54.127,54.169,54.127,54.194,54.429,54.154,54.11,54.205,54.249,54.185,54.279,53.975,1.4162,0,6.868,0,-0.44849,0,0,0,0,0,1.4162,0,6.868,0,-0.44849,0,0,0,0,0,0,0,0,0,0,0,0,0,0,0,0,0,0,0,0,0,0,0,0,0,0,0,0,0,1.4255,-3.536,0,0,0,0,0,0,0,0,0,0,0,0,0,1.0461,1.045,1.0221,0.99886,0.99427,0.99717,0.94151,0.95527,1.0114,1.0092,1.0039,0.99127,1.0058,1.002,0.99532,1.0076,1.016,1.017,1.0409,0.986,1.0147,1.0407,1.0353,1.0152,1.054,1.045,1.0257,1.0488,1.0505,1.0419,0.9908,0.97254,1.0374,0.98325,1.0371,1.0265,1.0477,1.0438,1.0261,-0.34491,0.21866,-0.32748,1.014,-1.1569,-1.2879,0.8341,-0.79939,-0.61326,0.49323,1.4161,0.68124,-2.8191,0.55782,0.92771,0.80235,3.0087,3.0731,-6.2055,-0.065605,-0.060041,2.8882,2.1496,2.0239,-1.6906,1.856,0.98569,0.74669,-0.70788,-1.1088,0.6354,1.0954,0.97075,0.85941,0.072068,0.65914,-0.62065,0.57259,-1.0783,0.54603,1.2352,0.56397,0.53194,0.43742,0.84332,-0.57911,4.311,14.405,-10.625,-20.857,6.3139
1.2775,1.2743,1.2769,1.2786,1.2739,1.2764,1.2753,1.2785,1.275,1.2762,54.135,54.192,54.147,54.159,54.191,54.207,54.163,54.15,54.118,54.285,54.258,54.255,54.26,54.201,54.148,54.155,54.151,54.141,54.202,54.162,54.185,54.253,54.248,54.152,54.208,54.218,54.166,54.255,54.297,54.254,54.321,54.557,54.282,54.238,54.332,54.377,54.313,54.406,54.103,1.4162,0,6.868,0,-0.44849,0,0,0,0,0,1.4162,0,6.868,0,-0.44849,0,0,0,0,0,0,0,0,0,0,0,0,0,0,0,0,0,0,0,0,0,0,0,0,0,0,0,0,0,1.4255,-3.536,0,0,0,0,0,0,0,0,0,0,0,0,0,1.0461,1.045,1.0221,0.99886,0.99427,0.99717,0.94151,0.95527,1.0114,1.0092,1.0039,0.99127,1.0058,1.002,0.99532,1.0076,1.016,1.017,1.0409,0.986,1.0147,1.0407,1.0353,1.0152,1.054,1.045,1.0257,1.0488,1.0505,1.0419,0.9908,0.97254,1.0374,0.98325,1.0371,1.0265,1.0477,1.0438,1.0261,-0.34492,0.21866,-0.32745,1.0139,-1.1568,-1.2879,0.83409,-0.79933,-0.61327,0.49319,1.4159,0.68116,-2.8192,0.5578,0.9277,0.80235,3.0088,3.073,-6.2055,-0.065599,-0.060042,2.8881,2.1496,2.0239,-1.6906,1.8559,0.98569,0.74669,-0.70787,-1.1088,0.63523,1.0955,0.9709,0.8594,0.07204,0.65912,-0.62065,0.57268,-1.0783,0.54596,1.2352,0.56399,0.53195,0.43742,0.84334,-0.57906,4.311,14.405,-10.625,-20.857,6.3139
1.2775,1.2742,1.2769,1.2786,1.2739,1.2764,1.2753,1.2786,1.275,1.2762,54.262,54.32,54.274,54.287,54.319,54.335,54.291,54.277,54.246,54.413,54.386,54.383,54.387,54.329,54.275,54.282,54.278,54.268,54.33,54.29,54.312,54.38,54.376,54.28,54.336,54.346,54.294,54.383,54.425,54.382,54.449,54.684,54.409,54.365,54.46,54.504,54.441,54.534,54.23,1.4162,0,6.868,0,-0.44849,0,0,0,0,0,1.4162,0,6.868,0,-0.44849,0,0,0,0,0,0,0,0,0,0,0,0,0,0,0,0,0,0,0,0,0,0,0,0,0,0,0,0,0,1.4255,-3.536,0,0,0,0,0,0,0,0,0,0,0,0,0,1.0461,1.045,1.0221,0.99886,0.99427,0.99717,0.94151,0.95527,1.0114,1.0092,1.0039,0.99127,1.0058,1.002,0.99532,1.0076,1.016,1.017,1.0409,0.986,1.0147,1.0407,1.0353,1.0152,1.054,1.045,1.0257,1.0488,1.0505,1.0419,0.9908,0.97254,1.0374,0.98325,1.0371,1.0265,1.0477,1.0438,1.0261,-0.34493,0.21867,-0.32743,1.0138,-1.1568,-1.2879,0.83409,-0.79929,-0.61328,0.49316,1.4158,0.6811,-2.8193,0.55778,0.92769,0.80235,3.0088,3.073,-6.2054,-0.065593,-0.060043,2.8881,2.1496,2.0239,-1.6905,1.8559,0.9857,0.74669,-0.70786,-1.1088,0.63509,1.0956,0.97103,0.8594,0.072019,0.6591,-0.62064,0.57275,-1.0782,0.5459,1.2352,0.56401,0.53197,0.43743,0.84336,-0.57903,4.311,14.405,-10.625,-20.857,6.3139
1.2775,1.2742,1.2769,1.2786,1.2738,1.2764,1.2753,1.2786,1.275,1.2762,54.39,54.448,54.402,54.415,54.446,54.463,54.419,54.405,54.374,54.541,54.514,54.51,54.515,54.456,54.403,54.41,54.406,54.396,54.457,54.417,54.44,54.508,54.504,54.408,54.463,54.473,54.421,54.51,54.552,54.509,54.577,54.812,54.537,54.493,54.587,54.632,54.568,54.661,54.358,1.4162,0,6.8679,0,-0.44849,0,0,0,0,0,1.4162,0,6.868,0,-0.44849,0,0,0,0,0,0,0,0,0,0,0,0,0,0,0,0,0,0,0,0,0,0,0,0,0,0,0,0,0,1.4255,-3.536,0,0,0,0,0,0,0,0,0,0,0,0,0,1.0461,1.045,1.0221,0.99886,0.99427,0.99717,0.94151,0.95527,1.0114,1.0092,1.0039,0.99127,1.0058,1.002,0.99532,1.0076,1.016,1.017,1.0409,0.986,1.0147,1.0407,1.0353,1.0152,1.054,1.045,1.0257,1.0488,1.0505,1.0419,0.9908,0.97254,1.0374,0.98325,1.0371,1.0265,1.0477,1.0438,1.0261,-0.34494,0.21867,-0.32741,1.0137,-1.1567,-1.2879,0.83409,-0.79925,-0.61329,0.49313,1.4157,0.68106,-2.8193,0.55777,0.92768,0.80235,3.0088,3.073,-6.2054,-0.065589,-0.060044,2.8881,2.1496,2.0239,-1.6905,1.8559,0.9857,0.74669,-0.70786,-1.1088,0.63499,1.0957,0.97112,0.8594,0.072005,0.65909,-0.62064,0.5728,-1.0782,0.54585,1.2352,0.56402,0.53198,0.43744,0.84338,-0.579,4.311,14.405,-10.625,-20.857,6.3139
1.2776,1.2742,1.2769,1.2786,1.2738,1.2764,1.2753,1.2786,1.275,1.2762,54.518,54.575,54.53,54.542,54.574,54.59,54.546,54.533,54.501,54.668,54.641,54.638,54.643,54.584,54.53,54.537,54.533,54.524,54.585,54.545,54.568,54.635,54.631,54.535,54.591,54.601,54.549,54.638,54.68,54.637,54.704,54.94,54.664,54.62,54.715,54.76,54.696,54.789,54.486,1.4162,0,6.8679,0,-0.44849,0,0,0,0,0,1.4162,0,6.868,0,-0.44849,0,0,0,0,0,0,0,0,0,0,0,0,0,0,0,0,0,0,0,0,0,0,0,0,0,0,0,0,0,1.4255,-3.536,0,0,0,0,0,0,0,0,0,0,0,0,0,1.0461,1.045,1.0221,0.99886,0.99427,0.99717,0.94151,0.95527,1.0114,1.0092,1.0039,0.99127,1.0058,1.002,0.99532,1.0076,1.016,1.017,1.0409,0.986,1.0147,1.0407,1.0353,1.0152,1.054,1.045,1.0257,1.0488,1.0505,1.0419,0.9908,0.97254,1.0374,0.98325,1.0371,1.0265,1.0477,1.0438,1.0261,-0.34494,0.21867,-0.3274,1.0137,-1.1567,-1.2878,0.83409,-0.79923,-0.61329,0.49312,1.4157,0.68103,-2.8194,0.55776,0.92768,0.80235,3.0089,3.073,-6.2054,-0.065587,-0.060045,2.8881,2.1496,2.0239,-1.6905,1.8559,0.98571,0.74669,-0.70786,-1.1088,0.63491,1.0958,0.97118,0.8594,0.071998,0.65908,-0.62064,0.57284,-1.0782,0.54581,1.2352,0.56403,0.53199,0.43744,0.8434,-0.57899,4.311,14.405,-10.625,-20.857,6.3139
1.2776,1.2742,1.2769,1.2786,1.2738,1.2764,1.2753,1.2786,1.275,1.2762,54.645,54.703,54.657,54.67,54.702,54.718,54.674,54.66,54.629,54.796,54.769,54.766,54.77,54.712,54.658,54.665,54.661,54.651,54.713,54.673,54.695,54.763,54.759,54.663,54.719,54.729,54.676,54.766,54.808,54.765,54.832,55.067,54.792,54.748,54.843,54.887,54.824,54.917,54.613,1.4162,0,6.8679,0,-0.44849,0,0,0,0,0,1.4162,0,6.868,0,-0.44849,0,0,0,0,0,0,0,0,0,0,0,0,0,0,0,0,0,0,0,0,0,0,0,0,0,0,0,0,0,1.4255,-3.536,0,0,0,0,0,0,0,0,0,0,0,0,0,1.0461,1.045,1.0221,0.99886,0.99427,0.99717,0.94151,0.95527,1.0114,1.0092,1.0039,0.99127,1.0058,1.002,0.99532,1.0076,1.016,1.017,1.0409,0.986,1.0147,1.0407,1.0353,1.0152,1.054,1.045,1.0257,1.0488,1.0505,1.0419,0.9908,0.97254,1.0374,0.98325,1.0371,1.0265,1.0477,1.0438,1.0261,-0.34495,0.21868,-0.32738,1.0137,-1.1567,-1.2878,0.8341,-0.79921,-0.61329,0.49311,1.4156,0.68102,-2.8194,0.55775,0.92767,0.80235,3.0089,3.073,-6.2054,-0.065586,-0.060046,2.8881,2.1496,2.0239,-1.6905,1.8558,0.98571,0.74669,-0.70786,-1.1088,0.63487,1.0958,0.97121,0.8594,0.071999,0.65907,-0.62064,0.57285,-1.0781,0.54579,1.2352,0.56404,0.532,0.43745,0.84342,-0.579,4.311,14.405,-10.625,-20.857,6.3139
1.2776,1.2742,1.2769,1.2786,1.2738,1.2764,1.2753,1.2786,1.275,1.2762,54.773,54.83,54.785,54.798,54.829,54.846,54.801,54.788,54.756,54.923,54.896,54.893,54.898,54.839,54.786,54.793,54.789,54.779,54.84,54.8,54.823,54.891,54.887,54.79,54.846,54.856,54.804,54.893,54.935,54.892,54.96,55.195,54.92,54.876,54.97,55.015,54.951,55.044,54.741,1.4162,0,6.8679,0,-0.44849,0,0,0,0,0,1.4162,0,6.868,0,-0.44849,0,0,0,0,0,0,0,0,0,0,0,0,0,0,0,0,0,0,0,0,0,0,0,0,0,0,0,0,0,1.4255,-3.536,0,0,0,0,0,0,0,0,0,0,0,0,0,1.0461,1.045,1.0221,0.99886,0.99427,0.99717,0.94151,0.95527,1.0114,1.0092,1.0039,0.99127,1.0058,1.002,0.99532,1.0076,1.016,1.017,1.0409,0.986,1.0147,1.0407,1.0353,1.0152,1.054,1.045,1.0257,1.0488,1.0505,1.0419,0.9908,0.97254,1.0374,0.98325,1.0371,1.0265,1.0477,1.0438,1.0261,-0.34496,0.21868,-0.32737,1.0137,-1.1567,-1.2878,0.8341,-0.79921,-0.61329,0.49312,1.4156,0.68103,-2.8194,0.55775,0.92767,0.80234,3.0089,3.073,-6.2054,-0.065586,-0.060046,2.8881,2.1496,2.0239,-1.6905,1.8559,0.98571,0.74669,-0.70786,-1.1088,0.63485,1.0958,0.97121,0.85941,0.072007,0.65907,-0.62064,0.57285,-1.0781,0.54577,1.2352,0.56404,0.532,0.43745,0.84343,-0.57901,4.311,14.405,-10.625,-20.857,6.3139
1.2776,1.2742,1.2769,1.2786,1.2739,1.2764,1.2753,1.2786,1.275,1.2762,54.9,54.958,54.913,54.925,54.957,54.973,54.929,54.916,54.884,55.051,55.024,55.021,55.025,54.967,54.913,54.92,54.916,54.907,54.968,54.928,54.951,55.018,55.014,54.918,54.974,54.984,54.932,55.021,55.063,55.02,55.087,55.323,55.047,55.003,55.098,55.143,55.079,55.172,54.869,1.4162,0,6.8679,0,-0.44849,0,0,0,0,0,1.4162,0,6.868,0,-0.44849,0,0,0,0,0,0,0,0,0,0,0,0,0,0,0,0,0,0,0,0,0,0,0,0,0,0,0,0,0,1.4255,-3.536,0,0,0,0,0,0,0,0,0,0,0,0,0,1.0461,1.045,1.0221,0.99886,0.99427,0.99717,0.94151,0.95527,1.0114,1.0092,1.0039,0.99127,1.0058,1.002,0.99532,1.0076,1.016,1.017,1.0409,0.986,1.0147,1.0407,1.0353,1.0152,1.054,1.045,1.0257,1.0488,1.0505,1.0419,0.9908,0.97254,1.0374,0.98325,1.0371,1.0265,1.0477,1.0438,1.0261,-0.34496,0.21869,-0.32736,1.0137,-1.1567,-1.2878,0.83411,-0.79922,-0.61329,0.49313,1.4157,0.68105,-2.8194,0.55776,0.92767,0.80234,3.0089,3.073,-6.2054,-0.065588,-0.060046,2.8881,2.1496,2.0239,-1.6905,1.8559,0.98571,0.7467,-0.70787,-1.1088,0.63487,1.0958,0.97118,0.85941,0.072021,0.65908,-0.62065,0.57283,-1.0781,0.54577,1.2352,0.56405,0.532,0.43746,0.84344,-0.57904,4.311,14.405,-10.625,-20.857,6.3139
1.2775,1.2742,1.2769,1.2786,1.2739,1.2764,1.2753,1.2785,1.275,1.2762,55.028,55.086,55.04,55.053,55.084,55.101,55.057,55.043,55.012,55.179,55.152,55.148,55.153,55.094,55.041,55.048,55.044,55.034,55.095,55.056,55.078,55.146,55.142,55.046,55.102,55.112,55.059,55.148,55.19,55.148,55.215,55.45,55.175,55.131,55.226,55.27,55.207,55.3,54.996,1.4162,0,6.8679,0,-0.44849,0,0,0,0,0,1.4162,0,6.868,0,-0.44849,0,0,0,0,0,0,0,0,0,0,0,0,0,0,0,0,0,0,0,0,0,0,0,0,0,0,0,0,0,1.4255,-3.536,0,0,0,0,0,0,0,0,0,0,0,0,0,1.0461,1.045,1.0221,0.99886,0.99427,0.99717,0.94151,0.95527,1.0114,1.0092,1.0039,0.99127,1.0058,1.002,0.99532,1.0076,1.016,1.017,1.0409,0.986,1.0147,1.0407,1.0353,1.0152,1.054,1.045,1.0257,1.0488,1.0505,1.0419,0.9908,0.97254,1.0374,0.98325,1.0371,1.0265,1.0477,1.0438,1.0261,-0.34496,0.2187,-0.32736,1.0138,-1.1568,-1.2878,0.83412,-0.79924,-0.61328,0.49315,1.4158,0.68109,-2.8193,0.55777,0.92768,0.80234,3.0088,3.073,-6.2055,-0.065591,-0.060046,2.8881,2.1496,2.0239,-1.6906,1.8559,0.98571,0.7467,-0.70788,-1.1088,0.63492,1.0957,0.97112,0.85942,0.072043,0.65909,-0.62066,0.57279,-1.0782,0.54578,1.2352,0.56404,0.532,0.43747,0.84345,-0.57908,4.311,14.405,-10.625,-20.857,6.3139
1.2775,1.2743,1.2769,1.2785,1.2739,1.2764,1.2754,1.2785,1.275,1.2762,55.156,55.213,55.168,55.18,55.212,55.228,55.184,55.171,55.139,55.306,55.279,55.276,55.281,55.222,55.169,55.176,55.172,55.162,55.223,55.183,55.206,55.274,55.269,55.173,55.229,55.239,55.187,55.276,55.318,55.275,55.342,55.578,55.303,55.259,55.353,55.398,55.334,55.427,55.124,1.4162,0,6.8679,0,-0.44849,0,0,0,0,0,1.4162,0,6.868,0,-0.44849,0,0,0,0,0,0,0,0,0,0,0,0,0,0,0,0,0,0,0,0,0,0,0,0,0,0,0,0,0,1.4255,-3.536,0,0,0,0,0,0,0,0,0,0,0,0,0,1.0461,1.045,1.0221,0.99886,0.99427,0.99717,0.94151,0.95527,1.0114,1.0092,1.0039,0.99127,1.0058,1.002,0.99532,1.0076,1.016,1.017,1.0409,0.986,1.0147,1.0407,1.0353,1.0152,1.054,1.045,1.0257,1.0488,1.0505,1.0419,0.9908,0.97255,1.0374,0.98325,1.0371,1.0265,1.0477,1.0438,1.0261,-0.34496,0.2187,-0.32736,1.0139,-1.1569,-1.2878,0.83413,-0.79927,-0.61327,0.49318,1.4159,0.68114,-2.8193,0.55779,0.92768,0.80234,3.0088,3.073,-6.2055,-0.065595,-0.060046,2.8881,2.1496,2.0239,-1.6906,1.8559,0.98571,0.74671,-0.7079,-1.1088,0.635,1.0957,0.97103,0.85942,0.072072,0.6591,-0.62067,0.57273,-1.0782,0.5458,1.2352,0.56404,0.532,0.43747,0.84345,-0.57914,4.311,14.405,-10.625,-20.857,6.3139
1.2775,1.2743,1.2769,1.2785,1.274,1.2764,1.2754,1.2784,1.2751,1.2762,55.283,55.341,55.296,55.308,55.34,55.356,55.312,55.298,55.267,55.434,55.407,55.404,55.408,55.35,55.296,55.303,55.299,55.289,55.351,55.311,55.333,55.401,55.397,55.301,55.357,55.367,55.315,55.404,55.446,55.403,55.47,55.705,55.43,55.386,55.481,55.525,55.462,55.555,55.251,1.4162,0,6.8679,0,-0.44849,0,0,0,0,0,1.4162,0,6.868,0,-0.44849,0,0,0,0,0,0,0,0,0,0,0,0,0,0,0,0,0,0,0,0,0,0,0,0,0,0,0,0,0,1.4255,-3.536,0,0,0,0,0,0,0,0,0,0,0,0,0,1.0461,1.045,1.0221,0.99886,0.99427,0.99717,0.94151,0.95527,1.0114,1.0092,1.0039,0.99127,1.0058,1.002,0.99532,1.0076,1.016,1.017,1.0409,0.986,1.0147,1.0407,1.0353,1.0152,1.054,1.045,1.0257,1.0488,1.0505,1.0419,0.9908,0.97255,1.0374,0.98325,1.0371,1.0265,1.0477,1.0438,1.0261,-0.34496,0.21871,-0.32736,1.014,-1.157,-1.2878,0.83414,-0.79931,-0.61325,0.49322,1.416,0.68122,-2.8192,0.55781,0.92769,0.80233,3.0088,3.0731,-6.2056,-0.065601,-0.060045,2.8881,2.1496,2.0239,-1.6906,1.856,0.98571,0.74671,-0.70792,-1.1088,0.63511,1.0956,0.97091,0.85943,0.072109,0.65912,-0.62068,0.57266,-1.0782,0.54584,1.2352,0.56403,0.532,0.43748,0.84346,-0.5792,4.311,14.405,-10.625,-20.857,6.3139
1.2775,1.2743,1.2769,1.2784,1.274,1.2764,1.2754,1.2784,1.2751,1.2762,55.411,55.469,55.423,55.436,55.467,55.484,55.44,55.426,55.395,55.562,55.535,55.531,55.536,55.477,55.424,55.431,55.427,55.417,55.478,55.438,55.461,55.529,55.525,55.429,55.484,55.494,55.442,55.531,55.573,55.53,55.598,55.833,55.558,55.514,55.608,55.653,55.589,55.682,55.379,1.4162,0,6.8679,0,-0.44849,0,0,0,0,0,1.4162,0,6.868,0,-0.44849,0,0,0,0,0,0,0,0,0,0,0,0,0,0,0,0,0,0,0,0,0,0,0,0,0,0,0,0,0,1.4255,-3.536,0,0,0,0,0,0,0,0,0,0,0,0,0,1.0461,1.045,1.0221,0.99886,0.99427,0.99717,0.94151,0.95527,1.0114,1.0092,1.0039,0.99127,1.0058,1.002,0.99532,1.0076,1.016,1.017,1.0409,0.986,1.0147,1.0407,1.0353,1.0152,1.054,1.045,1.0257,1.0488,1.0505,1.0419,0.9908,0.97255,1.0374,0.98325,1.0371,1.0265,1.0477,1.0438,1.0261,-0.34496,0.21871,-0.32736,1.0141,-1.1572,-1.2878,0.83415,-0.79936,-0.61324,0.49327,1.4161,0.68131,-2.8191,0.55783,0.9277,0.80233,3.0088,3.0731,-6.2056,-0.065608,-0.060044,2.8882,2.1496,2.0239,-1.6907,1.856,0.98571,0.74672,-0.70794,-1.1088,0.63525,1.0955,0.97076,0.85944,0.072152,0.65914,-0.62069,0.57256,-1.0782,0.54588,1.2352,0.56402,0.53199,0.43748,0.84346,-0.57928,4.311,14.405,-10.625,-20.857,6.3139
1.2774,1.2744,1.2769,1.2783,1.2741,1.2764,1.2754,1.2783,1.2751,1.2762,55.539,55.596,55.551,55.563,55.595,55.611,55.567,55.554,55.522,55.689,55.662,55.659,55.664,55.605,55.551,55.558,55.554,55.545,55.606,55.566,55.589,55.656,55.652,55.556,55.612,55.622,55.57,55.659,55.701,55.658,55.725,55.961,55.685,55.641,55.736,55.781,55.717,55.81,55.507,1.4162,0,6.8679,0,-0.44849,0,0,0,0,0,1.4162,0,6.868,0,-0.44849,0,0,0,0,0,0,0,0,0,0,0,0,0,0,0,0,0,0,0,0,0,0,0,0,0,0,0,0,0,1.4255,-3.536,0,0,0,0,0,0,0,0,0,0,0,0,0,1.0461,1.045,1.0221,0.99886,0.99427,0.99717,0.94151,0.95527,1.0114,1.0092,1.0039,0.99127,1.0058,1.002,0.99532,1.0076,1.016,1.017,1.0409,0.986,1.0147,1.0407,1.0353,1.0152,1.054,1.045,1.0257,1.0488,1.0505,1.0419,0.9908,0.97255,1.0374,0.98325,1.0371,1.0265,1.0477,1.0438,1.0261,-0.34495,0.21872,-0.32736,1.0143,-1.1574,-1.2878,0.83416,-0.79942,-0.61322,0.49333,1.4163,0.68141,-2.819,0.55786,0.92771,0.80232,3.0087,3.0732,-6.2057,-0.065617,-0.060043,2.8882,2.1497,2.0239,-1.6907,1.8561,0.98571,0.74673,-0.70796,-1.1088,0.63543,1.0953,0.97058,0.85945,0.072202,0.65917,-0.6207,0.57245,-1.0783,0.54594,1.2352,0.564,0.53198,0.43749,0.84346,-0.57938,4.311,14.405,-10.625,-20.857,6.3139
1.2774,1.2745,1.2768,1.2782,1.2742,1.2764,1.2755,1.2782,1.2752,1.2762,55.666,55.724,55.678,55.691,55.723,55.739,55.695,55.681,55.65,55.817,55.79,55.787,55.791,55.733,55.679,55.686,55.682,55.672,55.734,55.694,55.716,55.784,55.78,55.684,55.74,55.75,55.697,55.787,55.829,55.786,55.853,56.088,55.813,55.769,55.864,55.908,55.845,55.938,55.634,1.4162,0,6.8679,0,-0.44849,0,0,0,0,0,1.4162,0,6.8679,0,-0.44849,0,0,0,0,0,0,0,0,0,0,0,0,0,0,0,0,0,0,0,0,0,0,0,0,0,0,0,0,0,1.4255,-3.536,0,0,0,0,0,0,0,0,0,0,0,0,0,1.0461,1.045,1.0221,0.99886,0.99427,0.99717,0.94151,0.95527,1.0114,1.0092,1.0039,0.99127,1.0058,1.002,0.99532,1.0076,1.016,1.017,1.0409,0.986,1.0147,1.0407,1.0353,1.0152,1.054,1.045,1.0257,1.0488,1.0505,1.0419,0.9908,0.97255,1.0374,0.98325,1.0371,1.0265,1.0477,1.0438,1.0261,-0.34495,0.21873,-0.32737,1.0145,-1.1576,-1.2878,0.83418,-0.79949,-0.61319,0.4934,1.4166,0.68154,-2.8189,0.5579,0.92773,0.80232,3.0087,3.0732,-6.2058,-0.065627,-0.060042,2.8882,2.1497,2.0239,-1.6907,1.8561,0.9857,0.74674,-0.70799,-1.1088,0.63563,1.0952,0.97037,0.85946,0.07226,0.65921,-0.62072,0.57232,-1.0783,0.54601,1.2352,0.56399,0.53197,0.43749,0.84346,-0.57948,4.311,14.405,-10.625,-20.857,6.3139
1.2774,1.2746,1.2768,1.2781,1.2743,1.2764,1.2755,1.2781,1.2752,1.2762,55.794,55.852,55.806,55.819,55.85,55.867,55.822,55.809,55.777,55.944,55.917,55.914,55.919,55.86,55.807,55.814,55.81,55.8,55.861,55.821,55.844,55.912,55.908,55.811,55.867,55.877,55.825,55.914,55.956,55.913,55.981,56.216,55.941,55.897,55.991,56.036,55.972,56.065,55.762,1.4162,0,6.8679,0,-0.44849,0,0,0,0,0,1.4162,0,6.8679,0,-0.44849,0,0,0,0,0,0,0,0,0,0,0,0,0,0,0,0,0,0,0,0,0,0,0,0,0,0,0,0,0,1.4255,-3.536,0,0,0,0,0,0,0,0,0,0,0,0,0,1.0461,1.045,1.0221,0.99886,0.99427,0.99717,0.94151,0.95527,1.0114,1.0092,1.0039,0.99127,1.0058,1.002,0.99532,1.0076,1.016,1.017,1.0409,0.986,1.0147,1.0407,1.0353,1.0152,1.054,1.045,1.0257,1.0488,1.0505,1.0419,0.9908,0.97255,1.0374,0.98325,1.0371,1.0265,1.0477,1.0438,1.0261,-0.34494,0.21874,-0.32738,1.0147,-1.1578,-1.2879,0.8342,-0.79958,-0.61317,0.49348,1.4168,0.68168,-2.8187,0.55794,0.92774,0.80231,3.0086,3.0733,-6.2059,-0.065639,-0.060041,2.8882,2.1497,2.024,-1.6908,1.8562,0.9857,0.74676,-0.70802,-1.1089,0.63587,1.095,0.97013,0.85947,0.072324,0.65924,-0.62074,0.57217,-1.0784,0.54609,1.2352,0.56396,0.53195,0.4375,0.84346,-0.5796,4.311,14.405,-10.625,-20.857,6.3139
1.2773,1.2746,1.2768,1.278,1.2744,1.2764,1.2755,1.278,1.2753,1.2762,55.921,55.979,55.934,55.946,55.978,55.994,55.95,55.937,55.905,56.072,56.045,56.042,56.046,55.988,55.934,55.941,55.937,55.928,55.989,55.949,55.972,56.039,56.035,55.939,55.995,56.005,55.953,56.042,56.084,56.041,56.108,56.344,56.068,56.024,56.119,56.164,56.1,56.193,55.89,1.4162,0,6.8679,0,-0.44849,0,0,0,0,0,1.4162,0,6.8679,0,-0.44849,0,0,0,0,0,0,0,0,0,0,0,0,0,0,0,0,0,0,0,0,0,0,0,0,0,0,0,0,0,1.4255,-3.536,0,0,0,0,0,0,0,0,0,0,0,0,0,1.0461,1.045,1.0221,0.99886,0.99427,0.99717,0.94151,0.95527,1.0114,1.0092,1.0039,0.99127,1.0058,1.002,0.99532,1.0076,1.016,1.017,1.0409,0.986,1.0147,1.0407,1.0353,1.0152,1.054,1.045,1.0257,1.0488,1.0505,1.0419,0.9908,0.97255,1.0374,0.98325,1.0371,1.0265,1.0477,1.0438,1.0261,-0.34493,0.21874,-0.3274,1.015,-1.158,-1.2879,0.83421,-0.79967,-0.61314,0.49356,1.4171,0.68183,-2.8185,0.55799,0.92776,0.80231,3.0085,3.0734,-6.206,-0.065651,-0.06004,2.8883,2.1498,2.024,-1.6909,1.8563,0.98569,0.74677,-0.70805,-1.1089,0.63613,1.0948,0.96986,0.85948,0.072396,0.65929,-0.62076,0.57201,-1.0785,0.54618,1.2352,0.56394,0.53194,0.4375,0.84345,-0.57973,4.311,14.405,-10.625,-20.857,6.3139
1.2773,1.2747,1.2768,1.2779,1.2745,1.2764,1.2756,1.2779,1.2753,1.2762,56.049,56.107,56.061,56.074,56.105,56.122,56.078,56.064,56.033,56.2,56.173,56.169,56.174,56.115,56.062,56.069,56.065,56.055,56.116,56.077,56.099,56.167,56.163,56.067,56.123,56.133,56.08,56.169,56.211,56.169,56.236,56.471,56.196,56.152,56.247,56.291,56.227,56.321,56.017,1.4162,0,6.8679,0,-0.44849,0,0,0,0,0,1.4162,0,6.8679,0,-0.44849,0,0,0,0,0,0,0,0,0,0,0,0,0,0,0,0,0,0,0,0,0,0,0,0,0,0,0,0,0,1.4255,-3.536,0,0,0,0,0,0,0,0,0,0,0,0,0,1.0461,1.045,1.0221,0.99886,0.99427,0.99717,0.94151,0.95527,1.0114,1.0092,1.0039,0.99127,1.0058,1.002,0.99532,1.0076,1.016,1.017,1.0409,0.986,1.0147,1.0407,1.0353,1.0152,1.054,1.045,1.0257,1.0488,1.0505,1.0419,0.9908,0.97255,1.0374,0.98325,1.0371,1.0265,1.0477,1.0438,1.0261,-0.34493,0.21875,-0.32741,1.0152,-1.1583,-1.2879,0.83423,-0.79978,-0.61311,0.49366,1.4174,0.68201,-2.8183,0.55804,0.92778,0.8023,3.0084,3.0734,-6.2061,-0.065666,-0.060038,2.8883,2.1498,2.024,-1.6909,1.8564,0.98569,0.74679,-0.70809,-1.1089,0.63643,1.0945,0.96956,0.85949,0.072475,0.65934,-0.62078,0.57182,-1.0785,0.54629,1.2352,0.56391,0.53192,0.4375,0.84344,-0.57988,4.311,14.405,-10.625,-20.857,6.3139
1.2772,1.2748,1.2767,1.2778,1.2747,1.2763,1.2756,1.2778,1.2754,1.2762,56.177,56.234,56.189,56.201,56.233,56.249,56.205,56.192,56.16,56.327,56.3,56.297,56.302,56.243,56.19,56.197,56.193,56.183,56.244,56.204,56.227,56.295,56.29,56.194,56.25,56.26,56.208,56.297,56.339,56.296,56.363,56.599,56.324,56.28,56.374,56.419,56.355,56.448,56.145,1.4162,0,6.8679,0,-0.44849,0,0,0,0,0,1.4162,0,6.8679,0,-0.44849,0,0,0,0,0,0,0,0,0,0,0,0,0,0,0,0,0,0,0,0,0,0,0,0,0,0,0,0,0,1.4255,-3.536,0,0,0,0,0,0,0,0,0,0,0,0,0,1.0461,1.045,1.0221,0.99886,0.99427,0.99717,0.94151,0.95527,1.0114,1.0092,1.0039,0.99127,1.0058,1.002,0.99532,1.0076,1.016,1.017,1.0409,0.986,1.0147,1.0407,1.0353,1.0152,1.054,1.045,1.0257,1.0488,1.0505,1.0419,0.9908,0.97255,1.0374,0.98325,1.0371,1.0265,1.0477,1.0438,1.0261,-0.34491,0.21876,-0.32743,1.0155,-1.1586,-1.2879,0.83426,-0.79989,-0.61307,0.49376,1.4178,0.6822,-2.8181,0.55809,0.9278,0.8023,3.0084,3.0735,-6.2062,-0.065681,-0.060036,2.8883,2.1498,2.0241,-1.691,1.8565,0.98568,0.7468,-0.70813,-1.1089,0.63676,1.0943,0.96923,0.85951,0.072561,0.65939,-0.6208,0.57162,-1.0786,0.5464,1.2352,0.56388,0.53189,0.43751,0.84344,-0.58004,4.311,14.405,-10.625,-20.857,6.3139
1.2771,1.275,1.2767,1.2776,1.2748,1.2763,1.2757,1.2777,1.2755,1.2762,56.304,56.362,56.317,56.329,56.361,56.377,56.333,56.319,56.288,56.455,56.428,56.425,56.429,56.371,56.317,56.324,56.32,56.311,56.372,56.332,56.354,56.422,56.418,56.322,56.378,56.388,56.336,56.425,56.467,56.424,56.491,56.727,56.451,56.407,56.502,56.546,56.483,56.576,56.272,1.4162,0,6.8679,0,-0.44849,0,0,0,0,0,1.4162,0,6.8679,0,-0.44849,0,0,0,0,0,0,0,0,0,0,0,0,0,0,0,0,0,0,0,0,0,0,0,0,0,0,0,0,0,1.4255,-3.536,0,0,0,0,0,0,0,0,0,0,0,0,0,1.0461,1.045,1.0221,0.99886,0.99427,0.99717,0.94151,0.95527,1.0114,1.0092,1.0039,0.99127,1.0058,1.002,0.99532,1.0076,1.016,1.017,1.0409,0.986,1.0147,1.0407,1.0353,1.0152,1.054,1.045,1.0257,1.0488,1.0505,1.0419,0.9908,0.97255,1.0374,0.98325,1.0371,1.0265,1.0477,1.0438,1.0261,-0.3449,0.21877,-0.32745,1.0159,-1.1589,-1.2879,0.83428,-0.80002,-0.61304,0.49388,1.4182,0.68241,-2.8179,0.55816,0.92783,0.80229,3.0083,3.0736,-6.2064,-0.065698,-0.060034,2.8884,2.1499,2.0241,-1.6911,1.8567,0.98568,0.74682,-0.70817,-1.109,0.63712,1.094,0.96887,0.85952,0.072654,0.65945,-0.62083,0.5714,-1.0787,0.54653,1.2352,0.56385,0.53187,0.43751,0.84342,-0.58021,4.311,14.405,-10.625,-20.857,6.3139
1.2771,1.2751,1.2767,1.2775,1.275,1.2763,1.2758,1.2775,1.2756,1.2762,56.432,56.49,56.444,56.457,56.488,56.505,56.461,56.447,56.416,56.583,56.556,56.552,56.557,56.498,56.445,56.452,56.448,56.438,56.499,56.459,56.482,56.55,56.546,56.45,56.505,56.515,56.463,56.552,56.594,56.552,56.619,56.854,56.579,56.535,56.629,56.674,56.61,56.703,56.4,1.4162,0,6.8679,0,-0.44849,0,0,0,0,0,1.4162,0,6.8679,0,-0.44849,0,0,0,0,0,0,0,0,0,0,0,0,0,0,0,0,0,0,0,0,0,0,0,0,0,0,0,0,0,1.4255,-3.536,0,0,0,0,0,0,0,0,0,0,0,0,0,1.0461,1.045,1.0221,0.99886,0.99427,0.99717,0.94151,0.95527,1.0114,1.0092,1.0039,0.99127,1.0058,1.002,0.99532,1.0076,1.016,1.017,1.0409,0.986,1.0147,1.0407,1.0353,1.0152,1.054,1.045,1.0257,1.0488,1.0505,1.0419,0.9908,0.97255,1.0374,0.98325,1.0371,1.0265,1.0477,1.0438,1.0261,-0.34489,0.21878,-0.32748,1.0162,-1.1593,-1.2879,0.8343,-0.80015,-0.61299,0.494,1.4186,0.68263,-2.8177,0.55822,0.92785,0.80228,3.0082,3.0738,-6.2065,-0.065717,-0.060031,2.8884,2.1499,2.0241,-1.6912,1.8568,0.98567,0.74684,-0.70821,-1.109,0.63751,1.0937,0.96848,0.85954,0.072755,0.65951,-0.62086,0.57116,-1.0788,0.54667,1.2352,0.56381,0.53184,0.43752,0.84341,-0.58039,4.311,14.405,-10.625,-20.857,6.3139
1.277,1.2752,1.2766,1.2773,1.2751,1.2763,1.2758,1.2774,1.2756,1.2762,56.56,56.617,56.572,56.584,56.616,56.632,56.588,56.575,56.543,56.71,56.683,56.68,56.685,56.626,56.572,56.579,56.575,56.566,56.627,56.587,56.61,56.677,56.673,56.577,56.633,56.643,56.591,56.68,56.722,56.679,56.746,56.982,56.706,56.662,56.757,56.802,56.738,56.831,56.528,1.4162,0,6.8679,0,-0.44849,0,0,0,0,0,1.4162,0,6.8679,0,-0.44849,0,0,0,0,0,0,0,0,0,0,0,0,0,0,0,0,0,0,0,0,0,0,0,0,0,0,0,0,0,1.4255,-3.536,0,0,0,0,0,0,0,0,0,0,0,0,0,1.0461,1.045,1.0221,0.99886,0.99427,0.99717,0.94151,0.95527,1.0114,1.0092,1.0039,0.99127,1.0058,1.002,0.99532,1.0076,1.016,1.017,1.0409,0.986,1.0147,1.0407,1.0353,1.0152,1.054,1.045,1.0257,1.0488,1.0505,1.0419,0.9908,0.97255,1.0374,0.98325,1.0371,1.0265,1.0477,1.0438,1.0261,-0.34487,0.21879,-0.32751,1.0166,-1.1597,-1.288,0.83433,-0.8003,-0.61295,0.49413,1.419,0.68287,-2.8174,0.55829,0.92788,0.80227,3.008,3.0739,-6.2067,-0.065737,-0.060029,2.8885,2.15,2.0242,-1.6913,1.8569,0.98566,0.74686,-0.70826,-1.109,0.63793,1.0933,0.96806,0.85956,0.072862,0.65958,-0.62088,0.5709,-1.079,0.54682,1.2352,0.56377,0.53181,0.43752,0.8434,-0.58058,4.311,14.405,-10.625,-20.857,6.3139
1.2769,1.2754,1.2766,1.2772,1.2753,1.2763,1.2759,1.2772,1.2757,1.2763,56.687,56.745,56.699,56.712,56.744,56.76,56.716,56.702,56.671,56.838,56.811,56.808,56.812,56.754,56.7,56.707,56.703,56.693,56.755,56.715,56.737,56.805,56.801,56.705,56.761,56.771,56.718,56.808,56.85,56.807,56.874,57.109,56.834,56.79,56.885,56.929,56.866,56.959,56.655,1.4162,0,6.8679,0,-0.44849,0,0,0,0,0,1.4162,0,6.8679,0,-0.44849,0,0,0,0,0,0,0,0,0,0,0,0,0,0,0,0,0,0,0,0,0,0,0,0,0,0,0,0,0,1.4255,-3.536,0,0,0,0,0,0,0,0,0,0,0,0,0,1.0461,1.045,1.0221,0.99886,0.99427,0.99717,0.94151,0.95527,1.0114,1.0092,1.0039,0.99127,1.0058,1.002,0.99532,1.0076,1.016,1.017,1.0409,0.986,1.0147,1.0407,1.0353,1.0152,1.054,1.045,1.0257,1.0488,1.0505,1.0419,0.9908,0.97255,1.0374,0.98325,1.0371,1.0265,1.0477,1.0438,1.0261,-0.34486,0.21879,-0.32754,1.017,-1.1601,-1.288,0.83436,-0.80046,-0.6129,0.49427,1.4195,0.68313,-2.8171,0.55837,0.92791,0.80226,3.0079,3.074,-6.2069,-0.065758,-0.060026,2.8885,2.15,2.0242,-1.6914,1.8571,0.98565,0.74688,-0.70831,-1.1091,0.63839,1.093,0.9676,0.85958,0.072976,0.65965,-0.62092,0.57062,-1.0791,0.54698,1.2352,0.56373,0.53178,0.43752,0.84338,-0.58079,4.311,14.405,-10.625,-20.857,6.3139
1.2768,1.2755,1.2765,1.277,1.2755,1.2763,1.276,1.277,1.2758,1.2763,56.815,56.873,56.827,56.84,56.871,56.888,56.844,56.83,56.798,56.966,56.938,56.935,56.94,56.881,56.828,56.835,56.831,56.821,56.882,56.842,56.865,56.933,56.929,56.832,56.888,56.898,56.846,56.935,56.977,56.934,57.002,57.237,56.962,56.918,57.012,57.057,56.993,57.086,56.783,1.4162,0,6.8679,0,-0.44849,0,0,0,0,0,1.4162,0,6.8679,0,-0.44849,0,0,0,0,0,0,0,0,0,0,0,0,0,0,0,0,0,0,0,0,0,0,0,0,0,0,0,0,0,1.4255,-3.536,0,0,0,0,0,0,0,0,0,0,0,0,0,1.0461,1.045,1.0221,0.99886,0.99427,0.99717,0.94151,0.95527,1.0114,1.0092,1.0039,0.99127,1.0058,1.002,0.99532,1.0076,1.016,1.017,1.0409,0.986,1.0147,1.0407,1.0353,1.0152,1.054,1.045,1.0257,1.0488,1.0505,1.0419,0.9908,0.97254,1.0374,0.98325,1.0371,1.0265,1.0477,1.0438,1.0261,-0.34484,0.2188,-0.32757,1.0175,-1.1605,-1.288,0.83439,-0.80063,-0.61285,0.49442,1.42,0.6834,-2.8168,0.55845,0.92795,0.80226,3.0078,3.0741,-6.207,-0.065781,-0.060023,2.8886,2.1501,2.0243,-1.6915,1.8572,0.98564,0.7469,-0.70837,-1.1091,0.63887,1.0926,0.96712,0.8596,0.073098,0.65973,-0.62095,0.57033,-1.0792,0.54716,1.2352,0.56368,0.53174,0.43753,0.84336,-0.58102,4.311,14.405,-10.625,-20.857,6.3139
1.2767,1.2757,1.2765,1.2768,1.2757,1.2763,1.276,1.2768,1.2759,1.2763,56.942,57,56.955,56.967,56.999,57.015,56.971,56.958,56.926,57.093,57.066,57.063,57.067,57.009,56.955,56.962,56.958,56.949,57.01,56.97,56.993,57.06,57.056,56.96,57.016,57.026,56.974,57.063,57.105,57.062,57.129,57.365,57.089,57.045,57.14,57.185,57.121,57.214,56.911,1.4162,0,6.8679,0,-0.44849,0,0,0,0,0,1.4162,0,6.8679,0,-0.44849,0,0,0,0,0,0,0,0,0,0,0,0,0,0,0,0,0,0,0,0,0,0,0,0,0,0,0,0,0,1.4255,-3.536,0,0,0,0,0,0,0,0,0,0,0,0,0,1.0461,1.045,1.0221,0.99886,0.99427,0.99717,0.94151,0.95527,1.0114,1.0092,1.0039,0.99127,1.0058,1.002,0.99532,1.0076,1.016,1.017,1.0409,0.986,1.0147,1.0407,1.0353,1.0152,1.054,1.045,1.0257,1.0488,1.0505,1.0419,0.99081,0.97254,1.0374,0.98325,1.0371,1.0265,1.0477,1.0438,1.0261,-0.34482,0.21881,-0.32761,1.018,-1.1609,-1.2881,0.83442,-0.80081,-0.6128,0.49458,1.4206,0.6837,-2.8165,0.55854,0.92798,0.80225,3.0077,3.0743,-6.2072,-0.065805,-0.06002,2.8887,2.1502,2.0243,-1.6916,1.8574,0.98563,0.74692,-0.70842,-1.1092,0.63939,1.0922,0.96661,0.85962,0.073227,0.65981,-0.62098,0.57001,-1.0794,0.54735,1.2352,0.56363,0.53171,0.43753,0.84334,-0.58125,4.311,14.405,-10.625,-20.857,6.3139
1.2766,1.2758,1.2765,1.2766,1.2759,1.2763,1.2761,1.2766,1.276,1.2763,57.07,57.128,57.082,57.095,57.126,57.143,57.099,57.085,57.054,57.221,57.194,57.19,57.195,57.136,57.083,57.09,57.086,57.076,57.137,57.098,57.12,57.188,57.184,57.088,57.144,57.154,57.101,57.19,57.233,57.19,57.257,57.492,57.217,57.173,57.268,57.312,57.248,57.342,57.038,1.4162,0,6.8679,0,-0.44849,0,0,0,0,0,1.4162,0,6.8679,0,-0.44849,0,0,0,0,0,0,0,0,0,0,0,0,0,0,0,0,0,0,0,0,0,0,0,0,0,0,0,0,0,1.4255,-3.536,0,0,0,0,0,0,0,0,0,0,0,0,0,1.0461,1.045,1.0221,0.99886,0.99427,0.99717,0.94151,0.95527,1.0114,1.0092,1.0039,0.99127,1.0058,1.002,0.99532,1.0076,1.016,1.017,1.0409,0.986,1.0147,1.0407,1.0353,1.0152,1.054,1.045,1.0257,1.0488,1.0505,1.0419,0.99081,0.97254,1.0374,0.98325,1.0371,1.0265,1.0477,1.0438,1.0261,-0.3448,0.21882,-0.32764,1.0185,-1.1614,-1.2881,0.83445,-0.801,-0.61275,0.49475,1.4211,0.684,-2.8162,0.55863,0.92802,0.80224,3.0075,3.0744,-6.2074,-0.06583,-0.060017,2.8887,2.1502,2.0244,-1.6918,1.8576,0.98562,0.74695,-0.70848,-1.1092,0.63994,1.0918,0.96607,0.85964,0.073363,0.65989,-0.62102,0.56968,-1.0795,0.54754,1.2352,0.56358,0.53167,0.43754,0.84331,-0.5815,4.311,14.405,-10.625,-20.857,6.3139
1.2765,1.276,1.2764,1.2764,1.2761,1.2762,1.2762,1.2764,1.2761,1.2763,57.198,57.255,57.21,57.222,57.254,57.27,57.226,57.213,57.181,57.348,57.321,57.318,57.323,57.264,57.211,57.218,57.214,57.204,57.265,57.225,57.248,57.316,57.311,57.215,57.271,57.281,57.229,57.318,57.36,57.317,57.384,57.62,57.344,57.301,57.395,57.44,57.376,57.469,57.166,1.4162,0,6.8679,0,-0.44849,0,0,0,0,0,1.4162,0,6.8679,0,-0.44849,0,0,0,0,0,0,0,0,0,0,0,0,0,0,0,0,0,0,0,0,0,0,0,0,0,0,0,0,0,1.4255,-3.536,0,0,0,0,0,0,0,0,0,0,0,0,0,1.0461,1.045,1.0221,0.99886,0.99427,0.99717,0.94151,0.95527,1.0114,1.0092,1.0039,0.99127,1.0058,1.002,0.99532,1.0076,1.016,1.017,1.0409,0.986,1.0147,1.0407,1.0353,1.0152,1.054,1.045,1.0257,1.0488,1.0505,1.0419,0.99081,0.97254,1.0374,0.98325,1.0371,1.0265,1.0477,1.0438,1.0261,-0.34478,0.21883,-0.32768,1.019,-1.1619,-1.2881,0.83449,-0.8012,-0.61269,0.49493,1.4217,0.68433,-2.8158,0.55873,0.92806,0.80223,3.0074,3.0746,-6.2076,-0.065857,-0.060013,2.8888,2.1503,2.0244,-1.6919,1.8578,0.98561,0.74697,-0.70855,-1.1093,0.64051,1.0913,0.96549,0.85966,0.073506,0.65999,-0.62106,0.56933,-1.0797,0.54776,1.2352,0.56352,0.53163,0.43754,0.84329,-0.58176,4.311,14.405,-10.625,-20.857,6.3139
1.2764,1.2762,1.2763,1.2762,1.2763,1.2762,1.2763,1.2762,1.2763,1.2763,57.325,57.383,57.338,57.35,57.382,57.398,57.354,57.341,57.309,57.476,57.449,57.446,57.45,57.392,57.338,57.345,57.341,57.332,57.393,57.353,57.375,57.443,57.439,57.343,57.399,57.409,57.357,57.446,57.488,57.445,57.512,57.748,57.472,57.428,57.523,57.567,57.504,57.597,57.293,1.4162,0,6.8679,0,-0.44849,0,0,0,0,0,1.4162,0,6.8679,0,-0.44849,0,0,0,0,0,0,0,0,0,0,0,0,0,0,0,0,0,0,0,0,0,0,0,0,0,0,0,0,0,1.4255,-3.536,0,0,0,0,0,0,0,0,0,0,0,0,0,1.0461,1.045,1.0221,0.99886,0.99427,0.99717,0.94151,0.95527,1.0114,1.0092,1.0039,0.99127,1.0058,1.002,0.99532,1.0076,1.016,1.017,1.0409,0.986,1.0147,1.0407,1.0353,1.0152,1.054,1.045,1.0257,1.0488,1.0505,1.0419,0.99081,0.97254,1.0374,0.98325,1.0371,1.0265,1.0477,1.0438,1.0261,-0.34476,0.21885,-0.32773,1.0195,-1.1624,-1.2882,0.83452,-0.80141,-0.61262,0.49512,1.4224,0.68467,-2.8155,0.55883,0.9281,0.80222,3.0072,3.0748,-6.2079,-0.065886,-0.06001,2.8889,2.1504,2.0245,-1.692,1.858,0.9856,0.747,-0.70861,-1.1093,0.64112,1.0908,0.96489,0.85969,0.073656,0.66008,-0.6211,0.56896,-1.0798,0.54798,1.2352,0.56346,0.53158,0.43754,0.84326,-0.58203,4.311,14.405,-10.625,-20.857,6.3139
1.2763,1.2764,1.2763,1.2759,1.2766,1.2762,1.2764,1.276,1.2764,1.2763,57.453,57.511,57.465,57.478,57.509,57.526,57.482,57.468,57.437,57.604,57.577,57.573,57.578,57.519,57.466,57.473,57.469,57.459,57.52,57.48,57.503,57.571,57.567,57.471,57.526,57.536,57.484,57.573,57.615,57.573,57.64,57.875,57.6,57.556,57.65,57.695,57.631,57.725,57.421,1.4162,0,6.8679,0,-0.44849,0,0,0,0,0,1.4162,0,6.8679,0,-0.44849,0,0,0,0,0,0,0,0,0,0,0,0,0,0,0,0,0,0,0,0,0,0,0,0,0,0,0,0,0,1.4255,-3.536,0,0,0,0,0,0,0,0,0,0,0,0,0,1.0461,1.045,1.0221,0.99886,0.99427,0.99717,0.94151,0.95527,1.0114,1.0092,1.0039,0.99127,1.0058,1.002,0.99532,1.0076,1.016,1.017,1.0409,0.986,1.0147,1.0407,1.0353,1.0152,1.054,1.045,1.0257,1.0488,1.0505,1.0419,0.99081,0.97254,1.0374,0.98325,1.0371,1.0265,1.0477,1.0438,1.0261,-0.34473,0.21886,-0.32777,1.0201,-1.163,-1.2882,0.83456,-0.80163,-0.61256,0.4953,1.423,0.68502,-2.8151,0.55893,0.92814,0.8022,3.007,3.0749,-6.2081,-0.065914,-0.060006,2.889,2.1504,2.0245,-1.6922,1.8582,0.98558,0.74703,-0.70868,-1.1094,0.64174,1.0903,0.96428,0.85971,0.073808,0.66018,-0.62114,0.56859,-1.08,0.5482,1.2352,0.5634,0.53154,0.43754,0.84323,-0.58231,4.311,14.405,-10.625,-20.857,6.3139
1.2762,1.2766,1.2762,1.2757,1.2768,1.2762,1.2765,1.2758,1.2765,1.2763,57.581,57.638,57.593,57.605,57.637,57.653,57.609,57.596,57.564,57.731,57.704,57.701,57.706,57.647,57.593,57.6,57.596,57.587,57.648,57.608,57.631,57.698,57.694,57.598,57.654,57.664,57.612,57.701,57.743,57.7,57.767,58.003,57.727,57.684,57.778,57.823,57.759,57.852,57.549,1.4162,0,6.8679,0,-0.44849,0,0,0,0,0,1.4162,0,6.8679,0,-0.44849,0,0,0,0,0,0,0,0,0,0,0,0,0,0,0,0,0,0,0,0,0,0,0,0,0,0,0,0,0,1.4255,-3.536,0,0,0,0,0,0,0,0,0,0,0,0,0,1.0461,1.045,1.0221,0.99886,0.99427,0.99717,0.94151,0.95527,1.0114,1.0092,1.0039,0.99127,1.0058,1.002,0.99532,1.0076,1.016,1.017,1.0409,0.986,1.0147,1.0407,1.0353,1.0152,1.054,1.045,1.0257,1.0488,1.0505,1.0419,0.99081,0.97254,1.0374,0.98325,1.0371,1.0265,1.0477,1.0438,1.0261,-0.34471,0.21887,-0.32782,1.0206,-1.1635,-1.2882,0.83459,-0.80183,-0.6125,0.49548,1.4236,0.68534,-2.8147,0.55903,0.92818,0.80219,3.0069,3.0751,-6.2083,-0.065941,-0.060002,2.889,2.1505,2.0246,-1.6923,1.8584,0.98557,0.74705,-0.70874,-1.1094,0.64232,1.0899,0.96371,0.85974,0.073949,0.66027,-0.62118,0.56824,-1.0802,0.54842,1.2352,0.56334,0.53149,0.43755,0.8432,-0.58256,4.311,14.405,-10.625,-20.857,6.3139
1.2761,1.2767,1.2762,1.2755,1.277,1.2762,1.2766,1.2756,1.2766,1.2763,57.708,57.766,57.72,57.733,57.765,57.781,57.737,57.723,57.692,57.859,57.832,57.829,57.833,57.775,57.721,57.728,57.724,57.714,57.776,57.736,57.758,57.826,57.822,57.726,57.782,57.792,57.739,57.829,57.871,57.828,57.895,58.13,57.855,57.811,57.906,57.95,57.887,57.98,57.676,1.4162,0,6.8679,0,-0.44849,0,0,0,0,0,1.4162,0,6.8679,0,-0.44849,0,0,0,0,0,0,0,0,0,0,0,0,0,0,0,0,0,0,0,0,0,0,0,0,0,0,0,0,0,1.4255,-3.536,0,0,0,0,0,0,0,0,0,0,0,0,0,1.0461,1.045,1.0221,0.99886,0.99427,0.99717,0.94151,0.95527,1.0114,1.0092,1.0039,0.99127,1.0058,1.002,0.99532,1.0076,1.016,1.017,1.0409,0.986,1.0147,1.0407,1.0353,1.0152,1.054,1.045,1.0257,1.0488,1.0505,1.0419,0.99081,0.97254,1.0374,0.98325,1.0371,1.0265,1.0477,1.0438,1.0261,-0.34469,0.21887,-0.32786,1.0211,-1.1639,-1.2883,0.83462,-0.80201,-0.61245,0.49564,1.4242,0.68564,-2.8144,0.55912,0.92822,0.80219,3.0067,3.0752,-6.2085,-0.065966,-0.059999,2.8891,2.1506,2.0246,-1.6924,1.8586,0.98556,0.74707,-0.7088,-1.1095,0.64286,1.0895,0.96317,0.85976,0.074079,0.66036,-0.62121,0.56792,-1.0803,0.54861,1.2352,0.56329,0.53145,0.43755,0.84318,-0.5828,4.311,14.405,-10.625,-20.857,6.3139
1.276,1.2769,1.2761,1.2754,1.2772,1.2762,1.2766,1.2754,1.2767,1.2763,57.836,57.894,57.848,57.861,57.892,57.909,57.865,57.851,57.819,57.987,57.959,57.956,57.961,57.902,57.849,57.856,57.852,57.842,57.903,57.863,57.886,57.954,57.95,57.853,57.909,57.919,57.867,57.956,57.998,57.956,58.023,58.258,57.983,57.939,58.033,58.078,58.014,58.107,57.804,1.4162,0,6.8679,0,-0.44849,0,0,0,0,0,1.4162,0,6.8679,0,-0.44849,0,0,0,0,0,0,0,0,0,0,0,0,0,0,0,0,0,0,0,0,0,0,0,0,0,0,0,0,0,1.4255,-3.536,0,0,0,0,0,0,0,0,0,0,0,0,0,1.0461,1.045,1.0221,0.99886,0.99427,0.99717,0.94151,0.95527,1.0114,1.0092,1.0039,0.99127,1.0058,1.002,0.99532,1.0076,1.016,1.017,1.0409,0.986,1.0147,1.0407,1.0353,1.0152,1.054,1.045,1.0257,1.0488,1.0505,1.0419,0.99081,0.97254,1.0374,0.98325,1.0371,1.0265,1.0477,1.0438,1.0261,-0.34467,0.21888,-0.3279,1.0215,-1.1643,-1.2883,0.83465,-0.80219,-0.6124,0.49579,1.4247,0.68591,-2.8141,0.5592,0.92825,0.80218,3.0066,3.0754,-6.2087,-0.065989,-0.059996,2.8891,2.1506,2.0247,-1.6925,1.8587,0.98555,0.74709,-0.70885,-1.1095,0.64336,1.0891,0.96269,0.85977,0.074197,0.66043,-0.62124,0.56762,-1.0804,0.5488,1.2352,0.56324,0.53142,0.43755,0.84315,-0.58301,4.311,14.405,-10.625,-20.857,6.3139
1.2759,1.277,1.2761,1.2752,1.2773,1.2762,1.2767,1.2753,1.2768,1.2763,57.963,58.021,57.976,57.988,58.02,58.036,57.992,57.979,57.947,58.114,58.087,58.084,58.088,58.03,57.976,57.983,57.979,57.97,58.031,57.991,58.014,58.081,58.077,57.981,58.037,58.047,57.995,58.084,58.126,58.083,58.15,58.386,58.11,58.067,58.161,58.206,58.142,58.235,57.932,1.4162,0,6.8679,0,-0.44849,0,0,0,0,0,1.4162,0,6.8679,0,-0.44849,0,0,0,0,0,0,0,0,0,0,0,0,0,0,0,0,0,0,0,0,0,0,0,0,0,0,0,0,0,1.4255,-3.536,0,0,0,0,0,0,0,0,0,0,0,0,0,1.0461,1.045,1.0221,0.99886,0.99427,0.99717,0.94151,0.95527,1.0114,1.0092,1.0039,0.99127,1.0058,1.002,0.99532,1.0076,1.016,1.017,1.0409,0.986,1.0147,1.0407,1.0353,1.0152,1.054,1.045,1.0257,1.0488,1.0505,1.0419,0.99081,0.97254,1.0374,0.98325,1.0371,1.0265,1.0477,1.0438,1.0261,-0.34465,0.21889,-0.32793,1.0219,-1.1647,-1.2883,0.83467,-0.80234,-0.61235,0.49593,1.4252,0.68616,-2.8138,0.55927,0.92829,0.80217,3.0065,3.0755,-6.2088,-0.06601,-0.059993,2.8892,2.1507,2.0247,-1.6926,1.8589,0.98554,0.74711,-0.7089,-1.1095,0.64382,1.0887,0.96224,0.85979,0.074305,0.6605,-0.62127,0.56735,-1.0806,0.54897,1.2353,0.56319,0.53138,0.43755,0.84313,-0.58321,4.311,14.405,-10.625,-20.857,6.3139
1.2758,1.2771,1.2761,1.2751,1.2775,1.2762,1.2767,1.2751,1.2769,1.2763,58.091,58.149,58.103,58.116,58.148,58.164,58.12,58.106,58.075,58.242,58.215,58.211,58.216,58.158,58.104,58.111,58.107,58.097,58.158,58.119,58.141,58.209,58.205,58.109,58.165,58.175,58.122,58.212,58.254,58.211,58.278,58.513,58.238,58.194,58.289,58.333,58.269,58.363,58.059,1.4162,0,6.8679,0,-0.44849,0,0,0,0,0,1.4162,0,6.8679,0,-0.44849,0,0,0,0,0,0,0,0,0,0,0,0,0,0,0,0,0,0,0,0,0,0,0,0,0,0,0,0,0,1.4255,-3.536,0,0,0,0,0,0,0,0,0,0,0,0,0,1.0461,1.045,1.0221,0.99886,0.99427,0.99717,0.94151,0.95527,1.0114,1.0092,1.0039,0.99127,1.0058,1.002,0.99532,1.0076,1.016,1.017,1.0409,0.986,1.0147,1.0407,1.0353,1.0152,1.054,1.045,1.0257,1.0488,1.0505,1.0419,0.99081,0.97254,1.0374,0.98325,1.0371,1.0265,1.0477,1.0438,1.0261,-0.34463,0.21889,-0.32797,1.0223,-1.1651,-1.2884,0.83469,-0.80249,-0.61231,0.49605,1.4256,0.68639,-2.8136,0.55934,0.92831,0.80217,3.0064,3.0756,-6.209,-0.066028,-0.05999,2.8893,2.1507,2.0248,-1.6927,1.859,0.98553,0.74713,-0.70894,-1.1096,0.64423,1.0884,0.96183,0.85981,0.074401,0.66057,-0.62129,0.5671,-1.0807,0.54912,1.2353,0.56315,0.53135,0.43755,0.8431,-0.58338,4.311,14.405,-10.625,-20.857,6.3139
1.2757,1.2773,1.276,1.275,1.2776,1.2761,1.2768,1.275,1.2769,1.2763,58.219,58.276,58.231,58.243,58.275,58.292,58.247,58.234,58.202,58.369,58.342,58.339,58.344,58.285,58.232,58.239,58.235,58.225,58.286,58.246,58.269,58.337,58.332,58.236,58.292,58.302,58.25,58.339,58.381,58.338,58.405,58.641,58.365,58.322,58.416,58.461,58.397,58.49,58.187,1.4162,0,6.8679,0,-0.44849,0,0,0,0,0,1.4162,0,6.8679,0,-0.44849,0,0,0,0,0,0,0,0,0,0,0,0,0,0,0,0,0,0,0,0,0,0,0,0,0,0,0,0,0,1.4255,-3.536,0,0,0,0,0,0,0,0,0,0,0,0,0,1.0461,1.045,1.0221,0.99886,0.99427,0.99717,0.94151,0.95527,1.0114,1.0092,1.0039,0.99127,1.0058,1.002,0.99532,1.0076,1.016,1.017,1.0409,0.986,1.0147,1.0407,1.0353,1.0152,1.054,1.045,1.0257,1.0488,1.0505,1.0419,0.99081,0.97254,1.0374,0.98325,1.0371,1.0265,1.0477,1.0438,1.0261,-0.34462,0.21889,-0.328,1.0226,-1.1654,-1.2884,0.83471,-0.80261,-0.61228,0.49616,1.4259,0.68659,-2.8134,0.5594,0.92834,0.80216,3.0063,3.0757,-6.2091,-0.066045,-0.059988,2.8893,2.1508,2.0248,-1.6928,1.8591,0.98552,0.74714,-0.70898,-1.1096,0.6446,1.0881,0.96147,0.85982,0.074485,0.66063,-0.62132,0.56688,-1.0808,0.54927,1.2353,0.56311,0.53132,0.43754,0.84308,-0.58353,4.311,14.405,-10.625,-20.857,6.3139
1.2757,1.2774,1.276,1.2748,1.2777,1.2761,1.2768,1.2749,1.277,1.2763,58.346,58.404,58.359,58.371,58.403,58.419,58.375,58.362,58.33,58.497,58.47,58.467,58.471,58.413,58.359,58.366,58.362,58.353,58.414,58.374,58.396,58.464,58.46,58.364,58.42,58.43,58.378,58.467,58.509,58.466,58.533,58.769,58.493,58.449,58.544,58.589,58.525,58.618,58.314,1.4162,0,6.8679,0,-0.44849,0,0,0,0,0,1.4162,0,6.8679,0,-0.44849,0,0,0,0,0,0,0,0,0,0,0,0,0,0,0,0,0,0,0,0,0,0,0,0,0,0,0,0,0,1.4255,-3.536,0,0,0,0,0,0,0,0,0,0,0,0,0,1.0461,1.045,1.0221,0.99886,0.99427,0.99717,0.94151,0.95527,1.0114,1.0092,1.0039,0.99127,1.0058,1.002,0.99532,1.0076,1.016,1.017,1.0409,0.986,1.0147,1.0407,1.0353,1.0152,1.054,1.045,1.0257,1.0488,1.0505,1.0419,0.99081,0.97254,1.0374,0.98325,1.0371,1.0265,1.0477,1.0438,1.0261,-0.3446,0.2189,-0.32803,1.0229,-1.1656,-1.2884,0.83473,-0.80273,-0.61225,0.49626,1.4263,0.68677,-2.8132,0.55945,0.92836,0.80216,3.0062,3.0758,-6.2092,-0.06606,-0.059986,2.8893,2.1508,2.0248,-1.6929,1.8592,0.98551,0.74715,-0.70901,-1.1096,0.64493,1.0878,0.96115,0.85983,0.074559,0.66068,-0.62134,0.56669,-1.0809,0.54939,1.2353,0.56308,0.53129,0.43754,0.84305,-0.58366,4.311,14.405,-10.625,-20.857,6.3139
1.2756,1.2774,1.276,1.2748,1.2778,1.2761,1.2769,1.2748,1.277,1.2763,58.474,58.532,58.486,58.499,58.53,58.547,58.503,58.489,58.458,58.625,58.598,58.594,58.599,58.54,58.487,58.494,58.49,58.48,58.541,58.501,58.524,58.592,58.588,58.492,58.547,58.557,58.505,58.594,58.636,58.594,58.661,58.896,58.621,58.577,58.671,58.716,58.652,58.746,58.442,1.4162,0,6.8679,0,-0.44849,0,0,0,0,0,1.4162,0,6.8679,0,-0.44849,0,0,0,0,0,0,0,0,0,0,0,0,0,0,0,0,0,0,0,0,0,0,0,0,0,0,0,0,0,1.4255,-3.536,0,0,0,0,0,0,0,0,0,0,0,0,0,1.0461,1.045,1.0221,0.99886,0.99427,0.99717,0.94151,0.95527,1.0114,1.0092,1.0039,0.99127,1.0058,1.002,0.99532,1.0076,1.016,1.017,1.0409,0.986,1.0147,1.0407,1.0353,1.0152,1.054,1.045,1.0257,1.0488,1.0505,1.0419,0.99081,0.97254,1.0374,0.98325,1.0371,1.0265,1.0477,1.0438,1.0261,-0.34459,0.2189,-0.32806,1.0232,-1.1658,-1.2884,0.83474,-0.80283,-0.61222,0.49634,1.4266,0.68692,-2.813,0.5595,0.92838,0.80215,3.0061,3.0759,-6.2093,-0.066073,-0.059984,2.8894,2.1509,2.0249,-1.6929,1.8593,0.9855,0.74716,-0.70903,-1.1097,0.64522,1.0876,0.96087,0.85984,0.074621,0.66072,-0.62135,0.56652,-1.081,0.54951,1.2353,0.56305,0.53127,0.43754,0.84303,-0.58377,4.311,14.405,-10.625,-20.857,6.3139
1.2756,1.2775,1.2759,1.2747,1.2779,1.2761,1.2769,1.2747,1.2771,1.2763,58.602,58.659,58.614,58.626,58.658,58.674,58.63,58.617,58.585,58.752,58.725,58.722,58.727,58.668,58.614,58.621,58.618,58.608,58.669,58.629,58.652,58.719,58.715,58.619,58.675,58.685,58.633,58.722,58.764,58.721,58.788,59.024,58.748,58.705,58.799,58.844,58.78,58.873,58.57,1.4162,0,6.8679,0,-0.44849,0,0,0,0,0,1.4162,0,6.8679,0,-0.44849,0,0,0,0,0,0,0,0,0,0,0,0,0,0,0,0,0,0,0,0,0,0,0,0,0,0,0,0,0,1.4255,-3.536,0,0,0,0,0,0,0,0,0,0,0,0,0,1.0461,1.045,1.0221,0.99886,0.99427,0.99717,0.94151,0.95527,1.0114,1.0092,1.0039,0.99127,1.0058,1.002,0.99532,1.0076,1.016,1.017,1.0409,0.986,1.0147,1.0407,1.0353,1.0152,1.054,1.045,1.0257,1.0488,1.0505,1.0419,0.99081,0.97254,1.0374,0.98325,1.0371,1.0265,1.0477,1.0438,1.0261,-0.34457,0.21889,-0.32809,1.0234,-1.166,-1.2885,0.83475,-0.80291,-0.6122,0.49641,1.4268,0.68705,-2.8129,0.55954,0.9284,0.80215,3.0061,3.0759,-6.2094,-0.066083,-0.059982,2.8894,2.1509,2.0249,-1.693,1.8594,0.9855,0.74717,-0.70905,-1.1097,0.64547,1.0874,0.96063,0.85985,0.074671,0.66076,-0.62136,0.56638,-1.081,0.5496,1.2353,0.56302,0.53124,0.43753,0.84301,-0.58386,4.311,14.405,-10.625,-20.857,6.3139
1.2755,1.2776,1.2759,1.2746,1.2779,1.2761,1.2769,1.2747,1.2771,1.2763,58.729,58.787,58.741,58.754,58.786,58.802,58.758,58.744,58.713,58.88,58.853,58.85,58.854,58.796,58.742,58.749,58.745,58.735,58.797,58.757,58.779,58.847,58.843,58.747,58.803,58.813,58.76,58.85,58.892,58.849,58.916,59.151,58.876,58.832,58.927,58.971,58.908,59.001,58.697,1.4162,0,6.8679,0,-0.44849,0,0,0,0,0,1.4162,0,6.8679,0,-0.44849,0,0,0,0,0,0,0,0,0,0,0,0,0,0,0,0,0,0,0,0,0,0,0,0,0,0,0,0,0,1.4255,-3.536,0,0,0,0,0,0,0,0,0,0,0,0,0,1.0461,1.045,1.0221,0.99886,0.99427,0.99717,0.94151,0.95527,1.0114,1.0092,1.0039,0.99127,1.0058,1.002,0.99532,1.0076,1.016,1.017,1.0409,0.986,1.0147,1.0407,1.0353,1.0152,1.054,1.045,1.0257,1.0488,1.0505,1.0419,0.99081,0.97254,1.0374,0.98325,1.0371,1.0265,1.0477,1.0438,1.0261,-0.34456,0.21889,-0.32812,1.0235,-1.1662,-1.2885,0.83475,-0.80298,-0.61218,0.49647,1.427,0.68715,-2.8127,0.55957,0.92841,0.80215,3.006,3.076,-6.2095,-0.066092,-0.059981,2.8894,2.1509,2.0249,-1.693,1.8595,0.98549,0.74718,-0.70907,-1.1097,0.64568,1.0872,0.96043,0.85985,0.074711,0.66079,-0.62137,0.56626,-1.0811,0.54969,1.2353,0.56299,0.53122,0.43753,0.84299,-0.58393,4.311,14.405,-10.625,-20.857,6.3139
1.2755,1.2776,1.2759,1.2746,1.278,1.2761,1.277,1.2746,1.2771,1.2763,58.857,58.915,58.869,58.882,58.913,58.93,58.886,58.872,58.84,59.008,58.98,58.977,58.982,58.923,58.87,58.877,58.873,58.863,58.924,58.884,58.907,58.975,58.971,58.874,58.93,58.94,58.888,58.977,59.019,58.977,59.044,59.279,59.003,58.96,59.054,59.099,59.035,59.128,58.825,1.4162,0,6.8679,0,-0.44849,0,0,0,0,0,1.4162,0,6.8679,0,-0.44849,0,0,0,0,0,0,0,0,0,0,0,0,0,0,0,0,0,0,0,0,0,0,0,0,0,0,0,0,0,1.4255,-3.536,0,0,0,0,0,0,0,0,0,0,0,0,0,1.0461,1.045,1.0221,0.99886,0.99427,0.99717,0.94151,0.95527,1.0114,1.0092,1.0039,0.99127,1.0058,1.002,0.99532,1.0076,1.016,1.017,1.0409,0.986,1.0147,1.0407,1.0353,1.0152,1.054,1.045,1.0257,1.0488,1.0505,1.0419,0.99081,0.97254,1.0374,0.98325,1.0371,1.0265,1.0477,1.0438,1.0261,-0.34455,0.21889,-0.32814,1.0237,-1.1663,-1.2885,0.83476,-0.80304,-0.61217,0.49651,1.4272,0.68723,-2.8127,0.5596,0.92843,0.80215,3.006,3.076,-6.2095,-0.066099,-0.059979,2.8894,2.1509,2.0249,-1.693,1.8595,0.98549,0.74718,-0.70908,-1.1097,0.64584,1.0871,0.96028,0.85985,0.074739,0.66082,-0.62138,0.56617,-1.0812,0.54976,1.2353,0.56297,0.53121,0.43752,0.84297,-0.58398,4.311,14.405,-10.625,-20.857,6.3139
1.2755,1.2776,1.2759,1.2745,1.278,1.2761,1.277,1.2746,1.2772,1.2763,58.984,59.042,58.997,59.009,59.041,59.057,59.013,59,58.968,59.135,59.108,59.105,59.109,59.051,58.997,59.004,59,58.991,59.052,59.012,59.035,59.102,59.098,59.002,59.058,59.068,59.016,59.105,59.147,59.104,59.171,59.407,59.131,59.088,59.182,59.227,59.163,59.256,58.953,1.4162,0,6.8679,0,-0.44849,0,0,0,0,0,1.4162,0,6.8679,0,-0.44849,0,0,0,0,0,0,0,0,0,0,0,0,0,0,0,0,0,0,0,0,0,0,0,0,0,0,0,0,0,1.4255,-3.536,0,0,0,0,0,0,0,0,0,0,0,0,0,1.0461,1.045,1.0221,0.99886,0.99427,0.99717,0.94151,0.95527,1.0114,1.0092,1.0039,0.99127,1.0058,1.002,0.99532,1.0076,1.016,1.017,1.0409,0.986,1.0147,1.0407,1.0353,1.0152,1.054,1.045,1.0257,1.0488,1.0505,1.0419,0.99081,0.97254,1.0374,0.98325,1.0371,1.0265,1.0477,1.0438,1.0261,-0.34454,0.21889,-0.32816,1.0238,-1.1663,-1.2885,0.83476,-0.80308,-0.61216,0.49654,1.4273,0.68728,-2.8126,0.55961,0.92843,0.80215,3.0059,3.0761,-6.2095,-0.066104,-0.059978,2.8895,2.1509,2.0249,-1.693,1.8596,0.98548,0.74718,-0.70908,-1.1097,0.64597,1.087,0.96016,0.85986,0.074756,0.66084,-0.62138,0.56611,-1.0812,0.54982,1.2353,0.56296,0.53119,0.43752,0.84295,-0.584,4.311,14.405,-10.625,-20.857,6.3139
1.2755,1.2777,1.2759,1.2745,1.278,1.2761,1.277,1.2746,1.2772,1.2763,59.112,59.17,59.124,59.137,59.169,59.185,59.141,59.127,59.096,59.263,59.236,59.233,59.237,59.179,59.125,59.132,59.128,59.118,59.179,59.14,59.162,59.23,59.226,59.13,59.186,59.196,59.143,59.233,59.275,59.232,59.299,59.534,59.259,59.215,59.31,59.354,59.29,59.384,59.08,1.4162,0,6.8679,0,-0.44849,0,0,0,0,0,1.4162,0,6.8679,0,-0.44849,0,0,0,0,0,0,0,0,0,0,0,0,0,0,0,0,0,0,0,0,0,0,0,0,0,0,0,0,0,1.4255,-3.536,0,0,0,0,0,0,0,0,0,0,0,0,0,1.0461,1.045,1.0221,0.99886,0.99427,0.99717,0.94151,0.95527,1.0114,1.0092,1.0039,0.99127,1.0058,1.002,0.99532,1.0076,1.016,1.017,1.0409,0.986,1.0147,1.0407,1.0353,1.0152,1.054,1.045,1.0257,1.0488,1.0505,1.0419,0.99081,0.97254,1.0374,0.98325,1.0371,1.0265,1.0477,1.0438,1.0261,-0.34453,0.21888,-0.32818,1.0238,-1.1664,-1.2885,0.83475,-0.80311,-0.61215,0.49655,1.4273,0.68731,-2.8125,0.55962,0.92844,0.80215,3.0059,3.0761,-6.2095,-0.066106,-0.059978,2.8895,2.151,2.0249,-1.693,1.8596,0.98548,0.74718,-0.70908,-1.1097,0.64605,1.087,0.96009,0.85985,0.074761,0.66085,-0.62138,0.56607,-1.0812,0.54986,1.2353,0.56294,0.53118,0.43751,0.84293,-0.58401,4.311,14.405,-10.625,-20.857,6.3139
1.2755,1.2777,1.2759,1.2745,1.278,1.2761,1.277,1.2746,1.2772,1.2763,59.24,59.297,59.252,59.264,59.296,59.313,59.268,59.255,59.223,59.39,59.363,59.36,59.365,59.306,59.253,59.26,59.256,59.246,59.307,59.267,59.29,59.358,59.353,59.257,59.313,59.323,59.271,59.36,59.402,59.359,59.426,59.662,59.386,59.343,59.437,59.482,59.418,59.511,59.208,1.4162,0,6.8679,0,-0.44849,0,0,0,0,0,1.4162,0,6.8679,0,-0.44849,0,0,0,0,0,0,0,0,0,0,0,0,0,0,0,0,0,0,0,0,0,0,0,0,0,0,0,0,0,1.4255,-3.536,0,0,0,0,0,0,0,0,0,0,0,0,0,1.0461,1.045,1.0221,0.99886,0.99427,0.99717,0.94151,0.95527,1.0114,1.0092,1.0039,0.99127,1.0058,1.002,0.99532,1.0076,1.016,1.017,1.0409,0.986,1.0147,1.0407,1.0353,1.0152,1.054,1.045,1.0257,1.0488,1.0505,1.0419,0.99081,0.97254,1.0374,0.98325,1.0371,1.0265,1.0477,1.0438,1.0261,-0.34453,0.21887,-0.3282,1.0238,-1.1664,-1.2885,0.83475,-0.80312,-0.61215,0.49656,1.4273,0.68732,-2.8125,0.55963,0.92844,0.80215,3.0059,3.0761,-6.2095,-0.066107,-0.059977,2.8895,2.151,2.0249,-1.693,1.8596,0.98548,0.74718,-0.70908,-1.1097,0.64609,1.0869,0.96006,0.85985,0.074756,0.66085,-0.62138,0.56605,-1.0812,0.54988,1.2353,0.56294,0.53117,0.4375,0.84291,-0.584,4.311,14.405,-10.625,-20.857,6.3139
1.2755,1.2776,1.2759,1.2746,1.278,1.2761,1.277,1.2746,1.2772,1.2763,59.367,59.425,59.38,59.392,59.424,59.44,59.396,59.383,59.351,59.518,59.491,59.488,59.492,59.434,59.38,59.387,59.383,59.374,59.435,59.395,59.417,59.485,59.481,59.385,59.441,59.451,59.399,59.488,59.53,59.487,59.554,59.79,59.514,59.47,59.565,59.61,59.546,59.639,59.335,1.4162,0,6.8679,0,-0.44849,0,0,0,0,0,1.4162,0,6.8679,0,-0.44849,0,0,0,0,0,0,0,0,0,0,0,0,0,0,0,0,0,0,0,0,0,0,0,0,0,0,0,0,0,1.4255,-3.536,0,0,0,0,0,0,0,0,0,0,0,0,0,1.0461,1.045,1.0221,0.99886,0.99427,0.99717,0.94151,0.95527,1.0114,1.0092,1.0039,0.99127,1.0058,1.002,0.99532,1.0076,1.016,1.017,1.0409,0.986,1.0147,1.0407,1.0353,1.0152,1.054,1.045,1.0257,1.0488,1.0505,1.0419,0.99081,0.97254,1.0374,0.98325,1.0371,1.0265,1.0477,1.0438,1.0261,-0.34452,0.21886,-0.32821,1.0238,-1.1663,-1.2885,0.83474,-0.80312,-0.61216,0.49655,1.4273,0.6873,-2.8126,0.55962,0.92844,0.80216,3.0059,3.0761,-6.2095,-0.066106,-0.059977,2.8895,2.151,2.0249,-1.693,1.8596,0.98547,0.74717,-0.70907,-1.1097,0.64609,1.0869,0.96007,0.85985,0.074738,0.66085,-0.62137,0.56607,-1.0812,0.5499,1.2353,0.56293,0.53117,0.43749,0.84289,-0.58396,4.311,14.405,-10.625,-20.857,6.3139
1.2755,1.2776,1.2759,1.2746,1.278,1.2761,1.2769,1.2747,1.2771,1.2763,59.495,59.553,59.507,59.52,59.551,59.568,59.524,59.51,59.479,59.646,59.619,59.615,59.62,59.561,59.508,59.515,59.511,59.501,59.562,59.522,59.545,59.613,59.609,59.513,59.568,59.578,59.526,59.615,59.657,59.615,59.682,59.917,59.642,59.598,59.692,59.737,59.673,59.767,59.463,1.4162,0,6.8679,0,-0.44849,0,0,0,0,0,1.4162,0,6.8679,0,-0.44849,0,0,0,0,0,0,0,0,0,0,0,0,0,0,0,0,0,0,0,0,0,0,0,0,0,0,0,0,0,1.4255,-3.536,0,0,0,0,0,0,0,0,0,0,0,0,0,1.0461,1.045,1.0221,0.99886,0.99427,0.99717,0.94151,0.95527,1.0114,1.0092,1.0039,0.99127,1.0058,1.002,0.99532,1.0076,1.016,1.017,1.0409,0.986,1.0147,1.0407,1.0353,1.0152,1.054,1.045,1.0257,1.0488,1.0505,1.0419,0.99081,0.97254,1.0374,0.98325,1.0371,1.0265,1.0477,1.0438,1.0261,-0.34451,0.21886,-0.32822,1.0237,-1.1662,-1.2886,0.83473,-0.8031,-0.61217,0.49652,1.4272,0.68725,-2.8126,0.55961,0.92844,0.80216,3.0059,3.0761,-6.2095,-0.066103,-0.059977,2.8895,2.151,2.0249,-1.693,1.8596,0.98547,0.74716,-0.70905,-1.1097,0.64605,1.087,0.96013,0.85984,0.07471,0.66084,-0.62136,0.56611,-1.0812,0.5499,1.2353,0.56293,0.53116,0.43748,0.84287,-0.5839,4.311,14.405,-10.625,-20.857,6.3139
1.2755,1.2776,1.2759,1.2747,1.2779,1.2761,1.2769,1.2747,1.2771,1.2763,59.623,59.68,59.635,59.647,59.679,59.695,59.651,59.638,59.606,59.773,59.746,59.743,59.748,59.689,59.635,59.642,59.639,59.629,59.69,59.65,59.673,59.74,59.736,59.64,59.696,59.706,59.654,59.743,59.785,59.742,59.809,60.045,59.769,59.726,59.82,59.865,59.801,59.894,59.591,1.4162,0,6.8679,0,-0.44849,0,0,0,0,0,1.4162,0,6.8679,0,-0.44849,0,0,0,0,0,0,0,0,0,0,0,0,0,0,0,0,0,0,0,0,0,0,0,0,0,0,0,0,0,1.4255,-3.536,0,0,0,0,0,0,0,0,0,0,0,0,0,1.0461,1.045,1.0221,0.99886,0.99427,0.99717,0.94151,0.95527,1.0114,1.0092,1.0039,0.99127,1.0058,1.002,0.99532,1.0076,1.016,1.017,1.0409,0.986,1.0147,1.0407,1.0353,1.0152,1.054,1.045,1.0257,1.0488,1.0505,1.0419,0.99081,0.97254,1.0374,0.98325,1.0371,1.0265,1.0477,1.0438,1.0261,-0.34451,0.21884,-0.32824,1.0236,-1.1661,-1.2886,0.83472,-0.80307,-0.61218,0.49648,1.4271,0.68718,-2.8127,0.55959,0.92844,0.80217,3.0059,3.076,-6.2094,-0.066097,-0.059977,2.8895,2.1509,2.0249,-1.693,1.8595,0.98547,0.74715,-0.70903,-1.1097,0.64597,1.087,0.96022,0.85983,0.07467,0.66082,-0.62135,0.56617,-1.0812,0.54988,1.2353,0.56293,0.53116,0.43747,0.84286,-0.58382,4.311,14.405,-10.625,-20.857,6.3139
1.2755,1.2775,1.2759,1.2747,1.2778,1.2762,1.2769,1.2748,1.2771,1.2763,59.75,59.808,59.762,59.775,59.807,59.823,59.779,59.765,59.734,59.901,59.874,59.871,59.875,59.817,59.763,59.77,59.766,59.756,59.818,59.778,59.8,59.868,59.864,59.768,59.824,59.834,59.781,59.871,59.913,59.87,59.937,60.173,59.897,59.853,59.948,59.992,59.929,60.022,59.718,1.4162,0,6.8679,0,-0.44849,0,0,0,0,0,1.4162,0,6.8679,0,-0.44849,0,0,0,0,0,0,0,0,0,0,0,0,0,0,0,0,0,0,0,0,0,0,0,0,0,0,0,0,0,1.4255,-3.536,0,0,0,0,0,0,0,0,0,0,0,0,0,1.0461,1.045,1.0221,0.99886,0.99427,0.99717,0.94151,0.95527,1.0114,1.0092,1.0039,0.99127,1.0058,1.002,0.99532,1.0076,1.016,1.017,1.0409,0.986,1.0147,1.0407,1.0353,1.0152,1.054,1.045,1.0257,1.0488,1.0505,1.0419,0.99081,0.97254,1.0374,0.98325,1.0371,1.0265,1.0477,1.0438,1.0261,-0.34451,0.21883,-0.32825,1.0235,-1.1659,-1.2886,0.8347,-0.80302,-0.6122,0.49643,1.4269,0.68709,-2.8128,0.55957,0.92843,0.80217,3.006,3.076,-6.2094,-0.06609,-0.059977,2.8894,2.1509,2.0249,-1.6929,1.8595,0.98547,0.74714,-0.70901,-1.1097,0.64584,1.0871,0.96036,0.85982,0.074619,0.6608,-0.62133,0.56626,-1.0812,0.54985,1.2353,0.56294,0.53116,0.43746,0.84284,-0.58373,4.311,14.405,-10.625,-20.857,6.3139
1.2755,1.2775,1.2759,1.2748,1.2777,1.2762,1.2768,1.2749,1.277,1.2763,59.878,59.936,59.89,59.903,59.934,59.951,59.907,59.893,59.861,60.029,60.001,59.998,60.003,59.944,59.891,59.898,59.894,59.884,59.945,59.905,59.928,59.996,59.992,59.895,59.951,59.961,59.909,59.998,60.04,59.998,60.065,60.3,60.025,59.981,60.075,60.12,60.056,60.149,59.846,1.4162,0,6.8679,0,-0.44849,0,0,0,0,0,1.4162,0,6.8679,0,-0.44849,0,0,0,0,0,0,0,0,0,0,0,0,0,0,0,0,0,0,0,0,0,0,0,0,0,0,0,0,0,1.4255,-3.536,0,0,0,0,0,0,0,0,0,0,0,0,0,1.0461,1.045,1.0221,0.99886,0.99427,0.99717,0.94151,0.95527,1.0114,1.0092,1.0039,0.99127,1.0058,1.002,0.99532,1.0076,1.016,1.017,1.0409,0.986,1.0147,1.0407,1.0353,1.0152,1.054,1.045,1.0257,1.0488,1.0505,1.0419,0.99081,0.97254,1.0374,0.98325,1.0371,1.0265,1.0477,1.0438,1.0261,-0.34451,0.21882,-0.32825,1.0233,-1.1657,-1.2886,0.83468,-0.80296,-0.61222,0.49637,1.4267,0.68697,-2.8129,0.55953,0.92842,0.80218,3.006,3.0759,-6.2093,-0.066081,-0.059978,2.8894,2.1509,2.0249,-1.6929,1.8594,0.98547,0.74713,-0.70897,-1.1097,0.64567,1.0873,0.96054,0.85981,0.074557,0.66077,-0.62131,0.56638,-1.0812,0.54981,1.2353,0.56295,0.53117,0.43745,0.84283,-0.58361,4.311,14.405,-10.625,-20.857,6.3139
1.2756,1.2774,1.2759,1.2749,1.2776,1.2762,1.2768,1.275,1.277,1.2763,60.005,60.063,60.018,60.03,60.062,60.078,60.034,60.021,59.989,60.156,60.129,60.126,60.131,60.072,60.018,60.025,60.021,60.012,60.073,60.033,60.056,60.123,60.119,60.023,60.079,60.089,60.037,60.126,60.168,60.125,60.192,60.428,60.152,60.109,60.203,60.248,60.184,60.277,59.974,1.4162,0,6.8679,0,-0.44849,0,0,0,0,0,1.4162,0,6.8679,0,-0.44849,0,0,0,0,0,0,0,0,0,0,0,0,0,0,0,0,0,0,0,0,0,0,0,0,0,0,0,0,0,1.4255,-3.536,0,0,0,0,0,0,0,0,0,0,0,0,0,1.0461,1.045,1.0221,0.99886,0.99427,0.99717,0.94151,0.95527,1.0114,1.0092,1.0039,0.99127,1.0058,1.002,0.99532,1.0076,1.016,1.017,1.0409,0.986,1.0147,1.0407,1.0353,1.0152,1.054,1.045,1.0257,1.0488,1.0505,1.0419,0.99081,0.97254,1.0374,0.98325,1.0371,1.0265,1.0477,1.0438,1.0261,-0.34451,0.21881,-0.32826,1.0231,-1.1655,-1.2886,0.83465,-0.80288,-0.61225,0.49629,1.4265,0.68683,-2.813,0.55949,0.9284,0.80219,3.0061,3.0759,-6.2092,-0.06607,-0.059978,2.8894,2.1509,2.0249,-1.6928,1.8593,0.98547,0.74711,-0.70894,-1.1097,0.64547,1.0874,0.96076,0.85979,0.074483,0.66074,-0.62129,0.56652,-1.0811,0.54975,1.2353,0.56296,0.53118,0.43743,0.84281,-0.58347,4.311,14.405,-10.625,-20.857,6.3139
1.2756,1.2773,1.2759,1.2751,1.2775,1.2762,1.2768,1.2751,1.2769,1.2763,60.133,60.191,60.145,60.158,60.19,60.206,60.162,60.148,60.117,60.284,60.257,60.254,60.258,60.2,60.146,60.153,60.149,60.139,60.2,60.161,60.183,60.251,60.247,60.151,60.207,60.217,60.164,60.254,60.296,60.253,60.32,60.555,60.28,60.236,60.331,60.375,60.311,60.405,60.101,1.4162,0,6.8679,0,-0.44849,0,0,0,0,0,1.4162,0,6.8679,0,-0.44849,0,0,0,0,0,0,0,0,0,0,0,0,0,0,0,0,0,0,0,0,0,0,0,0,0,0,0,0,0,1.4255,-3.536,0,0,0,0,0,0,0,0,0,0,0,0,0,1.0461,1.045,1.0221,0.99886,0.99427,0.99717,0.94151,0.95527,1.0114,1.0092,1.0039,0.99127,1.0058,1.002,0.99532,1.0076,1.016,1.017,1.0409,0.986,1.0147,1.0407,1.0353,1.0152,1.054,1.045,1.0257,1.0488,1.0505,1.0419,0.99081,0.97254,1.0374,0.98325,1.0371,1.0265,1.0477,1.0438,1.0261,-0.34451,0.21879,-0.32826,1.0228,-1.1652,-1.2886,0.83463,-0.8028,-0.61228,0.49619,1.4262,0.68667,-2.8132,0.55945,0.92839,0.8022,3.0062,3.0758,-6.209,-0.066056,-0.059979,2.8894,2.1508,2.0248,-1.6927,1.8592,0.98548,0.74709,-0.7089,-1.1096,0.64522,1.0876,0.96103,0.85978,0.074398,0.6607,-0.62127,0.56669,-1.0811,0.54968,1.2353,0.56298,0.53119,0.43742,0.8428,-0.5833,4.311,14.405,-10.625,-20.857,6.3139
1.2757,1.2772,1.276,1.2752,1.2774,1.2762,1.2767,1.2752,1.2769,1.2763,60.261,60.318,60.273,60.285,60.317,60.334,60.289,60.276,60.244,60.411,60.384,60.381,60.386,60.327,60.274,60.281,60.277,60.267,60.328,60.288,60.311,60.379,60.374,60.278,60.334,60.344,60.292,60.381,60.423,60.38,60.447,60.683,60.407,60.364,60.458,60.503,60.439,60.532,60.229,1.4162,0,6.8679,0,-0.44849,0,0,0,0,0,1.4162,0,6.8679,0,-0.44849,0,0,0,0,0,0,0,0,0,0,0,0,0,0,0,0,0,0,0,0,0,0,0,0,0,0,0,0,0,1.4255,-3.536,0,0,0,0,0,0,0,0,0,0,0,0,0,1.0461,1.045,1.0221,0.99886,0.99427,0.99717,0.94151,0.95527,1.0114,1.0092,1.0039,0.99127,1.0058,1.002,0.99532,1.0076,1.016,1.017,1.0409,0.986,1.0147,1.0407,1.0353,1.0152,1.054,1.045,1.0257,1.0488,1.0505,1.0419,0.99081,0.97254,1.0374,0.98325,1.0371,1.0265,1.0477,1.0438,1.0261,-0.34451,0.21877,-0.32826,1.0225,-1.1649,-1.2886,0.8346,-0.80269,-0.61232,0.49609,1.4258,0.68647,-2.8134,0.55939,0.92837,0.80221,3.0062,3.0757,-6.2089,-0.066041,-0.059981,2.8893,2.1508,2.0248,-1.6926,1.8591,0.98548,0.74707,-0.70885,-1.1096,0.64493,1.0879,0.96133,0.85976,0.074302,0.66065,-0.62124,0.56688,-1.081,0.54959,1.2353,0.563,0.5312,0.4374,0.84279,-0.58312,4.311,14.405,-10.625,-20.857,6.3139
1.2757,1.2771,1.276,1.2754,1.2772,1.2762,1.2766,1.2754,1.2768,1.2763,60.388,60.446,60.401,60.413,60.445,60.461,60.417,60.404,60.372,60.539,60.512,60.509,60.513,60.455,60.401,60.408,60.404,60.395,60.456,60.416,60.438,60.506,60.502,60.406,60.462,60.472,60.42,60.509,60.551,60.508,60.575,60.811,60.535,60.491,60.586,60.631,60.567,60.66,60.356,1.4162,0,6.8679,0,-0.44849,0,0,0,0,0,1.4162,0,6.8679,0,-0.44849,0,0,0,0,0,0,0,0,0,0,0,0,0,0,0,0,0,0,0,0,0,0,0,0,0,0,0,0,0,1.4255,-3.536,0,0,0,0,0,0,0,0,0,0,0,0,0,1.0461,1.045,1.0221,0.99886,0.99427,0.99717,0.94151,0.95527,1.0114,1.0092,1.0039,0.99127,1.0058,1.002,0.99532,1.0076,1.016,1.017,1.0409,0.986,1.0147,1.0407,1.0353,1.0152,1.054,1.045,1.0257,1.0488,1.0505,1.0419,0.99081,0.97254,1.0374,0.98325,1.0371,1.0265,1.0477,1.0438,1.0261,-0.34451,0.21875,-0.32826,1.0222,-1.1645,-1.2886,0.83457,-0.80257,-0.61236,0.49597,1.4255,0.68626,-2.8136,0.55933,0.92834,0.80222,3.0063,3.0756,-6.2088,-0.066024,-0.059982,2.8893,2.1508,2.0248,-1.6926,1.859,0.98548,0.74705,-0.7088,-1.1096,0.64459,1.0881,0.96168,0.85974,0.074195,0.66059,-0.62121,0.5671,-1.0809,0.54949,1.2353,0.56302,0.53121,0.43739,0.84278,-0.58292,4.311,14.405,-10.625,-20.857,6.3139
1.2758,1.277,1.276,1.2755,1.277,1.2762,1.2766,1.2755,1.2767,1.2763,60.516,60.574,60.528,60.541,60.572,60.589,60.545,60.531,60.5,60.667,60.64,60.636,60.641,60.582,60.529,60.536,60.532,60.522,60.583,60.543,60.566,60.634,60.63,60.534,60.589,60.599,60.547,60.636,60.678,60.636,60.703,60.938,60.663,60.619,60.713,60.758,60.694,60.788,60.484,1.4162,0,6.8679,0,-0.44849,0,0,0,0,0,1.4162,0,6.8679,0,-0.44849,0,0,0,0,0,0,0,0,0,0,0,0,0,0,0,0,0,0,0,0,0,0,0,0,0,0,0,0,0,1.4255,-3.536,0,0,0,0,0,0,0,0,0,0,0,0,0,1.0461,1.045,1.0221,0.99886,0.99427,0.99717,0.94151,0.95527,1.0114,1.0092,1.0039,0.99127,1.0058,1.002,0.99532,1.0076,1.016,1.017,1.0409,0.986,1.0147,1.0407,1.0353,1.0152,1.054,1.045,1.0257,1.0488,1.0505,1.0419,0.99081,0.97254,1.0374,0.98325,1.0371,1.0265,1.0477,1.0438,1.0261,-0.34452,0.21874,-0.32826,1.0218,-1.1641,-1.2885,0.83453,-0.80244,-0.61241,0.49584,1.425,0.68602,-2.8139,0.55926,0.92832,0.80223,3.0064,3.0755,-6.2086,-0.066004,-0.059984,2.8892,2.1507,2.0247,-1.6924,1.8589,0.98548,0.74703,-0.70874,-1.1095,0.64422,1.0884,0.96207,0.85971,0.074076,0.66053,-0.62117,0.56735,-1.0808,0.54938,1.2353,0.56305,0.53123,0.43737,0.84276,-0.5827,4.311,14.405,-10.625,-20.857,6.3139
1.2759,1.2768,1.2761,1.2757,1.2768,1.2762,1.2765,1.2757,1.2766,1.2763,60.644,60.701,60.656,60.668,60.7,60.716,60.672,60.659,60.627,60.794,60.767,60.764,60.769,60.71,60.656,60.663,60.66,60.65,60.711,60.671,60.694,60.761,60.757,60.661,60.717,60.727,60.675,60.764,60.806,60.763,60.83,61.066,60.79,60.747,60.841,60.886,60.822,60.915,60.612,1.4162,0,6.8679,0,-0.44849,0,0,0,0,0,1.4162,0,6.8679,0,-0.44849,0,0,0,0,0,0,0,0,0,0,0,0,0,0,0,0,0,0,0,0,0,0,0,0,0,0,0,0,0,1.4255,-3.536,0,0,0,0,0,0,0,0,0,0,0,0,0,1.0461,1.045,1.0221,0.99886,0.99427,0.99717,0.94151,0.95527,1.0114,1.0092,1.0039,0.99127,1.0058,1.002,0.99532,1.0076,1.016,1.017,1.0409,0.986,1.0147,1.0407,1.0353,1.0152,1.054,1.045,1.0257,1.0488,1.0505,1.0419,0.99081,0.97254,1.0374,0.98325,1.0371,1.0265,1.0477,1.0438,1.0261,-0.34452,0.21871,-0.32825,1.0214,-1.1637,-1.2885,0.83449,-0.80229,-0.61246,0.49569,1.4245,0.68576,-2.8141,0.55919,0.92829,0.80224,3.0065,3.0753,-6.2084,-0.065983,-0.059986,2.8892,2.1507,2.0247,-1.6923,1.8587,0.98549,0.747,-0.70868,-1.1095,0.64381,1.0888,0.9625,0.85969,0.073946,0.66046,-0.62113,0.56762,-1.0807,0.54925,1.2353,0.56308,0.53125,0.43736,0.84275,-0.58245,4.311,14.405,-10.625,-20.857,6.3139
1.276,1.2767,1.2761,1.2759,1.2766,1.2763,1.2764,1.2759,1.2765,1.2763,60.771,60.829,60.783,60.796,60.828,60.844,60.8,60.786,60.755,60.922,60.895,60.892,60.896,60.838,60.784,60.791,60.787,60.777,60.839,60.799,60.821,60.889,60.885,60.789,60.845,60.855,60.803,60.892,60.934,60.891,60.958,61.193,60.918,60.874,60.969,61.013,60.95,61.043,60.739,1.4162,0,6.8679,0,-0.44849,0,0,0,0,0,1.4162,0,6.8679,0,-0.44849,0,0,0,0,0,0,0,0,0,0,0,0,0,0,0,0,0,0,0,0,0,0,0,0,0,0,0,0,0,1.4255,-3.536,0,0,0,0,0,0,0,0,0,0,0,0,0,1.0461,1.045,1.0221,0.99886,0.99427,0.99717,0.94151,0.95527,1.0114,1.0092,1.0039,0.99127,1.0058,1.002,0.99532,1.0076,1.016,1.017,1.0409,0.986,1.0147,1.0407,1.0353,1.0152,1.054,1.045,1.0257,1.0488,1.0505,1.0419,0.99081,0.97254,1.0374,0.98325,1.0371,1.0265,1.0477,1.0438,1.0261,-0.34453,0.21869,-0.32825,1.0209,-1.1632,-1.2885,0.83445,-0.80213,-0.61251,0.49553,1.424,0.68547,-2.8144,0.5591,0.92826,0.80226,3.0067,3.0752,-6.2082,-0.06596,-0.059988,2.8891,2.1506,2.0247,-1.6922,1.8585,0.9855,0.74697,-0.70861,-1.1095,0.64335,1.0891,0.96297,0.85966,0.073804,0.66039,-0.62109,0.56791,-1.0806,0.5491,1.2353,0.56312,0.53127,0.43734,0.84274,-0.58219,4.311,14.405,-10.625,-20.857,6.3139
1.2761,1.2765,1.2762,1.2762,1.2764,1.2763,1.2763,1.2761,1.2764,1.2763,60.899,60.957,60.911,60.924,60.955,60.972,60.928,60.914,60.883,61.05,61.022,61.019,61.024,60.965,60.912,60.919,60.915,60.905,60.966,60.926,60.949,61.017,61.013,60.916,60.972,60.982,60.93,61.019,61.061,61.019,61.086,61.321,61.046,61.002,61.096,61.141,61.077,61.17,60.867,1.4162,0,6.8679,0,-0.44849,0,0,0,0,0,1.4162,0,6.8679,0,-0.44849,0,0,0,0,0,0,0,0,0,0,0,0,0,0,0,0,0,0,0,0,0,0,0,0,0,0,0,0,0,1.4255,-3.536,0,0,0,0,0,0,0,0,0,0,0,0,0,1.0461,1.045,1.0221,0.99886,0.99427,0.99717,0.94151,0.95527,1.0114,1.0092,1.0039,0.99127,1.0058,1.002,0.99532,1.0076,1.016,1.017,1.0409,0.986,1.0147,1.0407,1.0353,1.0152,1.054,1.045,1.0257,1.0488,1.0505,1.0419,0.99081,0.97254,1.0374,0.98325,1.0371,1.0265,1.0477,1.0438,1.0261,-0.34454,0.21867,-0.32824,1.0204,-1.1627,-1.2885,0.83441,-0.80195,-0.61257,0.49536,1.4234,0.68515,-2.8148,0.55901,0.92823,0.80227,3.0068,3.0751,-6.208,-0.065935,-0.05999,2.8891,2.1505,2.0246,-1.6921,1.8584,0.9855,0.74694,-0.70854,-1.1094,0.64285,1.0895,0.96348,0.85964,0.073652,0.6603,-0.62105,0.56824,-1.0805,0.54895,1.2353,0.56316,0.5313,0.43732,0.84274,-0.5819,4.311,14.405,-10.625,-20.857,6.3139
1.2762,1.2763,1.2762,1.2764,1.2762,1.2763,1.2762,1.2763,1.2763,1.2763,61.026,61.084,61.039,61.051,61.083,61.099,61.055,61.042,61.01,61.177,61.15,61.147,61.152,61.093,61.039,61.046,61.042,61.033,61.094,61.054,61.077,61.144,61.14,61.044,61.1,61.11,61.058,61.147,61.189,61.146,61.213,61.449,61.173,61.13,61.224,61.269,61.205,61.298,60.995,1.4162,0,6.868,0,-0.44849,0,0,0,0,0,1.4162,0,6.8679,0,-0.44849,0,0,0,0,0,0,0,0,0,0,0,0,0,0,0,0,0,0,0,0,0,0,0,0,0,0,0,0,0,1.4255,-3.536,0,0,0,0,0,0,0,0,0,0,0,0,0,1.0461,1.045,1.0221,0.99886,0.99427,0.99717,0.94151,0.95527,1.0114,1.0092,1.0039,0.99127,1.0058,1.002,0.99532,1.0076,1.016,1.017,1.0409,0.986,1.0147,1.0407,1.0353,1.0152,1.054,1.045,1.0257,1.0488,1.0505,1.0419,0.99081,0.97254,1.0374,0.98325,1.0371,1.0265,1.0477,1.0438,1.0261,-0.34455,0.21865,-0.32823,1.0199,-1.1621,-1.2885,0.83436,-0.80176,-0.61263,0.49517,1.4228,0.68482,-2.8151,0.55892,0.92819,0.80229,3.0069,3.0749,-6.2077,-0.065907,-0.059993,2.889,2.1505,2.0246,-1.6919,1.8582,0.98551,0.74691,-0.70846,-1.1094,0.64231,1.0899,0.96404,0.85961,0.073487,0.66021,-0.621,0.56859,-1.0803,0.54877,1.2353,0.5632,0.53133,0.4373,0.84273,-0.58159,4.311,14.405,-10.625,-20.857,6.3139
