{
 "cells": [
  {
   "cell_type": "code",
   "execution_count": 23,
   "metadata": {},
   "outputs": [],
   "source": [
    "import pickle;\n",
    "import numpy as np;\n",
    "from numpy.linalg import pinv;\n",
    "from numpy.polynomial.legendre import legvander;\n",
    "import tensorflow as tf\n",
    "\n",
    "import control"
   ]
  },
  {
   "cell_type": "code",
   "execution_count": 24,
   "metadata": {},
   "outputs": [],
   "source": [
    "import matplotlib\n",
    "import matplotlib.pyplot as plt;\n",
    "matplotlib.rcParams.update({'font.size':20}) # default font size on (legible) figures\n",
    "colors =[[ 0.68627453,  0.12156863,  0.16470589],\n",
    "       [ 0.96862745,  0.84705883,  0.40000001],\n",
    "       [ 0.83137256,  0.53333336,  0.6156863 ],\n",
    "       [ 0.03529412,  0.01960784,  0.14509805],\n",
    "       [ 0.90980393,  0.59607846,  0.78039217],\n",
    "       [ 0.69803923,  0.87843138,  0.72941178],\n",
    "       [ 0.20784314,  0.81568629,  0.89411765]];\n",
    "\n",
    "colors = np.asarray(colors); # defines a color palette \n"
   ]
  },
  {
   "cell_type": "code",
   "execution_count": 54,
   "metadata": {},
   "outputs": [],
   "source": [
    "def load_pickle_data(file_path,has_control,has_output):\n",
    "        '''load pickle data file for deep Koopman dynamic mode decomposition. \n",
    "        Args: \n",
    "           file_path: \n",
    "\n",
    "        '''     \n",
    "        file_obj = open(file_path,'rb');\n",
    "        output_vec = pickle.load(file_obj);\n",
    "        print(type(output_vec))\n",
    "        Xp = None;\n",
    "        Xf = None;\n",
    "        Yp = None;\n",
    "        Yf = None;\n",
    "        Up = None;\n",
    "        \n",
    "        if type(output_vec) == list:\n",
    "          Xp = output_vec[0]; # list of baseline observables, len(Yp) = (n_samps-1) \n",
    "          Xf = output_vec[1]; # list of baseline observables, len(Yf) = (n_samps-1)\n",
    "          if has_control:\n",
    "            Up = output_vec[2];\n",
    "          if has_output:\n",
    "            Yp = output_vec[3];\n",
    "            Yf = output_vec[4]; \n",
    "            #print(Up[0:10]\n",
    "          if len(Xp)<2:\n",
    "            print(\"Warning: the time-series data provided has no more than 2 points.\")\n",
    "            \n",
    "        if type(output_vec) == dict:\n",
    "          Xp = output_vec['Xp'];\n",
    "          Xf = output_vec['Xf'];\n",
    "          Yp = output_vec['Yp'];\n",
    "          Yf = output_vec['Yf'];\n",
    "          if has_control:\n",
    "            Up = output_vec['Up'];\n",
    "          if has_output:\n",
    "            Yp = output_vec['Yp'];\n",
    "            Yf = output_vec['Yf']; \n",
    "          if len(Xp)<2:\n",
    "            print(\"Warning: the time-series data provided has no more than 2 points.\")\n",
    "    \n",
    "          \n",
    "        #print(\"DEBUG:\") + repr(len(output_vec));\n",
    "          \n",
    "\n",
    "        X_whole = [None]*(len(Xp)+1);\n",
    "        \n",
    "        for i in range(0,len(Xp)+1):\n",
    "            if i == len(Xp):\n",
    "                X_whole[i] = Xf[i-1];\n",
    "            else:\n",
    "                X_whole[i] = Xp[i];\n",
    "\n",
    "        X_whole = np.asarray(X_whole);\n",
    "        \n",
    "        return np.asarray(Xp),np.asarray(Xf),X_whole,Up,Yp,Yf"
   ]
  },
  {
   "cell_type": "code",
   "execution_count": null,
   "metadata": {},
   "outputs": [],
   "source": []
  },
  {
   "cell_type": "code",
   "execution_count": 26,
   "metadata": {},
   "outputs": [],
   "source": [
    "with_control = 1;\n",
    "\n",
    "sess = tf.InteractiveSession();\n",
    "\n",
    "saver = tf.train.import_meta_graph('incoherent_ff_loop.pickle.ckpt.meta')\n",
    "saver.restore(sess,tf.train.latest_checkpoint('./'));\n",
    "\n",
    "psiyp = tf.get_collection('psiyp')[0];\n",
    "psiyf = tf.get_collection('psiyf')[0];\n",
    "\n",
    "if with_control:\n",
    "    forward_prediction_control = tf.get_collection('forward_prediction_control')[0];\n",
    "else:\n",
    "    forward_prediction = tf.get_collection('forward_prediction')[0];\n",
    "    \n",
    "yp_feed = tf.get_collection('yp_feed')[0];\n",
    "yf_feed = tf.get_collection('yf_feed')[0];\n",
    "Kx = tf.get_collection('Kx')[0];\n",
    "Kx_num = sess.run(Kx);\n",
    "A = np.transpose(Kx_num); # Kx_num and Ku_num were defined using row multi. \n",
    "\n",
    "if with_control:\n",
    "    psiu = tf.get_collection('psiu')[0];\n",
    "    u_control = tf.get_collection('u_control')[0];\n",
    "    Ku = tf.get_collection('Ku')[0];\n",
    "    Ku_num = sess.run(Ku);\n",
    "    B = np.transpose(Ku_num);\n",
    "\n",
    "\n"
   ]
  },
  {
   "cell_type": "code",
   "execution_count": 27,
   "metadata": {},
   "outputs": [
    {
     "data": {
      "text/plain": [
       "array([[-0.02369508+0.04208969j, -0.02369508-0.04208969j,\n",
       "        -0.01731523-0.04855373j, -0.01731523+0.04855373j,\n",
       "         0.07543935+0.j        , -0.07006212-0.00856016j,\n",
       "        -0.07006212+0.00856016j,  0.06410325-0.01882213j,\n",
       "         0.06410325+0.01882213j,  0.06769864+0.14934605j,\n",
       "         0.06769864-0.14934605j, -0.00109428+0.02926941j,\n",
       "        -0.00109428-0.02926941j,  0.05520908+0.05615653j,\n",
       "         0.05520908-0.05615653j,  0.10942114+0.j        ,\n",
       "        -0.126038  +0.03179937j, -0.126038  -0.03179937j,\n",
       "         0.07233723+0.j        , -0.11649933+0.j        ,\n",
       "        -0.11409412+0.02300694j, -0.11409412-0.02300694j,\n",
       "         0.07450458+0.j        , -0.15859245+0.j        ,\n",
       "         0.08057181+0.j        ],\n",
       "       [-0.00600847+0.02487306j, -0.00600847-0.02487306j,\n",
       "        -0.03736554-0.12285201j, -0.03736554+0.12285201j,\n",
       "         0.06304701+0.j        , -0.03538285+0.00228292j,\n",
       "        -0.03538285-0.00228292j,  0.02851049+0.02109626j,\n",
       "         0.02851049-0.02109626j,  0.0920521 -0.12676537j,\n",
       "         0.0920521 +0.12676537j, -0.1126226 +0.13007857j,\n",
       "        -0.1126226 -0.13007857j, -0.05508761+0.10556087j,\n",
       "        -0.05508761-0.10556087j, -0.07672858+0.j        ,\n",
       "         0.16034213-0.03757018j,  0.16034213+0.03757018j,\n",
       "         0.11538325+0.j        ,  0.1327844 +0.j        ,\n",
       "        -0.2197233 +0.08067774j, -0.2197233 -0.08067774j,\n",
       "         0.11819146+0.j        ,  0.18237042+0.j        ,\n",
       "        -0.11177562+0.j        ],\n",
       "       [-0.08197279-0.10194746j, -0.08197279+0.10194746j,\n",
       "         0.1855528 +0.10585456j,  0.1855528 -0.10585456j,\n",
       "         0.180081  +0.j        ,  0.08978615+0.06978615j,\n",
       "         0.08978615-0.06978615j,  0.13144636-0.05690784j,\n",
       "         0.13144636+0.05690784j, -0.11875883+0.12033711j,\n",
       "        -0.11875883-0.12033711j, -0.03243375+0.03492599j,\n",
       "        -0.03243375-0.03492599j, -0.1482734 -0.04191528j,\n",
       "        -0.1482734 +0.04191528j, -0.1878953 +0.j        ,\n",
       "         0.12879582-0.09103712j,  0.12879582+0.09103712j,\n",
       "         0.2559578 +0.j        ,  0.35650772+0.j        ,\n",
       "        -0.15193921-0.01339605j, -0.15193921+0.01339605j,\n",
       "         0.26616332+0.j        ,  0.3989909 +0.j        ,\n",
       "        -0.36368537+0.j        ],\n",
       "       [ 0.03276636+0.01921678j,  0.03276636-0.01921678j,\n",
       "        -0.02543431-0.0048987j , -0.02543431+0.0048987j ,\n",
       "        -0.01208338+0.j        , -0.09272469+0.01004818j,\n",
       "        -0.09272469-0.01004818j,  0.1201152 +0.02856509j,\n",
       "         0.1201152 -0.02856509j, -0.00615685-0.00316904j,\n",
       "        -0.00615685+0.00316904j,  0.00967606+0.02284948j,\n",
       "         0.00967606-0.02284948j, -0.04781616-0.01963562j,\n",
       "        -0.04781616+0.01963562j, -0.01900292+0.j        ,\n",
       "         0.03326784-0.01294117j,  0.03326784+0.01294117j,\n",
       "         0.10463063+0.j        ,  0.08869991+0.j        ,\n",
       "        -0.15346947-0.03184293j, -0.15346947+0.03184293j,\n",
       "         0.03401709+0.j        , -0.01104591+0.j        ,\n",
       "        -0.11298008+0.j        ],\n",
       "       [-0.03723359+0.00337706j, -0.03723359-0.00337706j,\n",
       "         0.00286448-0.04904849j,  0.00286448+0.04904849j,\n",
       "         0.05097046+0.j        ,  0.00790688+0.00255622j,\n",
       "         0.00790688-0.00255622j, -0.00368033-0.02360041j,\n",
       "        -0.00368033+0.02360041j,  0.00716999+0.02979153j,\n",
       "         0.00716999-0.02979153j, -0.03261685+0.04647871j,\n",
       "        -0.03261685-0.04647871j,  0.02119276+0.0482225j ,\n",
       "         0.02119276-0.0482225j , -0.00643354+0.j        ,\n",
       "        -0.00407149-0.00411158j, -0.00407149+0.00411158j,\n",
       "        -0.02681044+0.j        , -0.05575847+0.j        ,\n",
       "         0.02170373-0.01998304j,  0.02170373+0.01998304j,\n",
       "        -0.01635303+0.j        , -0.07443808+0.j        ,\n",
       "         0.11692288+0.j        ],\n",
       "       [ 0.349481  +0.1086886j ,  0.349481  -0.1086886j ,\n",
       "        -0.10450111-0.23618807j, -0.10450111+0.23618807j,\n",
       "         0.17866026+0.j        ,  0.12642069+0.15179302j,\n",
       "         0.12642069-0.15179302j,  0.25501657-0.02907777j,\n",
       "         0.25501657+0.02907777j,  0.02191201+0.07695919j,\n",
       "         0.02191201-0.07695919j, -0.13184251+0.08681989j,\n",
       "        -0.13184251-0.08681989j, -0.04191777-0.06832568j,\n",
       "        -0.04191777+0.06832568j, -0.1473165 +0.j        ,\n",
       "         0.09401517-0.05525409j,  0.09401517+0.05525409j,\n",
       "        -0.3482448 +0.j        ,  0.07639021+0.j        ,\n",
       "        -0.16326335-0.04097223j, -0.16326335+0.04097223j,\n",
       "         0.09245687+0.j        ,  0.06099863+0.j        ,\n",
       "        -0.06639785+0.j        ],\n",
       "       [-0.0622761 +0.23347367j, -0.0622761 -0.23347367j,\n",
       "         0.05787906-0.06772305j,  0.05787906+0.06772305j,\n",
       "        -0.32540956+0.j        , -0.3204648 -0.15009364j,\n",
       "        -0.3204648 +0.15009364j, -0.05238441+0.11537451j,\n",
       "        -0.05238441-0.11537451j,  0.03979018-0.16451018j,\n",
       "         0.03979018+0.16451018j,  0.04527259-0.35940316j,\n",
       "         0.04527259+0.35940316j,  0.25139508-0.09868968j,\n",
       "         0.25139508+0.09868968j,  0.19493505+0.j        ,\n",
       "        -0.00395247+0.05657227j, -0.00395247-0.05657227j,\n",
       "        -0.23702441+0.j        , -0.03315378+0.j        ,\n",
       "        -0.04236674-0.02019176j, -0.04236674+0.02019176j,\n",
       "        -0.04348669+0.j        , -0.05362719+0.j        ,\n",
       "         0.05624103+0.j        ],\n",
       "       [-0.13808464+0.06625834j, -0.13808464-0.06625834j,\n",
       "         0.18919128+0.00639697j,  0.18919128-0.00639697j,\n",
       "         0.05514298+0.j        ,  0.48402026+0.j        ,\n",
       "         0.48402026-0.j        , -0.01328403+0.14651199j,\n",
       "        -0.01328403-0.14651199j, -0.22081026-0.22356j   ,\n",
       "        -0.22081026+0.22356j   ,  0.01589311+0.02508128j,\n",
       "         0.01589311-0.02508128j,  0.11716124-0.04775299j,\n",
       "         0.11716124+0.04775299j,  0.09110463+0.j        ,\n",
       "         0.14434251-0.18429667j,  0.14434251+0.18429667j,\n",
       "        -0.13357654+0.j        ,  0.28297216+0.j        ,\n",
       "        -0.35728213-0.0146816j , -0.35728213+0.0146816j ,\n",
       "         0.43926063+0.j        ,  0.24885051+0.j        ,\n",
       "        -0.33132568+0.j        ],\n",
       "       [-0.02656921+0.17811659j, -0.02656921-0.17811659j,\n",
       "        -0.10822277-0.064827j  , -0.10822277+0.064827j  ,\n",
       "         0.17603458+0.j        , -0.28531516-0.1344679j ,\n",
       "        -0.28531516+0.1344679j ,  0.16501193-0.00267353j,\n",
       "         0.16501193+0.00267353j, -0.01619247+0.21224365j,\n",
       "        -0.01619247-0.21224365j,  0.17546949-0.20348458j,\n",
       "         0.17546949+0.20348458j, -0.01476219-0.29435965j,\n",
       "        -0.01476219+0.29435965j, -0.03487322+0.j        ,\n",
       "         0.50161123+0.j        ,  0.50161123-0.j        ,\n",
       "        -0.20995682+0.j        ,  0.41866893+0.j        ,\n",
       "        -0.36722246+0.01668136j, -0.36722246-0.01668136j,\n",
       "         0.22409995+0.j        ,  0.340291  +0.j        ,\n",
       "        -0.31137115+0.j        ],\n",
       "       [-0.0110827 +0.02623779j, -0.0110827 -0.02623779j,\n",
       "         0.12078808+0.14833686j,  0.12078808-0.14833686j,\n",
       "        -0.30140343+0.j        , -0.02806024-0.15740263j,\n",
       "        -0.02806024+0.15740263j, -0.20636243+0.01889079j,\n",
       "        -0.20636243-0.01889079j,  0.22313042-0.21533893j,\n",
       "         0.22313042+0.21533893j,  0.05396055-0.17408933j,\n",
       "         0.05396055+0.17408933j,  0.00075891+0.1515341j ,\n",
       "         0.00075891-0.1515341j ,  0.29402488+0.j        ,\n",
       "         0.06433831-0.06947767j,  0.06433831+0.06947767j,\n",
       "        -0.12078491+0.j        , -0.06260612+0.j        ,\n",
       "         0.04936182-0.05895653j,  0.04936182+0.05895653j,\n",
       "         0.09841909+0.j        , -0.09847169+0.j        ,\n",
       "         0.06446631+0.j        ],\n",
       "       [-0.00599097+0.11674193j, -0.00599097-0.11674193j,\n",
       "        -0.02811974+0.08257517j, -0.02811974-0.08257517j,\n",
       "         0.2817508 +0.j        ,  0.09106591+0.07165015j,\n",
       "         0.09106591-0.07165015j, -0.07194346-0.04099911j,\n",
       "        -0.07194346+0.04099911j,  0.17385055-0.00490549j,\n",
       "         0.17385055+0.00490549j,  0.11538603-0.17301932j,\n",
       "         0.11538603+0.17301932j,  0.03176912-0.14231922j,\n",
       "         0.03176912+0.14231922j,  0.08770101+0.j        ,\n",
       "        -0.02970887+0.06405439j, -0.02970887-0.06405439j,\n",
       "        -0.0046381 +0.j        , -0.10091988+0.j        ,\n",
       "        -0.03167428+0.05493757j, -0.03167428-0.05493757j,\n",
       "        -0.14640942+0.j        , -0.07162799+0.j        ,\n",
       "         0.13130192+0.j        ],\n",
       "       [ 0.13146386-0.13903622j,  0.13146386+0.13903622j,\n",
       "        -0.10055322+0.03421675j, -0.10055322-0.03421675j,\n",
       "         0.02224995+0.j        , -0.21199837+0.01617682j,\n",
       "        -0.21199837-0.01617682j,  0.12306666+0.02847707j,\n",
       "         0.12306666-0.02847707j,  0.20195948-0.20611985j,\n",
       "         0.20195948+0.20611985j, -0.0601204 +0.12310416j,\n",
       "        -0.0601204 -0.12310416j, -0.00757814+0.02462456j,\n",
       "        -0.00757814-0.02462456j,  0.21406204+0.j        ,\n",
       "        -0.02338909+0.0033907j , -0.02338909-0.0033907j ,\n",
       "         0.4430818 +0.j        ,  0.04433807+0.j        ,\n",
       "         0.18426947+0.02711719j,  0.18426947-0.02711719j,\n",
       "        -0.07176121+0.j        ,  0.08252916+0.j        ,\n",
       "        -0.02617662+0.j        ],\n",
       "       [-0.10863105+0.14200784j, -0.10863105-0.14200784j,\n",
       "        -0.03027944-0.16258693j, -0.03027944+0.16258693j,\n",
       "         0.01252853+0.j        ,  0.0832867 +0.07961001j,\n",
       "         0.0832867 -0.07961001j, -0.08953935+0.0221251j ,\n",
       "        -0.08953935-0.0221251j , -0.01547309+0.27299744j,\n",
       "        -0.01547309-0.27299744j, -0.38063642+0.j        ,\n",
       "        -0.38063642-0.j        , -0.47404408+0.j        ,\n",
       "        -0.47404408-0.j        , -0.71311384+0.j        ,\n",
       "         0.17824619+0.02327635j,  0.17824619-0.02327635j,\n",
       "         0.35100618+0.j        ,  0.33187103+0.j        ,\n",
       "        -0.2066464 -0.00840051j, -0.2066464 +0.00840051j,\n",
       "         0.26822108+0.j        ,  0.250316  +0.j        ,\n",
       "        -0.29541767+0.j        ],\n",
       "       [-0.17688222+0.21239553j, -0.17688222-0.21239553j,\n",
       "        -0.07393871-0.25085875j, -0.07393871+0.25085875j,\n",
       "         0.12420353+0.j        , -0.04848898-0.04911711j,\n",
       "        -0.04848898+0.04911711j,  0.2633166 -0.01267099j,\n",
       "         0.2633166 +0.01267099j, -0.07969064-0.06570306j,\n",
       "        -0.07969064+0.06570306j,  0.20437582+0.03389894j,\n",
       "         0.20437582-0.03389894j, -0.02479498-0.24115038j,\n",
       "        -0.02479498+0.24115038j, -0.02457277+0.j        ,\n",
       "        -0.26779047-0.00321082j, -0.26779047+0.00321082j,\n",
       "         0.2472702 +0.j        , -0.32089862+0.j        ,\n",
       "         0.32262138-0.02024627j,  0.32262138+0.02024627j,\n",
       "        -0.20216957+0.j        , -0.29272676+0.j        ,\n",
       "         0.28451064+0.j        ],\n",
       "       [ 0.01092242-0.19187637j,  0.01092242+0.19187637j,\n",
       "        -0.01762843+0.12246534j, -0.01762843-0.12246534j,\n",
       "        -0.22550765+0.j        ,  0.01434682-0.16754298j,\n",
       "         0.01434682+0.16754298j, -0.42525196+0.j        ,\n",
       "        -0.42525196-0.j        ,  0.35252008+0.j        ,\n",
       "         0.35252008-0.j        ,  0.14767891-0.3379657j ,\n",
       "         0.14767891+0.3379657j ,  0.15920511+0.00746411j,\n",
       "         0.15920511-0.00746411j,  0.14200728+0.j        ,\n",
       "        -0.0148133 +0.05717877j, -0.0148133 -0.05717877j,\n",
       "        -0.03961219+0.j        , -0.10035186+0.j        ,\n",
       "        -0.0118496 +0.03990271j, -0.0118496 -0.03990271j,\n",
       "        -0.17416824+0.j        , -0.11347889+0.j        ,\n",
       "         0.10531817+0.j        ],\n",
       "       [ 0.15386397+0.22373708j,  0.15386397-0.22373708j,\n",
       "        -0.08935443+0.04587832j, -0.08935443-0.04587832j,\n",
       "        -0.06771632+0.j        , -0.04912793-0.12882379j,\n",
       "        -0.04912793+0.12882379j, -0.18499044+0.24258669j,\n",
       "        -0.18499044-0.24258669j,  0.009951  -0.21426287j,\n",
       "         0.009951  +0.21426287j,  0.16543724-0.06065774j,\n",
       "         0.16543724+0.06065774j,  0.27786463-0.09090807j,\n",
       "         0.27786463+0.09090807j,  0.32146177+0.j        ,\n",
       "        -0.05215314-0.26890072j, -0.05215314+0.26890072j,\n",
       "        -0.11791046+0.j        ,  0.12338199+0.j        ,\n",
       "        -0.16515736+0.02260867j, -0.16515736-0.02260867j,\n",
       "         0.19265941+0.j        ,  0.24737805+0.j        ,\n",
       "        -0.208383  +0.j        ],\n",
       "       [ 0.17112865-0.0111767j ,  0.17112865+0.0111767j ,\n",
       "        -0.19673212+0.06534068j, -0.19673212-0.06534068j,\n",
       "         0.14636439+0.j        , -0.12476968+0.08725701j,\n",
       "        -0.12476968-0.08725701j,  0.12234674-0.04410391j,\n",
       "         0.12234674+0.04410391j,  0.11253569-0.03038818j,\n",
       "         0.11253569+0.03038818j, -0.1594469 +0.107934j  ,\n",
       "        -0.1594469 -0.107934j  ,  0.00928274-0.03987897j,\n",
       "         0.00928274+0.03987897j, -0.13552693+0.j        ,\n",
       "         0.16424139-0.09833131j,  0.16424139+0.09833131j,\n",
       "         0.0201603 +0.j        ,  0.0655601 +0.j        ,\n",
       "        -0.15480201-0.06350157j, -0.15480201+0.06350157j,\n",
       "         0.18752821+0.j        , -0.06094278+0.j        ,\n",
       "        -0.10462027+0.j        ],\n",
       "       [-0.43085143+0.j        , -0.43085143-0.j        ,\n",
       "         0.3480642 +0.j        ,  0.3480642 -0.j        ,\n",
       "        -0.13720348+0.j        ,  0.10814138-0.01304872j,\n",
       "         0.10814138+0.01304872j, -0.01382025+0.18072405j,\n",
       "        -0.01382025-0.18072405j,  0.23506467-0.0514736j ,\n",
       "         0.23506467+0.0514736j ,  0.21933293+0.19171323j,\n",
       "         0.21933293-0.19171323j,  0.30710703+0.10348121j,\n",
       "         0.30710703-0.10348121j,  0.207544  +0.j        ,\n",
       "         0.17935556-0.04939449j,  0.17935556+0.04939449j,\n",
       "        -0.18220633+0.j        ,  0.13235953+0.j        ,\n",
       "        -0.10679618+0.02884565j, -0.10679618-0.02884565j,\n",
       "         0.06636126+0.j        ,  0.14316906+0.j        ,\n",
       "        -0.10647923+0.j        ],\n",
       "       [-0.12566358-0.00146359j, -0.12566358+0.00146359j,\n",
       "        -0.22475211-0.22879362j, -0.22475211+0.22879362j,\n",
       "         0.05282804+0.j        ,  0.01372302+0.17287813j,\n",
       "         0.01372302-0.17287813j,  0.1919993 +0.02230612j,\n",
       "         0.1919993 -0.02230612j, -0.02033834+0.01906026j,\n",
       "        -0.02033834-0.01906026j,  0.06798451+0.01009397j,\n",
       "         0.06798451-0.01009397j,  0.02680512-0.25403118j,\n",
       "         0.02680512+0.25403118j, -0.06340095+0.j        ,\n",
       "         0.33217958-0.3537481j ,  0.33217958+0.3537481j ,\n",
       "        -0.18739009+0.j        ,  0.43312803+0.j        ,\n",
       "        -0.47973603+0.j        , -0.47973603-0.j        ,\n",
       "         0.52263045+0.j        ,  0.4301948 +0.j        ,\n",
       "        -0.46538848+0.j        ],\n",
       "       [ 0.15455297+0.00208598j,  0.15455297-0.00208598j,\n",
       "        -0.07748926-0.01882285j, -0.07748926+0.01882285j,\n",
       "         0.16684218+0.j        , -0.13804266-0.00918863j,\n",
       "        -0.13804266+0.00918863j, -0.07940985-0.17579225j,\n",
       "        -0.07940985+0.17579225j,  0.08182277-0.01822931j,\n",
       "         0.08182277+0.01822931j,  0.09165499-0.14733429j,\n",
       "         0.09165499+0.14733429j, -0.09202881-0.08225724j,\n",
       "        -0.09202881+0.08225724j, -0.1565759 +0.j        ,\n",
       "         0.07562033-0.03060205j,  0.07562033+0.03060205j,\n",
       "         0.08409255+0.j        ,  0.13582622+0.j        ,\n",
       "        -0.09604157-0.00785518j, -0.09604157+0.00785518j,\n",
       "         0.19803391+0.j        ,  0.0480851 +0.j        ,\n",
       "        -0.13958421+0.j        ],\n",
       "       [ 0.09190024-0.0896937j ,  0.09190024+0.0896937j ,\n",
       "        -0.2924031 +0.07870177j, -0.2924031 -0.07870177j,\n",
       "         0.09352827+0.j        ,  0.05578799-0.01675032j,\n",
       "         0.05578799+0.01675032j,  0.00697519+0.10050753j,\n",
       "         0.00697519-0.10050753j, -0.00091408-0.14131863j,\n",
       "        -0.00091408+0.14131863j, -0.1286193 -0.03594667j,\n",
       "        -0.1286193 +0.03594667j, -0.08555643+0.11176644j,\n",
       "        -0.08555643-0.11176644j, -0.06843888+0.j        ,\n",
       "         0.03413336-0.04491518j,  0.03413336+0.04491518j,\n",
       "         0.2072047 +0.j        ,  0.13838682+0.j        ,\n",
       "         0.01846007+0.00555314j,  0.01846007-0.00555314j,\n",
       "         0.11039402+0.j        ,  0.18423222+0.j        ,\n",
       "        -0.14184645+0.j        ],\n",
       "       [ 0.21138017-0.17930172j,  0.21138017+0.17930172j,\n",
       "        -0.06204709+0.33285323j, -0.06204709-0.33285323j,\n",
       "        -0.64376664+0.j        ,  0.17877077-0.04410804j,\n",
       "         0.17877077+0.04410804j, -0.10610608+0.16550784j,\n",
       "        -0.10610608-0.16550784j, -0.18008718-0.13987991j,\n",
       "        -0.18008718+0.13987991j,  0.0944828 -0.13852285j,\n",
       "         0.0944828 +0.13852285j, -0.02290287-0.17632689j,\n",
       "        -0.02290287+0.17632689j,  0.01080477+0.j        ,\n",
       "        -0.12568375+0.0381685j , -0.12568375-0.0381685j ,\n",
       "         0.05132952+0.j        , -0.1743142 +0.j        ,\n",
       "         0.03648743-0.00675626j,  0.03648743+0.00675626j,\n",
       "         0.02093481+0.j        , -0.22340101+0.j        ,\n",
       "         0.17602518+0.j        ],\n",
       "       [ 0.08659234+0.10148919j,  0.08659234-0.10148919j,\n",
       "        -0.02102306+0.17327128j, -0.02102306-0.17327128j,\n",
       "        -0.15699306+0.j        ,  0.16589285+0.04244245j,\n",
       "         0.16589285-0.04244245j,  0.3221257 -0.20029376j,\n",
       "         0.3221257 +0.20029376j,  0.00339876+0.123616j  ,\n",
       "         0.00339876-0.123616j  ,  0.07638215-0.09750134j,\n",
       "         0.07638215+0.09750134j, -0.05713371-0.20076095j,\n",
       "        -0.05713371+0.20076095j, -0.0036331 +0.j        ,\n",
       "        -0.01112069-0.15109068j, -0.01112069+0.15109068j,\n",
       "        -0.06391457+0.j        ,  0.07384725+0.j        ,\n",
       "        -0.09600932+0.04923048j, -0.09600932-0.04923048j,\n",
       "         0.06129752+0.j        ,  0.15556125+0.j        ,\n",
       "        -0.10445794+0.j        ],\n",
       "       [ 0.20337074+0.18665834j,  0.20337074-0.18665834j,\n",
       "        -0.08285086-0.16221099j, -0.08285086+0.16221099j,\n",
       "        -0.14635226+0.j        ,  0.023926  +0.02842579j,\n",
       "         0.023926  -0.02842579j, -0.07588923-0.10476585j,\n",
       "        -0.07588923+0.10476585j,  0.12573053+0.24474509j,\n",
       "         0.12573053-0.24474509j,  0.03283168-0.08740371j,\n",
       "         0.03283168+0.08740371j, -0.0476877 -0.01079461j,\n",
       "        -0.0476877 +0.01079461j,  0.09839552+0.j        ,\n",
       "         0.05455013+0.20549028j,  0.05455013-0.20549028j,\n",
       "         0.21762459+0.j        , -0.05921975+0.j        ,\n",
       "         0.09147925+0.0416048j ,  0.09147925-0.0416048j ,\n",
       "        -0.15684316+0.j        , -0.1029823 +0.j        ,\n",
       "         0.1205129 +0.j        ],\n",
       "       [ 0.12904151-0.00277916j,  0.12904151+0.00277916j,\n",
       "        -0.28831613+0.05166972j, -0.28831613-0.05166972j,\n",
       "         0.03811148+0.j        ,  0.37874207+0.16977978j,\n",
       "         0.37874207-0.16977978j,  0.14044683-0.23661529j,\n",
       "         0.14044683+0.23661529j, -0.16951385-0.05923426j,\n",
       "        -0.16951385+0.05923426j,  0.1627487 +0.1755791j ,\n",
       "         0.1627487 -0.1755791j ,  0.07789411-0.19571076j,\n",
       "         0.07789411+0.19571076j, -0.01173599+0.j        ,\n",
       "         0.07338133-0.06205589j,  0.07338133+0.06205589j,\n",
       "        -0.28519395+0.j        ,  0.16610101+0.j        ,\n",
       "        -0.2532847 -0.02663394j, -0.2532847 +0.02663394j,\n",
       "         0.21248613+0.j        ,  0.13456383+0.j        ,\n",
       "        -0.16823603+0.j        ]], dtype=complex64)"
      ]
     },
     "execution_count": 27,
     "metadata": {},
     "output_type": "execute_result"
    }
   ],
   "source": [
    "d\n"
   ]
  },
  {
   "cell_type": "code",
   "execution_count": 36,
   "metadata": {},
   "outputs": [
    {
     "name": "stdout",
     "output_type": "stream",
     "text": [
      "1.0432005\n",
      "[-0.11649933  0.1327844   0.35650772  0.08869991 -0.05575847  0.07639021\n",
      " -0.03315378  0.28297216  0.41866893 -0.06260612 -0.10091988  0.04433807\n",
      "  0.33187103 -0.32089862 -0.10035186  0.12338199  0.0655601   0.13235953\n",
      "  0.43312803  0.13582622  0.13838682 -0.1743142   0.07384725 -0.05921975\n",
      "  0.16610101]\n"
     ]
    },
    {
     "data": {
      "text/plain": [
       "array([[ 2.31209004e+02, -2.57633213e+02, -6.60659634e+02,\n",
       "        -9.06210211e+01,  1.26762461e+02, -1.14830772e+02,\n",
       "         8.02658929e+01, -4.76849866e+02, -6.52353445e+02,\n",
       "         1.39153799e+02,  1.66659719e+02, -1.09433411e+02,\n",
       "        -5.21067321e+02,  5.32539401e+02,  1.87925531e+02,\n",
       "        -3.16570596e+02, -3.00405975e+01, -2.32335876e+02,\n",
       "        -7.54734255e+02, -1.79835015e+02, -2.79607420e+02,\n",
       "         3.43121176e+02, -1.90976595e+02,  1.43786611e+02,\n",
       "        -2.64779520e+02],\n",
       "       [-2.57633213e+02,  2.90478854e+02,  7.42275776e+02,\n",
       "         1.00056716e+02, -1.43860692e+02,  1.29559022e+02,\n",
       "        -9.07515022e+01,  5.38117686e+02,  7.26694589e+02,\n",
       "        -1.55759995e+02, -1.87372288e+02,  1.21376520e+02,\n",
       "         5.81234019e+02, -5.96308417e+02, -2.12004368e+02,\n",
       "         3.62265545e+02,  3.30281347e+01,  2.59961369e+02,\n",
       "         8.50568241e+02,  2.00002150e+02,  3.14739569e+02,\n",
       "        -3.85158186e+02,  2.17699101e+02, -1.65797368e+02,\n",
       "         2.98094515e+02],\n",
       "       [-6.60659634e+02,  7.42275776e+02,  1.88783694e+03,\n",
       "         2.45059882e+02, -3.72919498e+02,  3.25799768e+02,\n",
       "        -2.34555032e+02,  1.36302192e+03,  1.83955764e+03,\n",
       "        -3.96239181e+02, -4.74562816e+02,  3.11815915e+02,\n",
       "         1.46533858e+03, -1.51029047e+03, -5.37731475e+02,\n",
       "         9.32397297e+02,  7.85735902e+01,  6.63875038e+02,\n",
       "         2.16159736e+03,  4.98809225e+02,  8.02759125e+02,\n",
       "        -9.86622104e+02,  5.60126053e+02, -4.24104500e+02,\n",
       "         7.49683497e+02],\n",
       "       [-9.06210211e+01,  1.00056716e+02,  2.45059882e+02,\n",
       "         6.16018478e+00, -5.85792993e+01,  3.31152369e+01,\n",
       "        -3.77497626e+01,  1.61156628e+02,  1.92160877e+02,\n",
       "        -5.88473527e+01, -5.53344518e+01,  4.94154918e+01,\n",
       "         1.54918859e+02, -1.72651598e+02, -7.05332233e+01,\n",
       "         1.55373650e+02, -2.04141881e+01,  8.10513225e+01,\n",
       "         2.65306542e+02,  3.86751543e+01,  1.12429308e+02,\n",
       "        -1.35701009e+02,  9.29949141e+01, -6.92950226e+01,\n",
       "         8.17905018e+01],\n",
       "       [ 1.26762461e+02, -1.43860692e+02, -3.72919498e+02,\n",
       "        -5.85792993e+01,  7.40737048e+01, -6.73559190e+01,\n",
       "         4.57003193e+01, -2.77865181e+02, -3.72026650e+02,\n",
       "         7.48038678e+01,  9.81067339e+01, -5.73613189e+01,\n",
       "        -2.98410976e+02,  3.03238637e+02,  1.06579106e+02,\n",
       "        -1.78740230e+02, -2.93736069e+01, -1.31171458e+02,\n",
       "        -4.35339808e+02, -1.07481875e+02, -1.55924351e+02,\n",
       "         1.92253205e+02, -1.06066802e+02,  8.35556352e+01,\n",
       "        -1.53137694e+02],\n",
       "       [-1.14830772e+02,  1.29559022e+02,  3.25799768e+02,\n",
       "         3.31152369e+01, -6.73559190e+01,  5.45661839e+01,\n",
       "        -4.23298097e+01,  2.29530926e+02,  2.99714323e+02,\n",
       "        -7.14431262e+01, -7.91618688e+01,  5.58976427e+01,\n",
       "         2.39978444e+02, -2.52538814e+02, -9.34610376e+01,\n",
       "         1.73967227e+02,  1.62853982e+00,  1.11407657e+02,\n",
       "         3.67008779e+02,  7.58953686e+01,  1.41441977e+02,\n",
       "        -1.72190646e+02,  1.03908945e+02, -7.89856336e+01,\n",
       "         1.25026598e+02],\n",
       "       [ 8.02658929e+01, -9.07515022e+01, -2.34555032e+02,\n",
       "        -3.77497626e+01,  4.57003193e+01, -4.23298097e+01,\n",
       "         2.85732138e+01, -1.73473288e+02, -2.38984223e+02,\n",
       "         4.78967462e+01,  6.14901786e+01, -3.65601962e+01,\n",
       "        -1.91216503e+02,  1.93456304e+02,  6.66184035e+01,\n",
       "        -1.06871840e+02, -1.84996318e+01, -8.31783899e+01,\n",
       "        -2.71968512e+02, -6.93332032e+01, -9.79271165e+01,\n",
       "         1.20548020e+02, -6.43206149e+01,  4.92086874e+01,\n",
       "        -9.64498659e+01],\n",
       "       [-4.76849866e+02,  5.38117686e+02,  1.36302192e+03,\n",
       "         1.61156628e+02, -2.77865181e+02,  2.29530926e+02,\n",
       "        -1.73473288e+02,  9.77511487e+02,  1.29466948e+03,\n",
       "        -2.91089410e+02, -3.38956908e+02,  2.27955622e+02,\n",
       "         1.03495605e+03, -1.07569290e+03, -3.89438461e+02,\n",
       "         6.96869431e+02,  3.81039282e+01,  4.74611855e+02,\n",
       "         1.55083315e+03,  3.43508496e+02,  5.84434639e+02,\n",
       "        -7.16194501e+02,  4.17080400e+02, -3.16763832e+02,\n",
       "         5.33105053e+02],\n",
       "       [-6.52353445e+02,  7.26694589e+02,  1.83955764e+03,\n",
       "         1.92160877e+02, -3.72026650e+02,  2.99714323e+02,\n",
       "        -2.38984223e+02,  1.29466948e+03,  1.71111547e+03,\n",
       "        -4.02958856e+02, -4.49097975e+02,  3.24058350e+02,\n",
       "         1.37230220e+03, -1.42985153e+03, -5.26867831e+02,\n",
       "         9.60287284e+02,  1.23143680e+01,  6.35121688e+02,\n",
       "         2.06942862e+03,  4.42289287e+02,  7.97361102e+02,\n",
       "        -9.69926460e+02,  5.78443741e+02, -4.33586335e+02,\n",
       "         7.04283779e+02],\n",
       "       [ 1.39153799e+02, -1.55759995e+02, -3.96239181e+02,\n",
       "        -5.88473527e+01,  7.48038678e+01, -7.14431262e+01,\n",
       "         4.78967462e+01, -2.91089410e+02, -4.02958856e+02,\n",
       "         8.04874759e+01,  1.01420431e+02, -6.35929750e+01,\n",
       "        -3.17798102e+02,  3.24483619e+02,  1.12293908e+02,\n",
       "        -1.86645915e+02, -2.66738540e+01, -1.42682050e+02,\n",
       "        -4.61780166e+02, -1.12755191e+02, -1.66231011e+02,\n",
       "         2.06012819e+02, -1.12984281e+02,  8.51980255e+01,\n",
       "        -1.61640378e+02],\n",
       "       [ 1.66659719e+02, -1.87372288e+02, -4.74562816e+02,\n",
       "        -5.53344518e+01,  9.81067339e+01, -7.91618688e+01,\n",
       "         6.14901786e+01, -3.38956908e+02, -4.49097975e+02,\n",
       "         1.01420431e+02,  1.18918246e+02, -8.05709965e+01,\n",
       "        -3.58939088e+02,  3.73601063e+02,  1.35350096e+02,\n",
       "        -2.43583873e+02, -1.27381859e+01, -1.65174634e+02,\n",
       "        -5.39382667e+02, -1.19250436e+02, -2.04325588e+02,\n",
       "         2.50003034e+02, -1.45890582e+02,  1.10590334e+02,\n",
       "        -1.84079545e+02],\n",
       "       [-1.09433411e+02,  1.21376520e+02,  3.11815915e+02,\n",
       "         4.94154918e+01, -5.73613189e+01,  5.58976427e+01,\n",
       "        -3.65601962e+01,  2.27955622e+02,  3.24058350e+02,\n",
       "        -6.35929750e+01, -8.05709965e+01,  5.12520648e+01,\n",
       "         2.56789368e+02, -2.58920098e+02, -8.80797208e+01,\n",
       "         1.37617837e+02,  2.27543041e+01,  1.12301046e+02,\n",
       "         3.60251849e+02,  9.29758245e+01,  1.30379209e+02,\n",
       "        -1.60816140e+02,  8.40915364e+01, -6.14822945e+01,\n",
       "         1.27821902e+02],\n",
       "       [-5.21067321e+02,  5.81234019e+02,  1.46533858e+03,\n",
       "         1.54918859e+02, -2.98410976e+02,  2.39978444e+02,\n",
       "        -1.91216503e+02,  1.03495605e+03,  1.37230220e+03,\n",
       "        -3.17798102e+02, -3.58939088e+02,  2.56789368e+02,\n",
       "         1.09553531e+03, -1.14290284e+03, -4.19064166e+02,\n",
       "         7.63483470e+02,  1.73172601e+01,  5.09722045e+02,\n",
       "         1.65584376e+03,  3.54668662e+02,  6.34512220e+02,\n",
       "        -7.74783655e+02,  4.59796412e+02, -3.43874042e+02,\n",
       "         5.60857303e+02],\n",
       "       [ 5.32539401e+02, -5.96308417e+02, -1.51029047e+03,\n",
       "        -1.72651598e+02,  3.03238637e+02, -2.52538814e+02,\n",
       "         1.93456304e+02, -1.07569290e+03, -1.42985153e+03,\n",
       "         3.24483619e+02,  3.73601063e+02, -2.58920098e+02,\n",
       "        -1.14290284e+03,  1.18784033e+03,  4.31743979e+02,\n",
       "        -7.74827445e+02, -3.19552775e+01, -5.25529670e+02,\n",
       "        -1.71412640e+03, -3.77347408e+02, -6.50265980e+02,\n",
       "         7.93567785e+02, -4.65951641e+02,  3.51976981e+02,\n",
       "        -5.87452831e+02],\n",
       "       [ 1.87925531e+02, -2.12004368e+02, -5.37731475e+02,\n",
       "        -7.05332233e+01,  1.06579106e+02, -9.34610376e+01,\n",
       "         6.66184035e+01, -3.89438461e+02, -5.26867831e+02,\n",
       "         1.12293908e+02,  1.35350096e+02, -8.80797208e+01,\n",
       "        -4.19064166e+02,  4.31743979e+02,  1.53619989e+02,\n",
       "        -2.63717970e+02, -2.41497713e+01, -1.89512208e+02,\n",
       "        -6.16664356e+02, -1.42967321e+02, -2.28386180e+02,\n",
       "         2.80967915e+02, -1.58480664e+02,  1.19500381e+02,\n",
       "        -2.14046839e+02],\n",
       "       [-3.16570596e+02,  3.62265545e+02,  9.32397297e+02,\n",
       "         1.55373650e+02, -1.78740230e+02,  1.73967227e+02,\n",
       "        -1.06871840e+02,  6.96869431e+02,  9.60287284e+02,\n",
       "        -1.86645915e+02, -2.43583873e+02,  1.37617837e+02,\n",
       "         7.63483470e+02, -7.74827445e+02, -2.63717970e+02,\n",
       "         4.24726812e+02,  8.15486072e+01,  3.32300829e+02,\n",
       "         1.08872027e+03,  2.76848879e+02,  3.85334420e+02,\n",
       "        -4.79276109e+02,  2.52493825e+02, -1.95681361e+02,\n",
       "         3.90694147e+02],\n",
       "       [-3.00405975e+01,  3.30281347e+01,  7.85735902e+01,\n",
       "        -2.04141881e+01, -2.93736069e+01,  1.62853982e+00,\n",
       "        -1.84996318e+01,  3.81039282e+01,  1.23143680e+01,\n",
       "        -2.66738540e+01, -1.27381859e+01,  2.27543041e+01,\n",
       "         1.73172601e+01, -3.19552775e+01, -2.41497713e+01,\n",
       "         8.15486072e+01, -3.48879479e+01,  1.78388566e+01,\n",
       "         6.73432143e+01, -1.11439176e+01,  4.34037636e+01,\n",
       "        -4.83280212e+01,  4.73146278e+01, -3.62116818e+01,\n",
       "         1.30507714e+01],\n",
       "       [-2.32335876e+02,  2.59961369e+02,  6.63875038e+02,\n",
       "         8.10513225e+01, -1.31171458e+02,  1.11407657e+02,\n",
       "        -8.31783899e+01,  4.74611855e+02,  6.35121688e+02,\n",
       "        -1.42682050e+02, -1.65174634e+02,  1.12301046e+02,\n",
       "         5.09722045e+02, -5.25529670e+02, -1.89512208e+02,\n",
       "         3.32300829e+02,  1.78388566e+01,  2.31335799e+02,\n",
       "         7.52681688e+02,  1.70837929e+02,  2.83862700e+02,\n",
       "        -3.46973599e+02,  2.00199895e+02, -1.51432443e+02,\n",
       "         2.60946556e+02],\n",
       "       [-7.54734255e+02,  8.50568241e+02,  2.16159736e+03,\n",
       "         2.65306542e+02, -4.35339808e+02,  3.67008779e+02,\n",
       "        -2.71968512e+02,  1.55083315e+03,  2.06942862e+03,\n",
       "        -4.61780166e+02, -5.39382667e+02,  3.60251849e+02,\n",
       "         1.65584376e+03, -1.71412640e+03, -6.16664356e+02,\n",
       "         1.08872027e+03,  6.73432143e+01,  7.52681688e+02,\n",
       "         2.45897090e+03,  5.54136592e+02,  9.24295637e+02,\n",
       "        -1.13234996e+03,  6.52661881e+02, -4.94954211e+02,\n",
       "         8.50380949e+02],\n",
       "       [-1.79835015e+02,  2.00002150e+02,  4.98809225e+02,\n",
       "         3.86751543e+01, -1.07481875e+02,  7.58953686e+01,\n",
       "        -6.93332032e+01,  3.43508496e+02,  4.42289287e+02,\n",
       "        -1.12755191e+02, -1.19250436e+02,  9.29758245e+01,\n",
       "         3.54668662e+02, -3.77347408e+02, -1.42967321e+02,\n",
       "         2.76848879e+02, -1.11439176e+01,  1.70837929e+02,\n",
       "         5.54136592e+02,  1.07974810e+02,  2.20998002e+02,\n",
       "        -2.67591778e+02,  1.66916869e+02, -1.23563448e+02,\n",
       "         1.82557887e+02],\n",
